step,node,type,q_pred,q_pred_context,q_pred_type_context,q_pred_lcb_context,q_pred_context_lcb,score_pred,reward_pred,reward_pred_context,reward_pred_type_context,fc_pred,pattern_pred,return_pred,guarded_reward,guarded_reward_context,hard_reduction_total_pred,hard_reduction_sa0_pred,hard_reduction_sa1_pred,derived_hard_count_pre_total_pred,derived_hard_count_pre_sa0_pred,derived_hard_count_pre_sa1_pred,derived_hard_count_post_total_pred,derived_hard_count_post_sa0_pred,derived_hard_count_post_sa1_pred,derived_hard_reduction_total_pred,derived_hard_reduction_sa0_pred,derived_hard_reduction_sa1_pred,derived_hard_reduction_hybrid_pred,hybrid_pred,hybrid_pred_context,bounded_residual_hybrid_pred,bounded_residual_hybrid_pred_context,consensus_pred_context,consensus_pred_type_context,step_value,sequence_score,lookahead_score,planner,score_adjusted,diversity_penalty,candidate_strategy
1,N1180,control1,1.888105869293213,2.6944184586405755,2.686364150047302,0.40358252957463264,1.7513719981163742,1.888105869293213,0.7165921926498413,2.429273049533367,2.292815041542053,0.007165921926498413,0.4242992699146271,0.04669535160064697,0.04669535160064697,1.0967407608032227,0.09646204859018326,0.21926899254322052,0.07132157683372498,98506.4375,39555.2421875,58951.19140625,102295.140625,42907.65234375,59387.484375,-0.03846147656440735,-0.08475261181592941,-0.007400918751955032,-3.846147656440735,10.409492403268814,2.0535875472426417,9.837026745080948,1.9485891970992089,2.5084624707698824,2.6728066048026085,2.6944184586405755,2.6944184586405755,2.6944184586405755,greedy,2.6944184586405755,0.0,hard_fault_cluster
2,N2076,observe,1.73880136013031,1.6337645046412943,1.3543980717658997,0.23168287225067616,1.0619469280168414,1.73880136013031,0.7253575921058655,1.470719089359045,1.229570895433426,0.007253575921058655,0.3971996605396271,0.035968899726867676,0.035968899726867676,0.1337718242406845,0.09518826007843018,0.20070020854473114,0.06828666478395462,102299.25,42914.171875,59385.08203125,103709.7109375,44340.7734375,59368.9375,-0.013787598349153996,-0.03324313461780548,0.0002718617324717343,-1.3787598349153996,10.28015249967575,1.6656479340791703,9.7091576308012,1.6353959423303603,1.457913413643837,1.2715879593789579,1.6337645046412943,4.32818296328187,4.32818296328187,greedy,1.6337645046412943,0.0,hard_fault_cluster
3,N2075,observe,1.741011619567871,2.8301740242168307,2.4451284766197205,0.39002441914752123,1.83961311574094,1.741011619567871,0.7238537073135376,2.583368084300309,2.100260841846466,0.007238537073135376,0.4032433032989502,0.03266780823469162,0.03266780823469162,0.0033926692418753124,0.09323760122060776,0.1973198801279068,0.06720321625471115,103709.734375,44340.796875,59368.9375,103994.203125,44684.4765625,59309.73046875,-0.0027429319452494383,-0.007750868331640959,0.0009972729021683335,-0.27429319452494383,10.080281637609005,3.117625944130123,9.512890500947833,2.9336429281160235,2.597089444380254,2.311362966108136,2.8301740242168307,7.158356987498701,7.158356987498701,greedy,2.8301740242168307,0.0,hard_fault_cluster
4,N3076,control0,1.0658665895462036,1.1110278144478798,1.1433537185192106,0.23837017431855198,0.7221680793911219,1.0658665895462036,0.5747243165969849,0.8424055701494217,0.3435144960880279,0.005747243165969849,0.4044248163700104,0.03906964510679245,0.03906964510679245,1.0199817891418934,0.08237312734127045,0.18573343753814697,0.05551696941256523,103992.4765625,44678.703125,59313.7734375,103296.390625,43971.6484375,59324.73828125,0.00669361837208271,0.015825318172574043,-0.00018486168119125068,0.669361837208271,8.851106695830822,0.9237515020370484,8.390761224552989,0.9237515020370484,0.8510027289390564,0.9213986940681935,1.1110278144478798,8.26938480194658,8.26938480194658,greedy,1.1110278144478798,0.0,hard_fault_cluster
5,N2077,observe,1.347231149673462,1.4980052076280117,1.504097807407379,0.12616003610193732,0.9737033849582076,1.347231149673462,0.6364718675613403,1.3410521838814018,1.3202340245246886,0.006364718675613403,0.40591108798980713,0.036266982555389404,0.036266982555389404,-0.7387769011408091,0.08603431284427643,0.18846027553081512,0.05971213057637215,103299.234375,43977.94140625,59321.29296875,103570.2890625,44292.3828125,59277.90625,-0.002623975742608309,-0.007149979937821627,0.0007313852547667921,-0.2623975742608309,9.276170134544373,1.4362720941007137,8.771615996956825,1.4123006556928157,1.46796317063272,1.5660436647199094,1.4980052076280117,9.767390009574592,9.767390009574592,greedy,1.4980052076280117,0.0,hard_fault_cluster
6,N6272,control0,1.04653000831604,0.8661776110529901,0.8264374136924744,0.12632829293608666,0.5630154471844435,1.04653000831604,0.5917555689811707,0.8899777188897132,0.7886877477169036,0.005917555689811707,0.40306568145751953,0.03874713182449341,0.03874713182449341,-0.3045497471094132,0.07145881652832031,0.17757724225521088,0.0482923798263073,103570.71875,44292.83203125,59277.890625,102830.4296875,43656.7265625,59173.703125,0.007147667463868856,0.014361363835632801,0.0017576114041730762,0.7147667463868856,7.776384353637695,0.9811648207902908,7.303507328033447,1.0027772027254105,0.9655765727162361,0.972360880561173,0.8661776110529901,10.633567620627582,10.633567620627582,greedy,0.8661776110529901,0.0,hard_fault_cluster
7,N2078,observe,1.4540399312973022,1.723957160115242,1.8372468113899232,0.1322431406378746,1.1205721540749072,1.4540399312973022,0.6658029556274414,1.6714630529284478,1.5964353561401365,0.006658029556274414,0.4232628345489502,0.03566993772983551,0.03566993772983551,-1.4617258974909784,0.0791504755616188,0.1894952803850174,0.05383181571960449,102830.0234375,43656.3515625,59173.671875,102689.5703125,43732.5078125,58957.0625,0.0013658766401931643,-0.0017444483237341046,0.0036605701316148043,0.13658766401931643,8.616520449519157,2.095433796048164,8.0904157795012,2.1035827761888504,1.941667528450489,1.8197991146892307,1.723957160115242,12.357524780742825,12.357524780742825,greedy,1.723957160115242,0.0,hard_fault_cluster
8,N3861,control0,1.1720021963119507,0.9883686289191246,0.9933845698833466,0.14019176110625267,0.642439608797431,1.1720021963119507,0.6478834748268127,1.0464931324124336,1.143349939584732,0.006478834748268127,0.43134862184524536,0.039631083607673645,0.039631083607673645,-0.5091748803853988,0.070691779255867,0.1813252866268158,0.047106318175792694,102689.6484375,43732.5625,58957.0859375,101732.5,42956.10546875,58776.3984375,0.009320788085460663,0.01775466650724411,0.0030647290404886007,0.9320788085460663,7.756692484021187,0.8754433572292328,7.241056565195322,0.9016733229160309,1.1670430153608322,1.1642069754004478,0.9883686289191246,13.345893409661949,13.345893409661949,greedy,0.9883686289191246,0.0,hard_fault_cluster
9,N5343,control0,0.970757782459259,1.1368148520588874,0.617638885974884,0.2707773433625698,0.7389296538382769,0.970757782459259,0.6117064356803894,1.039680705666542,0.3197306036949158,0.006117064356803894,0.4513190984725952,0.04508049041032791,0.04508049041032791,0.9759949949383735,0.07009123265743256,0.18801404535770416,0.04776623472571373,101731.84375,42955.3046875,58776.5390625,101418.8984375,42609.00390625,58809.89453125,0.0030761784873902798,0.008061885833740234,-0.0005674962885677814,0.307617848739028,7.665910191833973,1.1738730680942535,7.173319997265935,1.205183620452881,0.9781737476587296,0.646240693628788,1.1368148520588874,14.482708261720836,14.482708261720836,greedy,1.1368148520588874,0.0,hard_fault_cluster
10,N5215,control1,0.8257793188095093,0.9470436140894889,0.8477919220924377,0.22939372554421422,0.6155783491581678,0.8257793188095093,0.6144630908966064,0.974207143485546,0.9095719158649443,0.006144630908966065,0.45151790976524353,0.04690515249967575,0.04690515249967575,0.7409793698787689,0.06750959157943726,0.18150240182876587,0.045555371791124344,101419.53125,42609.6015625,58809.92578125,101461.359375,42684.140625,58777.21875,-0.00041242671431973577,-0.0017493489431217313,0.0005561481229960918,-0.04124267143197358,7.412327401340008,1.0093992990255356,6.916301218792796,0.9955917698144913,0.822000516951084,0.9158895859122276,0.9470436140894889,15.429751875810325,15.429751875810325,greedy,0.9470436140894889,0.0,hard_fault_cluster
11,N2079,observe,1.2301437854766846,1.3766858458518982,2.7915814399719237,0.12083586812019351,0.8948457998037339,1.2301437854766846,0.6531021595001221,1.2349394723773002,1.1117451667785643,0.006531021595001221,0.4600147306919098,0.038510389626026154,0.038510389626026154,-0.869133829176426,0.07330362498760223,0.1924486607313156,0.05404909700155258,101461.515625,42684.4921875,58777.01953125,101326.09375,42772.0078125,58554.08203125,0.0013347116764634848,-0.0020502908155322075,0.003792936448007822,0.13347116764634848,8.021975047886372,1.6397519570589065,7.5032656360417604,1.7149319154024125,1.4708943143486977,2.046984437182546,1.3766858458518982,16.806437721662224,16.806437721662224,greedy,1.3766858458518982,0.0,hard_fault_cluster
12,N3865,control0,1.046506404876709,1.3600310057401657,1.0532777190208433,0.23640185803174973,0.8840201537311078,1.046506404876709,0.6335854530334473,1.3210676521062852,1.5396681666374206,0.006335854530334473,0.4594705402851105,0.041835375130176544,0.041835375130176544,0.09709580421447755,0.06720041483640671,0.18097738921642303,0.04696401208639145,101325.953125,42771.9375,58554.015625,100403.5859375,42049.4296875,58354.15625,0.009102970361709595,0.016892099753022194,0.003413247875869274,0.9102970361709595,7.395462311804295,1.3661891007423401,6.888896690681577,1.2463064813613893,1.3805366635322571,1.3579335192590953,1.3600310057401657,18.16646872740239,18.16646872740239,greedy,1.3600310057401657,0.0,hard_fault_cluster
13,N2080,observe,1.1217732429504395,1.3581422151066362,2.566319859027862,0.2993276704009622,0.8827924398193135,1.1217732429504395,0.6224150657653809,1.5703968779183923,1.2338506996631622,0.0062241506576538085,0.4674346148967743,0.037738293409347534,0.037738293409347534,0.38667790547013275,0.0720338299870491,0.18824578821659088,0.051879968494176865,100403.7109375,42049.5234375,58354.1875,100684.140625,42350.5390625,58333.59765625,-0.002793021034449339,-0.007158597931265831,0.0003528426168486476,-0.2793021034449339,7.863536357879639,1.2898083467036487,7.368421338498592,1.3734228868037464,1.3497996851801872,2.002279000580311,1.3581422151066362,19.524610942509025,19.524610942509025,greedy,1.3581422151066362,0.0,hard_fault_cluster
14,N1992,control1,0.8534554839134216,1.1626743213832378,1.7203403472900392,0.3271144764125347,0.7557383088991045,0.8534554839134216,0.597806990146637,1.4108989551663398,1.8189266443252563,0.005978069901466369,0.44848668575286865,0.03929201513528824,0.03929201513528824,0.8639168119430543,0.06820337474346161,0.17619042098522186,0.04338403046131134,100683.734375,42350.0390625,58333.69140625,100393.0078125,42098.6015625,58294.40625,0.002887522568926215,0.005937125533819199,0.0006734557100571692,0.2887522568926215,7.457436479628086,1.1525766956806183,6.979612225666642,1.1679684448242187,1.1535418152809143,1.9066963675618172,1.1626743213832378,20.687285263892264,20.687285263892264,greedy,1.1626743213832378,0.0,hard_fault_cluster
15,N2081,observe,0.8415489792823792,1.304204490594566,1.052438861131668,0.21665443079546093,0.847732918886468,0.8415489792823792,0.5737971067428589,1.0123789985384792,0.7239585757255553,0.0057379710674285885,0.41664019227027893,0.03459816426038742,0.03459816426038742,0.663897350784391,0.06812132149934769,0.1733388453722,0.04494505375623703,100393.421875,42099.03515625,58294.390625,100506.71875,42259.28125,58247.4375,-0.001128528849221766,-0.0038064077962189913,0.0008054484496824443,-0.1128528849221766,7.420527420938015,1.56206281747669,6.96423096768558,1.5888452109321953,1.021368671115488,0.9468206565594302,1.304204490594566,21.991489754486828,21.991489754486828,greedy,1.304204490594566,0.0,hard_fault_cluster
16,N2099,observe,0.5062060356140137,0.8329127714037894,0.667269092798233,0.1870070098340511,0.5413933014124631,0.5062060356140137,0.5213464498519897,0.4452065056562423,0.3400077939033508,0.005213464498519897,0.36014023423194885,0.02967005781829357,0.02967005781829357,1.1084703274071217,0.06517063081264496,0.16842098534107208,0.04083647578954697,100506.515625,42259.1640625,58247.35546875,100699.859375,42382.0625,58317.79296875,-0.0019236936932429671,-0.002908207941800356,-0.0012092823162674904,-0.1923693693242967,7.068079588934779,0.9428781847655773,6.654817208182067,1.1469653183221817,0.46054660975933076,0.5532691023498774,0.8329127714037894,22.82440252589062,22.82440252589062,greedy,0.8329127714037894,0.0,hard_fault_cluster
17,N1753,observe,0.4253722131252289,1.3454227578639983,1.2019623160362243,0.39821733355522154,0.874524792611599,0.4253722131252289,0.5222357511520386,1.8123005896806716,1.82163747549057,0.0052223575115203855,0.40204182267189026,0.020487705245614052,0.020487705245614052,1.333978215754032,0.06809648871421814,0.1684434562921524,0.04297184199094772,100698.5390625,42375.4296875,58323.109375,101423.4765625,42638.48828125,58784.98828125,-0.007199086714535952,-0.006207809317857027,-0.007919312454760075,-0.7199086714535952,7.352372327819467,1.623706086874008,6.945329735521227,1.7578731858730317,1.0967345148324967,1.3332943636924028,1.3454227578639983,24.16982528375462,24.16982528375462,greedy,1.3454227578639983,0.0,hard_fault_cluster
18,N1253,observe,0.5628013014793396,2.4942367026209826,1.3937946677207944,0.9934368082880971,1.6212538567036388,0.5628013014793396,0.5306633114814758,3.2175142899155618,2.077976131439209,0.005306633114814758,0.404850572347641,0.029172426089644432,0.029172426089644432,5.499842537194491,0.06856970489025116,0.17348261177539825,0.043860360980033875,101424.1875,42644.80859375,58779.3828125,101125.078125,42542.765625,58582.31640625,0.002949093235656619,0.0023928580339998007,0.0033526450861245394,0.2949093235656619,7.416806226596236,2.516360985189676,6.996929423417896,2.456849323660135,1.7899384781718255,1.571562019661069,2.4942367026209826,26.6640619863756,26.6640619863756,greedy,2.4942367026209826,0.0,hard_fault_cluster
19,N1252,observe,0.6164309978485107,2.2365554177016023,1.4392689943313597,0.7553820215910674,1.4537610215060415,0.6164309978485107,0.544857382774353,2.4265609476342798,2.493403136730194,0.00544857382774353,0.4054611623287201,0.03045898862183094,0.03045898862183094,3.751907273493707,0.06896422058343887,0.17730258405208588,0.04456781968474388,101125.140625,42542.84765625,58582.29296875,100886.625,42455.1171875,58431.5078125,0.00235861842520535,0.0020621672738343477,0.0025739031843841076,0.235861842520535,7.471738429740071,2.3516298426315188,7.040251151192933,2.6050319565460085,1.65916849412024,1.9212848846800623,2.2365554177016023,28.900617404077202,28.900617404077202,greedy,2.2365554177016023,0.0,hard_fault_cluster
20,N3857,control0,0.8500667810440063,2.535134025812149,2.8621169328689575,1.0178241217136381,1.647837116777897,0.8500667810440063,0.6060260534286499,3.689310923218727,3.8270822286605837,0.006060260534286499,0.4011154770851135,0.034632205963134766,0.034632205963134766,4.408084916770458,0.06913908571004868,0.17801548540592194,0.04466649517416954,100886.609375,42455.19921875,58431.40625,100282.0,42157.91796875,58124.0859375,0.0059929597191512585,0.00700223445892334,0.005259505473077297,0.5992959719151258,7.554566830396652,2.2828836795687675,7.074073135852814,2.4078367111086845,2.1692851215600966,3.0601999159902338,2.535134025812149,31.43575142988935,31.43575142988935,greedy,2.535134025812149,0.0,hard_fault_cluster
21,N1254,observe,0.5427772998809814,2.008570521920919,1.0584387362003327,0.8533121047914026,1.3055708392485974,0.5427772998809814,0.5213332176208496,1.4474665477871893,0.47118164300918575,0.005213332176208496,0.39895471930503845,0.028150657191872597,0.028150657191872597,5.4347794581949715,0.06432278454303741,0.16977371275424957,0.040159277617931366,100281.9296875,42157.7734375,58124.15625,100148.265625,42116.8984375,58031.36328125,0.0013328827917575836,0.0009695720509625971,0.0015964613994583488,0.13328827917575836,6.981762329116464,1.808749956190586,6.569649423006922,1.834243816435337,0.8548159688711165,0.7754259774833917,2.008570521920919,33.44432195181027,33.44432195181027,greedy,2.008570521920919,0.0,hard_fault_cluster
22,N2092,observe,0.24447083473205566,1.4335950944572688,1.3567189693450925,0.28166066702455284,0.9318368113972247,0.24447083473205566,0.5158286094665527,1.5988202977925539,1.7345922946929933,0.005158286094665527,0.09800061583518982,0.004920685663819313,0.004920685663819313,0.41199813097715376,0.06108006462454796,0.17354802787303925,0.0331176295876503,100148.3359375,42117.0546875,58031.28125,99464.0625,41842.81640625,57621.25,0.006832599174231291,0.006511335726827383,0.007065693382173777,0.6832599174231291,6.628755757585168,1.2817009416222573,6.238193786237389,1.2998608914017677,1.4116519585251808,1.6403277400881051,1.4335950944572688,34.877917046267534,34.877917046267534,greedy,1.4335950944572688,0.0,hard_fault_cluster
23,N6885,control0,0.185157909989357,1.1609772264957428,2.5005512475967406,0.21721549808979035,0.7546351972222328,0.185157909989357,0.5041826963424683,1.1249422878026962,1.0414222359657286,0.005041826963424683,0.10534194111824036,0.0052237119525671005,0.0052237119525671005,0.30456138432025903,0.05807023495435715,0.17280299961566925,0.030428290367126465,99464.140625,41842.81640625,57621.328125,98374.984375,41239.62890625,57135.359375,0.010950240306556225,0.014415556564927101,0.00843383464962244,1.0950240306556225,6.31642990373075,1.285323052406311,5.934375097509474,1.2110271501541137,1.1589630544185638,1.8678303921967747,1.1609772264957428,36.03889427276328,36.03889427276328,greedy,1.1609772264957428,0.0,hard_fault_cluster
24,N6279,control0,0.21741022169589996,1.304723384231329,2.6306799769401548,0.20722838856279852,0.8480701997503639,0.21741022169589996,0.48950642347335815,1.1654684878885746,0.9108342111110687,0.004895064234733582,0.10978218913078308,0.004217972978949547,0.004217972978949547,0.14374786704778664,0.05591610074043274,0.17343685030937195,0.028798788785934448,98371.0234375,41233.0625,57137.9609375,97561.75,40829.609375,56732.14453125,0.008226745761930943,0.0097846994176507,0.007102395873516798,0.8226745761930943,6.085334470495582,1.2575229164958,5.715041173156351,1.253610539138317,1.2692767173051833,1.8829658654332162,1.304723384231329,37.34361765699461,37.34361765699461,greedy,1.304723384231329,0.0,hard_fault_cluster
25,N3909,control0,-0.10297150164842606,0.9327852234244346,0.719980788230896,0.23991244301199913,0.6063103952258825,-0.10297150164842606,0.4710378646850586,0.9332600250840186,0.5107958145439625,0.0047103786468505856,0.09025585651397705,0.009922320023179054,0.009922320023179054,0.8817465478181838,0.05158127844333649,0.16044728457927704,0.02414938434958458,97565.3515625,40836.1015625,56729.25,97364.6640625,40741.1328125,56623.53125,0.002056954661384225,0.0023256076965481043,0.0018635668093338609,0.2056954661384225,5.639088029041886,0.8796865831315517,5.278367890510708,0.8796866427361965,0.7956402435898781,0.6730895454064011,0.9327852234244346,38.27640288041904,38.27640288041904,greedy,0.9327852234244346,0.0,hard_fault_cluster
26,N3893,control0,-0.160137340426445,0.9041402965784073,0.7244919776916503,0.18907516777515412,0.5876911927759648,-0.160137340426445,0.46389925479888916,0.887333832681179,0.502883754298091,0.004638992547988892,0.08169278502464294,0.012120777741074562,0.012120777741074562,0.47549473196268077,0.04877280443906784,0.1506437212228775,0.021337810903787613,97364.71875,40741.13671875,56623.5859375,97030.15625,40530.9609375,56499.19140625,0.003436177968978882,0.005158809944987297,0.0021968677174299955,0.3436177968978882,5.353300476446748,0.75084632396698,4.996285452041775,0.7041815733909608,0.8108376473188401,0.6474335881578737,0.9041402965784073,39.180543176997446,39.180543176997446,greedy,0.9041402965784073,0.0,hard_fault_cluster
27,N3853,control0,-0.21011966466903687,0.8703493947163223,0.5075813397765159,0.20144210388883949,0.5657271065656095,-0.21011966466903687,0.48169779777526855,1.0707449335604906,1.1478379368782043,0.004816977977752685,0.0880771279335022,0.01180126704275608,0.01180126704275608,0.2467642747238278,0.05034159868955612,0.15798890590667725,0.023012854158878326,97030.078125,40530.9140625,56499.16015625,97208.953125,40600.06640625,56608.8828125,-0.0018435005331411958,-0.0017061629332602024,-0.0019420228200033307,-0.18435005331411958,5.527658933773637,1.0983130060881376,5.157534635160118,1.1108195029944183,0.8727865206077695,0.7706602772790938,0.8703493947163223,40.05089257171377,40.05089257171377,greedy,0.8703493947163223,0.0,hard_fault_cluster
28,N3289,control0,-0.18242259323596954,1.1377178839594126,0.974711126089096,0.3016062787920237,0.7395166245736182,-0.18242259323596954,0.42280906438827515,0.6762692454829812,-0.05480128526687622,0.004228090643882751,0.08160582184791565,0.027079815044999123,0.027079815044999123,1.8680369878932834,0.038832712918519974,0.11180895566940308,0.017018288373947144,97209.6640625,40600.703125,56608.9609375,97184.0,40593.703125,56590.30078125,0.0002640073071233928,0.0001724108005873859,0.0003296325448900461,0.026400730712339282,4.333160171285272,0.21848279353231187,3.995743511710316,0.15918745215982194,0.5358389038592577,0.37343330483883624,1.1377178839594126,41.18861045567318,41.18861045567318,greedy,1.1377178839594126,0.0,hard_fault_cluster
29,N3068,control0,-0.13988719880580902,1.0576866164803504,0.8376571774482726,0.21039091244339944,0.6874963007122278,-0.13988719880580902,0.39000213146209717,0.5360486029088496,0.10031149983406065,0.0039000213146209717,0.08188736438751221,0.03032694198191166,0.03032694198191166,1.3542466279864311,0.03473062068223953,0.09618698060512543,0.017376936972141266,97183.90625,40593.69921875,56590.20703125,96887.34375,40417.125,56470.21875,0.0030515596736222506,0.0043497937731444836,0.002120301127433777,0.30515596736222506,3.893391141667962,-0.11505068331956864,3.5781443365849555,-0.18519667774438858,0.4888437479734421,0.35916313469409944,1.0576866164803504,42.24629707215353,42.24629707215353,greedy,1.0576866164803504,0.0,hard_fault_cluster
30,N3889,control0,-0.11932776123285294,1.0689431257545947,0.8446095466613769,0.2037653451412916,0.6948130317404866,-0.11932776123285294,0.36098814010620117,0.6722064618766308,0.21814064234495162,0.003609881401062012,0.08254057168960571,0.027814755216240883,0.027814755216240883,1.0652834422141315,0.032583802938461304,0.0847042053937912,0.017251498997211456,96886.96875,40416.6875,56470.28125,96688.25,40249.171875,56439.07421875,0.0020510368049144745,0.004144714213907719,0.0005526274908334017,0.20510368049144745,3.6471831891685724,0.725672759115696,3.355581017676741,0.7105483189225197,0.7139413133263588,0.5421991704031826,1.0689431257545947,43.315240197908125,43.315240197908125,greedy,1.0689431257545947,0.0,hard_fault_cluster
31,N7064,control0,0.028811994940042496,1.7247734352946282,1.4167361021041869,0.31567539408802986,1.1211027329415084,0.028811994940042496,0.3512614369392395,1.2880249404907227,0.8252820432186126,0.003512614369392395,0.08440139889717102,0.026198023930191994,0.026198023930191994,1.2325662890076636,0.030972011387348175,0.08639463782310486,0.01618683710694313,96689.265625,40249.98828125,56439.2734375,96334.90625,39896.828125,56438.078125,0.003664929885417223,0.008774167858064175,2.1178737370064482e-05,0.3664929885417223,3.474660599604249,0.950506222397089,3.1915660039521754,0.9361246944963932,1.3569033265113832,1.171057515963912,1.7247734352946282,45.040013633202754,45.040013633202754,greedy,1.7247734352946282,0.0,hard_fault_cluster
32,N3885,control0,-0.09314800053834915,1.5994757443666459,1.1992494106292724,0.3873798462748527,1.03965923383832,-0.09314800053834915,0.3337252140045166,1.2892029693722724,0.5933142958208919,0.003337252140045166,0.08242008090019226,0.024755051359534264,0.024755051359534264,1.7509348940849305,0.028676338493824005,0.0787520706653595,0.015843208879232407,96333.8984375,39896.02734375,56437.87109375,96672.625,39991.0859375,56681.54296875,-0.003516172058880329,-0.002382658189162612,-0.004317524377256632,-0.3516172058880329,3.2261141147464514,1.0430241379141807,2.9572539157234132,1.0243981632590293,1.1157415717840196,0.8783704986283557,1.5994757443666459,46.6394893775694,46.6394893775694,greedy,1.5994757443666459,0.0,hard_fault_cluster
33,N3901,control0,-0.3006177842617035,1.9873666629195215,1.7495333909988404,0.29261894181370735,1.291788330897689,-0.3006177842617035,0.3194851875305176,1.4318696342408657,0.5284589529037474,0.003194851875305176,0.07554227113723755,0.013449085876345634,0.013449085876345634,0.9093140453100204,0.03377416357398033,0.08463016152381897,0.01646837592124939,97117.8359375,40152.78125,56965.0546875,97622.0625,40358.39453125,57263.66796875,-0.005191904958337545,-0.005120772868394852,-0.005242043174803257,-0.5191904958337545,3.7103506308048964,1.130624735355377,3.460649925749749,1.0901127099990844,1.4898047894239426,1.1402800641953945,1.9873666629195215,48.62685604048892,48.62685604048892,greedy,1.9873666629195215,0.0,hard_fault_cluster
34,N5280,observe,-0.26549121737480164,1.8794051347300411,2.864727485179901,0.2997844563610852,1.2216133375745268,-0.26549121737480164,0.31287604570388794,1.6335278896614909,2.7207517623901367,0.0031287604570388794,0.0763653814792633,0.009002143517136574,0.009002143517136574,0.4303486184589565,0.03721778094768524,0.0954548567533493,0.01717183366417885,97621.9609375,40358.2421875,57263.71875,97899.90625,40498.2734375,57401.62890625,-0.0028471597470343113,-0.00346970628015697,-0.002408333821222186,-0.28471597470343113,4.043656283989549,1.883165069008246,3.8022476420737803,1.9159285739902405,1.6776895225048065,3.0247374698519707,1.8794051347300411,50.50626117521896,50.50626117521896,greedy,1.8794051347300411,0.0,hard_fault_cluster
35,N3905,control0,-0.3051445782184601,1.823367854487151,2.963451278209686,0.2874239116627723,1.1851891054166481,-0.3051445782184601,0.2999948263168335,1.440791244925931,0.1799503087997436,0.002999948263168335,0.06311032176017761,0.0065027158707380295,0.0065027158707380295,0.49571918606758114,0.033527061343193054,0.08439590036869049,0.016135726124048233,97900.1875,40498.5390625,57401.64453125,98085.4296875,40431.28125,57654.1484375,-0.0018921535229310393,0.0016607466386631131,-0.00439889682456851,-0.18921535229310393,3.659203676506877,2.418677174001932,3.4293305198661983,2.6053872455656526,1.6816409170627593,2.0623060381412506,1.823367854487151,52.32962902970611,52.32962902970611,greedy,1.823367854487151,0.0,hard_fault_cluster
36,N2104,control1,-0.566580593585968,1.5494903664290904,1.4734120607376098,0.6135849098861217,1.0071687381789087,-0.566580593585968,0.3036550283432007,2.410089559853077,1.8714038372039794,0.003036550283432007,0.06049150228500366,0.0069305021315813065,0.0069305021315813065,1.279749937057495,0.03235131874680519,0.07123474776744843,0.018667049705982208,98085.3828125,40431.4609375,57653.921875,97461.0859375,39926.0859375,57535.0,0.006364830769598484,0.012499548494815826,0.0020626848563551903,0.6364830769598484,3.545717405155301,5.463006278276444,3.3127782572992146,4.951136943101883,2.14985456764698,2.3470595286786553,1.5494903664290904,53.8791193961352,53.8791193961352,greedy,1.5494903664290904,0.0,hard_fault_cluster
37,N6907,control0,-0.5440793037414551,2.592823553085327,3.2278931617736815,0.6012672996520996,1.6853353095054626,-0.5440793037414551,0.3021541237831116,3.266728544235229,3.887010383605957,0.003021541237831116,0.07208305597305298,-0.0030758772045373917,-0.0030758772045373917,-0.2021371078491212,0.03559369593858719,0.0875912755727768,0.015410274267196655,97461.0,39925.9765625,57535.02734375,97850.28125,40122.921875,57727.359375,-0.003994225990027189,-0.004932761192321777,-0.0033428685273975134,-0.3994225990027189,3.858447840437293,5.8712428855895995,3.6341391555033624,5.951838331222534,3.2436598539352417,4.2083789050579075,2.592823553085327,56.47194294922053,56.47194294922053,greedy,2.592823553085327,0.0,hard_fault_cluster
38,N7010,control0,-0.5315930843353271,2.326142357289791,3.0775783896446223,0.5423580189049244,1.5119925322383643,-0.5315930843353271,0.31410425901412964,3.117491917312145,3.986299037933349,0.003141042590141296,0.06125098466873169,-0.0045381709933280945,-0.0045381709933280945,0.24533167719840998,0.034347064793109894,0.09545907378196716,0.015051614493131638,97850.53125,40122.91015625,57727.625,98406.734375,40327.66015625,58079.0703125,-0.0056842113845050335,-0.005103069357573986,-0.006087991874665022,-0.5684211384505033,3.744272567331791,2.2760846757888795,3.5120980013161898,2.123945918083191,2.4531982988119125,3.694578894227743,2.326142357289791,58.798085306510316,58.798085306510316,greedy,2.326142357289791,0.0,hard_fault_cluster
39,N7028,control0,-0.2207684963941574,2.9835202604532243,3.4407516717910767,0.6938252612948417,1.9392881692945958,-0.2207684963941574,0.32774627208709717,3.8508424729108808,4.410697937011719,0.0032774627208709715,0.06564071774482727,-0.0013832375407218933,-0.0013832375407218933,0.3654970991611479,0.03456941246986389,0.10065141320228577,0.015277240425348282,98406.7265625,40327.6953125,58079.03125,98461.140625,40279.39453125,58181.7421875,-0.0005529506597667933,0.0011977074900642037,-0.0017684685299172997,-0.055295065976679325,3.7833042815327644,3.70824666261673,3.538532005622983,3.618704869747162,3.190883827209473,4.174074487686157,2.9835202604532243,61.78160556696354,61.78160556696354,greedy,2.9835202604532243,0.0,hard_fault_cluster
40,N7025,control0,-0.12547536194324493,3.2492574572563173,3.611372232437134,0.7348138225078583,2.1120173472166064,-0.12547536194324493,0.33254653215408325,4.774223938584328,5.362647628784179,0.0033254653215408327,0.0630037784576416,-0.002965690568089485,-0.002965690568089485,-0.6124771636724472,0.03276371210813522,0.10330967605113983,0.013785406947135925,98461.1328125,40279.359375,58181.7734375,98508.046875,40224.7734375,58283.2734375,-0.000476472923764959,0.0013551838928833604,-0.0017445326084271073,-0.0476472923764959,3.605952052399516,2.6049007570743563,3.358766421210021,2.5445253050327303,3.6581021815538404,4.477766418009995,3.2492574572563173,65.03086302421985,65.03086302421985,greedy,3.2492574572563173,0.0,hard_fault_cluster
41,N7022,control0,-0.1319471150636673,2.7037702202796936,3.531293129920959,0.42103999376297,1.7574506431818009,-0.1319471150636673,0.3393903970718384,3.4152086198329927,4.357980108261108,0.003393903970718384,0.06137773394584656,-0.00787287950515747,-0.00787287950515747,-1.5517424428462983,0.032003309577703476,0.10136376321315765,0.013104159384965897,98507.9765625,40224.69921875,58283.27734375,98698.28125,40257.92578125,58440.359375,-0.0019318708218634129,-0.0008260238682851195,-0.0026951476465910673,-0.19318708218634129,3.5318484753370285,2.8489708518981938,3.283210337162018,2.8100007152557374,3.1242359042167664,4.130753337740898,2.7037702202796936,67.73463324449955,67.73463324449955,greedy,2.7037702202796936,0.0,hard_fault_cluster
42,N7046,control0,-0.11706443876028061,2.845351468026638,3.504688215255737,0.5427610446512698,1.8494784542173146,-0.11706443876028061,0.326543927192688,3.200310619175434,3.9385461091995237,0.00326543927192688,0.05579960346221924,-0.007323380559682846,-0.007323380559682846,0.21893791377544403,0.02873077243566513,0.10056619346141815,0.011348582804203033,98698.2265625,40257.9453125,58440.28125,98655.3125,40162.89453125,58492.421875,0.0004348007496446371,0.002361044054850936,-0.0008922035340219736,0.04348007496446371,3.192297790199518,2.61953058719635,2.9528823802247643,2.515419464111328,2.855418315529823,3.9560219050943846,2.845351468026638,70.57998471252618,70.57998471252618,greedy,2.845351468026638,0.0,hard_fault_cluster
43,N7040,control0,-0.1315472573041916,2.156477072834969,2.975600171089172,0.5102738055586815,1.4017100973427299,-0.1315472573041916,0.3266458511352539,3.0690726250410076,3.966765713691711,0.003266458511352539,0.05270567536354065,-0.01078014075756073,-0.01078014075756073,-0.38744541287422185,0.027847617864608765,0.09783999621868134,0.010316766798496246,98655.4140625,40162.921875,58492.4921875,98726.5625,40144.57421875,58581.98828125,-0.0007211812771856785,0.00045683071948587894,-0.001530044130049646,-0.07211812771856785,3.1006274968385696,3.0985016012191773,2.8637282140552998,2.9722405815124513,2.6479364514350894,3.8211586934328077,2.156477072834969,72.73646178536116,72.73646178536116,greedy,2.156477072834969,0.0,hard_fault_cluster
44,N7034,control0,-0.17239786684513092,1.8942484460771083,2.8212166309356688,0.45793977595865726,1.2312614899501204,-0.17239786684513092,0.3220095634460449,2.4720176599919794,3.4357583999633787,0.003220095634460449,0.04900506138801575,-0.009754324331879616,-0.009754324331879616,0.15011480569839475,0.023811884224414825,0.09365688264369965,0.00828714668750763,98726.453125,40144.5078125,58581.9453125,98713.09375,40066.515625,58646.578125,0.00013531708100344986,0.001942786038853228,-0.00110328895971179,0.013531708100344986,2.693443661555648,2.4775924819707873,2.459252232220024,2.3423707383871077,2.2175535678863527,3.1446449282765387,1.8942484460771083,74.63071023143827,74.63071023143827,greedy,1.8942484460771083,0.0,hard_fault_cluster
45,N6964,control0,-0.14981898665428162,1.8888011149130761,2.8150681257247925,0.45935287357307975,1.2277207246934996,-0.14981898665428162,0.3240259885787964,2.325488593336195,3.288357830047607,0.003240259885787964,0.044728219509124756,-0.009779654443264008,-0.009779654443264008,0.5576625569164753,0.023850735276937485,0.09457206726074219,0.007415264844894409,98713.2578125,40066.671875,58646.5859375,98803.671875,40075.4921875,58728.17578125,-0.00091592624085024,-0.00022014087880961597,-0.0013912121066823602,-0.091592624085024,2.699319861829281,1.778316841647029,2.4636351112276316,1.774457250162959,2.01711585521698,3.4111253058910367,1.8888011149130761,76.51951134635135,76.51951134635135,greedy,1.8888011149130761,0.0,hard_fault_cluster
46,N7031,control0,-0.12340322881937027,2.469751619696617,2.9728847384452814,0.7942019933462142,1.6053385528028012,-0.12340322881937027,0.31418460607528687,1.9982577913999555,0.5400174677371978,0.0031418460607528687,0.041609734296798706,0.012028394266963005,0.012028394266963005,4.133334284424782,0.024975411593914032,0.10541293025016785,0.005222991108894348,98803.8515625,40075.6171875,58728.234375,98840.671875,40032.140625,58808.53125,-0.00037266069557517767,0.0010848632082343102,-0.001367261866107583,-0.03726606955751777,2.823754159733653,2.086101938188076,2.5790944094769657,2.0744190701842307,1.7385124891996384,2.3969535002112385,2.469751619696617,78.98926296604797,78.98926296604797,greedy,2.469751619696617,0.0,hard_fault_cluster
47,N6967,control0,-0.09465227276086807,2.0711371150612834,2.8620863080024717,0.5538709607720376,1.3462391247898342,-0.09465227276086807,0.3129332661628723,1.4027873468399048,0.03700773715972905,0.003129332661628723,0.041563838720321655,0.01405964232981205,0.01405964232981205,2.8796588060259816,0.02529105171561241,0.10459765791893005,0.004768788814544678,98840.53125,40032.06640625,58808.46484375,98923.453125,40032.0234375,58891.4296875,-0.0008389460854232311,1.073358248504519e-06,-0.0014107635943219066,-0.08389460854232311,2.8560980800539255,1.675595187842846,2.6108533986844122,1.6611881491541862,1.4587946832180023,2.1211334824562074,2.0711371150612834,81.06040008110926,81.06040008110926,greedy,2.0711371150612834,0.0,hard_fault_cluster
48,N7037,control0,-0.07016503065824509,2.433668555766344,2.976558804512024,0.7528702636063099,1.5818845612481236,-0.07016503065824509,0.3103119730949402,1.4565203136205673,-0.58202366232872,0.003103119730949402,0.03635963797569275,0.026985423639416695,0.026985423639416695,4.51750478759408,0.024546176195144653,0.10726726055145264,0.003694739192724228,98923.328125,40031.85546875,58891.4765625,98952.46875,40009.015625,58943.453125,-0.00029457788332365453,0.0005705417133867741,-0.000882582098711282,-0.029457788332365453,2.791915016248822,1.8808077585697174,2.5389419686980546,1.853870393037796,1.3965045362710953,1.8821358604729177,2.433668555766344,83.49406863687561,83.49406863687561,greedy,2.433668555766344,0.0,hard_fault_cluster
49,N7043,control0,-0.09175976365804672,2.2490595311671493,2.858366930484771,0.7371067733317613,1.4618886952586472,-0.09175976365804672,0.3004039525985718,1.0872324399650095,-1.7002636760473249,0.0030040395259857177,0.03424397110939026,0.02684796042740345,0.02684796042740345,4.76984848074615,0.022787176072597504,0.10371820628643036,0.0024304762482643127,98952.5625,40009.140625,58943.41796875,98950.96875,39976.98046875,58973.9921875,1.6106201655929908e-05,0.0008038202067837119,-0.0005187045317143202,0.0016106201655929908,2.6059695202857256,1.826872814744711,2.360530585516244,1.790783811658621,1.1674682810902597,1.388854382708669,2.2490595311671493,85.74312816804276,85.74312816804276,greedy,2.2490595311671493,0.0,hard_fault_cluster
50,N7049,control0,-0.134987473487854,1.9218039780855178,2.8892077565193173,0.4194361916184425,1.2491725857555867,-0.134987473487854,0.3094531297683716,1.087407474964857,-0.01584758758544924,0.003094531297683716,0.039633601903915405,0.0026192162185907364,0.0026192162185907364,2.306908352524042,0.019470352679491043,0.08605256676673889,0.003224313259124756,98950.9375,39976.8984375,58974.04296875,99041.921875,40002.765625,59039.15234375,-0.0009194897720590234,-0.0006470534135587513,-0.0011040344834327698,-0.09194897720590234,2.2591076139360666,1.1652894668281077,2.025053354445845,1.1652895264327525,1.2144647479057313,1.9981077963113787,1.9218039780855178,87.66493214612828,87.66493214612828,greedy,1.9218039780855178,0.0,hard_fault_cluster
51,N8330,control1,-0.2238302081823349,1.2204983558505773,1.111186546087265,0.16051819924265145,0.7933239313028753,-0.2238302081823349,0.3210604190826416,1.052911182679236,1.1450075507164001,0.003210604190826416,0.040195316076278687,-0.014616124331951141,-0.014616124331951141,0.1705123874172568,0.015518371015787125,0.0715816468000412,0.005762837827205658,99041.09375,40002.0078125,59039.08203125,99734.78125,40398.828125,59335.953125,-0.007004037033766508,-0.009920009411871433,-0.005028382409363985,-0.7004037033766508,1.858281396329403,0.2782263449020684,1.628448175266385,0.2725630617327988,1.011936460994184,1.026921373428777,1.2204983558505773,88.88543050197886,88.88543050197886,greedy,1.2204983558505773,0.0,hard_fault_cluster
52,N1993,control1,-0.19426797330379486,1.1467783905565738,1.0015249967575073,0.2306202843040228,0.745405953861773,-0.19426797330379486,0.32153475284576416,1.1584225125610828,1.1203810691833496,0.0032153475284576417,0.041700661182403564,-0.01189136691391468,-0.01189136691391468,0.6581351047754287,0.016172993928194046,0.0690690279006958,0.0079573392868042,99735.25,40399.19921875,59336.046875,100179.390625,40646.43359375,59532.953125,-0.004453196190297604,-0.006119783967733383,-0.003318492788821459,-0.44531961902976036,1.926942778751254,0.292800622433424,1.694710239302367,0.2736562885344028,0.9431881576776504,0.9688913874747231,1.1467783905565738,90.03220889253544,90.03220889253544,greedy,1.1467783905565738,0.0,hard_fault_cluster
53,N13008,control1,-0.10655566304922104,1.167713807313703,1.0087736070156097,0.1751488256477751,0.759013974753907,-0.10655566304922104,0.32031822204589844,1.0079629024257883,0.8287245094776153,0.0032031822204589846,0.044050902128219604,-0.01229817233979702,-0.01229817233979702,0.24746529091149572,0.01853441819548607,0.06692492961883545,0.00955483689904213,100179.3046875,40646.3828125,59532.921875,100291.859375,40725.3203125,59566.5390625,-0.001123532303608954,-0.0019420547178015113,-0.0005646822974085808,-0.1123532303608954,2.1614618692547083,0.6313265163684264,1.9304468319751322,0.6222150821471587,1.0067870624363422,0.9142698320746421,1.167713807313703,91.19992269984914,91.19992269984914,greedy,1.167713807313703,0.0,hard_fault_cluster
54,N19319,control1,-0.03224072977900505,1.6653943628072738,1.34974085688591,0.25713320285081864,1.082506335824728,-0.03224072977900505,0.3187081813812256,1.2577047899365426,0.8847082436084747,0.003187081813812256,0.04835844039916992,-0.009833140298724174,-0.009833140298724174,0.8215257951617241,0.019378524273633957,0.06439432501792908,0.011204343289136887,100291.859375,40725.3359375,59566.52734375,100429.6875,40816.09375,59613.59375,-0.0013742703013122082,-0.0022285343147814274,-0.0007901485660113394,-0.13742703013122082,2.246727468445897,0.8752746225893497,2.015071187634021,0.9323404075205326,1.250826744735241,1.088059415817261,1.6653943628072738,92.86531706265642,92.86531706265642,greedy,1.6653943628072738,0.0,hard_fault_cluster
55,N13007,control1,-0.0001683635637164116,1.7763337757438422,1.3459488928318022,0.32483973387628795,1.1546169542334974,-0.0001683635637164116,0.31801944971084595,1.7225623499602079,1.2979336500167846,0.0031801944971084593,0.04609835147857666,-0.009521739557385445,-0.009521739557385445,0.6096400573849678,0.020026907324790955,0.06416049599647522,0.011835679411888123,100429.7890625,40816.1171875,59613.671875,100569.859375,40905.78515625,59664.078125,-0.0013947088737040758,-0.0021968765649944544,-0.0008455484639853239,-0.13947088737040758,2.311188442632556,0.9517103930562735,2.0798151600174606,0.993557562455535,1.5911533668637277,1.3182549526542426,1.7763337757438422,94.64165083840025,94.64165083840025,greedy,1.7763337757438422,0.0,hard_fault_cluster
56,N19318,control1,0.03310120478272438,1.7431606143712997,1.3170162677764892,0.33462933570146564,1.1330543993413449,0.03310120478272438,0.3166276216506958,1.5405945762991904,1.092361569404602,0.003166276216506958,0.047009021043777466,-0.0077998023480176926,-0.0077998023480176926,1.050639958679676,0.02046540006995201,0.062432922422885895,0.01267494261264801,100569.6875,40905.6953125,59663.9921875,100683.3359375,40968.796875,59714.5390625,-0.0011300466721877456,-0.0015426106983795762,-0.0008471923065371811,-0.11300466721877456,2.355367826297879,1.0608423785865306,2.1237469618208706,1.0879849629104137,1.411788572371006,1.2076203099638223,1.7431606143712997,96.38481145277156,96.38481145277156,greedy,1.7431606143712997,0.0,hard_fault_cluster
57,N19317,control1,0.032897207885980606,1.5743702165782452,1.15934539437294,0.36118732996284963,1.0233406407758594,0.032897207885980606,0.3162934184074402,1.8137101076543332,1.467260205745697,0.003162934184074402,0.045049577951431274,-0.010851098224520683,-0.010851098224520683,0.6947785466909409,0.02065093070268631,0.06240072846412659,0.012889910489320755,100683.34375,40968.828125,59714.51171875,100800.2109375,41026.03125,59774.1796875,-0.0011607400374487042,-0.0013962597586214542,-0.0009992205305024981,-0.11607400374487042,2.3705353904515505,1.0605357836186886,2.141453650314361,1.065137977451086,1.4871694177389145,1.2955395050346852,1.5743702165782452,97.9591816693498,97.9591816693498,greedy,1.5743702165782452,0.0,hard_fault_cluster
58,N3715,control0,0.00346366036683321,1.3580205857753753,2.104832136631012,0.3183330702781677,0.882713380753994,0.00346366036683321,0.31006544828414917,1.3556966677308082,2.4380434155464172,0.0031006544828414916,0.04442363977432251,-0.005451982840895653,-0.005451982840895653,1.1143803349137307,0.018705636262893677,0.057483017444610596,0.012768812477588654,100800.4453125,41026.2578125,59774.1875,100679.3125,40888.5,59790.81640625,0.0012017091503366828,0.0033577962312847376,-0.0002781954244710505,0.12017091503366828,2.175177091732621,0.34451662644743913,1.946716992650181,0.3145034191012382,1.1254871800541877,2.1992052290588617,1.3580205857753753,99.31720225512518,99.31720225512518,greedy,1.3580205857753753,0.0,hard_fault_cluster
59,N3819,control0,-0.03669246658682823,1.4850568946450948,2.344322896003723,0.4023530658334493,0.9652869815193117,-0.03669246658682823,0.30913209915161133,1.945938513427973,3.0783551931381226,0.0030913209915161134,0.03931260108947754,-0.009277194738388062,-0.009277194738388062,0.8540494549274444,0.018295269459486008,0.057548053562641144,0.012081298977136612,100679.234375,40888.44140625,59790.79296875,100560.65625,40789.98046875,59770.671875,0.0011777813779190183,0.0024080383591353893,0.00033652494312264025,0.11777813779190183,2.129381850361824,0.5666034887731075,1.9044906720519066,0.5482961605489254,1.4360981225967406,2.6426074707508085,1.4850568946450948,100.80225914977028,100.80225914977028,greedy,1.4850568946450948,0.0,hard_fault_cluster
60,N19316,control1,-0.14008384943008423,1.1191578969359397,0.8108688056468962,0.2894302047789097,0.7274526330083608,-0.14008384943008423,0.3079391121864319,1.8260381720960142,1.6786089181900024,0.003079391121864319,0.041219472885131836,-0.018223728984594345,-0.018223728984594345,-0.19684714838862422,0.018327031284570694,0.057720594108104706,0.01179608702659607,100560.390625,40789.7734375,59770.62109375,100782.828125,40898.515625,59884.3125,-0.0022119793575257063,-0.002665917854756117,-0.0019021285697817802,-0.22119793575257063,2.122418511658907,0.5227455267310143,1.9051319742575288,0.5067030468583107,1.3112357921898365,1.1450262619182467,1.1191578969359397,101.92141704670622,101.92141704670622,greedy,1.1191578969359397,0.0,hard_fault_cluster
61,N5000,control1,-0.15484638512134552,1.1293669030070304,0.8526347398757934,0.2378124596178531,0.7340884869545697,-0.15484638512134552,0.30292510986328125,1.160092245042324,0.9565893173217772,0.0030292510986328126,0.037962913513183594,-0.013384148478507996,-0.013384148478507996,0.8628442788124083,0.015771113336086273,0.059096284210681915,0.010123275220394135,100779.8125,40892.1796875,59887.62890625,101266.8203125,41099.5625,60167.2578125,-0.0048323944211006165,-0.005071454215794802,-0.004669226706027985,-0.48323944211006165,1.8666522949934006,-0.33735232621431355,1.6494965739548206,-0.3457994964718819,0.8384001016616821,0.7390804094076157,1.1293669030070304,103.05078394971325,103.05078394971325,greedy,1.1293669030070304,0.0,hard_fault_cluster
62,N1181,control1,-0.07704701274633408,1.2672099024057388,1.1738737404346467,0.1403332123160362,0.8236864365637303,-0.07704701274633408,0.3030814528465271,1.0864333525300025,0.9123950600624083,0.003030814528465271,0.03266075253486633,-0.022537345066666603,-0.022537345066666603,-0.3525258532166481,0.018295515328645706,0.06197097897529602,0.010422639548778534,101268.546875,41100.2421875,60168.3046875,101072.046875,41057.953125,60014.09375,0.001940385322086513,0.001028924947604537,0.002562992973253131,0.1940385322086513,2.110095640644431,0.8945463716983796,1.8996875598095357,0.903685998916626,1.2364331752061843,1.0898228457570076,1.2672099024057388,104.31799385211899,104.31799385211899,greedy,1.2672099024057388,0.0,hard_fault_cluster
63,N2103,observe,-0.0022796345874667168,1.5704224675893785,2.8493259191513056,0.20736869603395464,1.020774603933096,-0.0022796345874667168,0.3035765290260315,1.393580612540245,2.644124042987823,0.003035765290260315,0.027946025133132935,-0.027346881106495857,-0.027346881106495857,-0.35666152715682986,0.02242041379213333,0.07347923517227173,0.009900115430355072,101072.7421875,41063.6484375,60009.09375,100956.03125,41101.1171875,59854.91796875,0.0011547221802175045,-0.0009124554344452918,0.002569206990301609,0.11547221802175045,2.5182710271328688,2.029196256399155,2.311098791193217,2.0558926045894625,1.653162172436714,2.99580732896924,1.5704224675893785,105.88841631970837,105.88841631970837,greedy,1.5704224675893785,0.0,hard_fault_cluster
64,N6986,control0,-0.04635625705122948,1.4087119308300315,2.6600324034690854,0.17337811063043773,0.9156627550395205,-0.04635625705122948,0.29869556427001953,1.0435470891185106,1.7590566217899322,0.0029869556427001955,0.016711264848709106,-0.024591121822595596,-0.024591121822595596,0.2542305721342563,0.0173456072807312,0.06989246606826782,0.006634961813688278,100956.1328125,41101.125,59855.0078125,100538.046875,40868.1796875,59669.8671875,0.004141263198107481,0.005667613819241524,0.003093151841312647,0.4141263198107481,2.008665170520544,-0.12692027525976302,1.803086838684976,-0.11610870795324446,1.1289057046175004,2.2704097325226757,1.4087119308300315,107.2971282505384,107.2971282505384,greedy,1.4087119308300315,0.0,hard_fault_cluster
65,N6970,control0,-0.1642688363790512,1.9577407390344888,3.083342361450195,0.19603209230583163,1.2725314803724177,-0.1642688363790512,0.283220112323761,1.2668393493164332,2.483539092540741,0.0028322011232376097,0.02297040820121765,-0.025854608044028282,-0.025854608044028282,0.35527294330298903,0.02274642512202263,0.07510346174240112,0.008669145405292511,101297.1484375,41078.484375,60218.6640625,101404.375,41306.58984375,60097.7890625,-0.0010585348354652524,-0.005552918184548616,0.002007268136367202,-0.10585348354652524,2.5320080164819956,-0.034492971273139106,2.338983888272196,-0.017443360658362494,1.433160537481308,2.675172410905361,1.9577407390344888,109.2548689895729,109.2548689895729,greedy,1.9577407390344888,0.0,hard_fault_cluster
66,N13005,control1,-0.19764240086078644,1.311941035091877,1.13895965218544,0.17453141137957573,0.85276167280972,-0.19764240086078644,0.292763352394104,1.4622170910239218,1.2938317418098448,0.00292763352394104,0.022596150636672974,-0.029839662835001945,-0.029839662835001945,-0.5830217069387436,0.021934114396572113,0.07436579465866089,0.008800741285085678,101404.15625,41306.265625,60097.890625,101677.390625,41471.4140625,60205.97265625,-0.0026945085264742374,-0.003998144995421171,-0.0017984330188483,-0.26945085264742374,2.4563351292163134,0.7434246528148651,2.259142362046987,0.7434246528148651,1.3940121203660965,1.1639615785330533,1.311941035091877,110.56681002466478,110.56681002466478,greedy,1.311941035091877,0.0,hard_fault_cluster
67,N19313,control1,-0.17209383845329285,1.4969815284013748,1.3272541403770446,0.16300412088632585,0.9730379934608936,-0.17209383845329285,0.2984592914581299,1.547071351110935,1.4049980282783507,0.002984592914581299,0.017034977674484253,-0.03320351243019104,-0.03320351243019104,-0.8148193672299386,0.021975111216306686,0.0754375010728836,0.008649878203868866,101676.8828125,41471.13671875,60205.74609375,101787.4609375,41521.8046875,60265.65625,-0.0010875443695113063,-0.001221764599904418,-0.0009950903477147222,-0.10875443695113063,2.4627669006586075,0.9440819627046586,2.2638250663876534,0.9528517132997514,1.5863349959254265,1.3410666486620904,1.4969815284013748,112.06379155306615,112.06379155306615,greedy,1.4969815284013748,0.0,hard_fault_cluster
68,N13006,control1,-0.18386773765087128,1.3758108526468276,1.1753974318504332,0.1959604325890541,0.8942770542204379,-0.18386773765087128,0.30219823122024536,1.595310552418232,1.4483065128326416,0.0030219823122024534,0.009926140308380127,-0.033410727977752686,-0.033410727977752686,-0.5642918339371681,0.021265961229801178,0.07586556673049927,0.008340515196323395,101787.9375,41522.078125,60265.85546875,101925.671875,41570.5,60355.171875,-0.0013531502336263657,-0.0011661717435345054,-0.0014820399228483438,-0.13531502336263657,2.3953836262226105,0.7589042621850968,2.193792998790741,0.7533852952718735,1.4574079647660256,1.2296140985190869,1.3758108526468276,113.43960240571298,113.43960240571298,greedy,1.3758108526468276,0.0,hard_fault_cluster
69,N19314,control1,-0.19714990258216858,1.8378345176577566,1.5207636177539823,0.2004769213497639,1.1945924364775418,-0.19714990258216858,0.2984725832939148,1.5475969865918158,1.2037785232067109,0.002984725832939148,0.0030060112476348877,-0.03348743915557861,-0.03348743915557861,-0.319778842329979,0.020885225385427475,0.07578656077384949,0.007721465080976486,101925.09375,41570.21875,60354.875,101733.53125,41379.546875,60353.984375,0.0018794439965859056,0.0045867422595620155,1.4756471500732005e-05,0.18794439965859056,2.3535076826810837,1.0321557140350341,2.1547688245773315,1.0469712710380554,1.6836589843034744,1.352744196653366,1.8378345176577566,115.27743692337073,115.27743692337073,greedy,1.8378345176577566,0.0,hard_fault_cluster
70,N19315,control1,-0.22728626430034637,2.245514515042305,1.795639234781265,0.257725827395916,1.4595844347774982,-0.22728626430034637,0.2971358299255371,2.0304174110293385,1.5798505127429963,0.0029713582992553712,-0.0015798509120941162,-0.03522244095802307,-0.03522244095802307,-0.5123494789004327,0.0212550051510334,0.07701702415943146,0.006781395524740219,101733.6015625,41379.5625,60354.0390625,101542.7890625,41244.921875,60297.8671875,0.0018756093923002481,0.0032537952065467834,0.0009307061554864049,0.18756093923002481,2.387413904070854,1.1901800459623337,2.1909788623452187,1.1398622876405715,2.141784404218197,1.6596017356961967,2.245514515042305,117.52295143841303,117.52295143841303,greedy,2.245514515042305,0.0,hard_fault_cluster
71,N13003,control1,-0.24820350110530853,2.1852947473526,1.7984484791755675,0.2140606236457825,1.42044158577919,-0.24820350110530853,0.2929413318634033,1.5035634756088256,1.049407935142517,0.0029294133186340333,-0.0036433637142181396,-0.028585435822606087,-0.028585435822606087,0.02604625940322869,0.020953726023435593,0.0826876312494278,0.005746558308601379,101542.875,41244.9375,60297.94140625,101330.0546875,41064.87890625,60265.17578125,0.002095866482704878,0.0043655927293002605,0.0005433954065665603,0.20958664827048779,2.3597284983843565,0.9524481371045113,2.1614615763537586,0.9561166241765022,1.7620299369096757,1.4096199440211057,2.1852947473526,119.70824618576563,119.70824618576563,greedy,2.1852947473526,0.0,hard_fault_cluster
72,N18387,control1,-0.19019074738025665,2.4594779424369335,2.4975058555603025,-0.1897749610245227,1.5986606625840067,-0.19019074738025665,0.2775782346725464,-1.2867281474918129,-1.2631355762481689,0.002775782346725464,0.004257261753082275,-0.02288849651813507,-0.02288849651813507,0.48451020300388337,0.023955121636390686,0.08613081276416779,0.005691949278116226,101330.234375,41063.203125,60267.02734375,100919.0625,40972.7890625,59946.26953125,0.00405774125829339,0.0022018267773091793,0.005322277080267668,0.405774125829339,2.65020190179348,2.7181409496068953,2.4591845981776714,2.6460551875829696,1.4204361498355866,1.1945209835469723,2.4594779424369335,122.16772412820256,122.16772412820256,greedy,2.4594779424369335,0.0,hard_fault_cluster
73,N5220,control1,-0.32090750336647034,1.670674492418766,1.160610318183899,0.3550945644080639,1.085938420072198,-0.32090750336647034,0.28626924753189087,2.4234273113310336,2.1168666660785673,0.002862692475318909,-0.005893975496292114,-0.022987740114331245,-0.022987740114331245,-0.17334737613797196,0.021802280098199844,0.08278051018714905,0.005501840263605118,100919.1796875,40974.671875,59944.5078125,101549.5390625,41342.3671875,60207.171875,-0.006246180273592472,-0.008973722346127033,-0.004381787031888962,-0.6246180273592472,2.443509517237544,0.10968690164387228,2.2460483866743743,0.10968690164387228,1.7194662056863308,1.3336368909792509,1.670674492418766,123.83839862062133,123.83839862062133,greedy,1.670674492418766,0.0,hard_fault_cluster
74,N5214,control1,-0.3395712673664093,2.2617517054080962,1.5483038485050202,0.43916306376457215,1.4701386085152626,-0.3395712673664093,0.2924599051475525,2.8592489674687385,2.345297402143478,0.0029245990514755247,-0.012841492891311646,-0.023992052301764488,-0.023992052301764488,0.0469087126851081,0.021709084510803223,0.0831993967294693,0.005690932273864746,101549.796875,41342.53125,60207.265625,101886.5234375,41478.4375,60408.0859375,-0.0033158762380480766,-0.0032873228192329407,-0.0033354831393808126,-0.33158762380480766,2.4393763039261103,0.6010020937025546,2.2380254142917693,0.5650925005972385,2.210362462699413,1.655075422330992,2.2617517054080962,126.10015032602944,126.10015032602944,greedy,2.2617517054080962,0.0,hard_fault_cluster
75,N19310,control1,-0.3089159429073334,2.214667985960841,1.73828649520874,0.2572808955982328,1.4395341908745467,-0.3089159429073334,0.2890899181365967,1.6608900669962168,1.1695441782474518,0.0028908991813659667,-0.018575072288513184,-0.021939964964985847,-0.021939964964985847,0.22053238853812213,0.022085487842559814,0.0826585441827774,0.006285667419433594,101885.90625,41478.078125,60407.828125,101802.390625,41367.88671875,60434.5,0.0008196975104510784,0.0026566179003566504,-0.0004415301082190126,0.08196975104510784,2.4756987374275923,0.8252344898879528,2.275336272548884,0.8114991955459118,1.8075248084962368,1.4072669802978637,2.214667985960841,128.31481831199028,128.31481831199028,greedy,2.214667985960841,0.0,hard_fault_cluster
76,N8336,control1,-0.37264207005500793,2.0493668749928475,1.4330734133720398,0.361947875469923,1.332088468745351,-0.37264207005500793,0.2909606695175171,2.4347177900373937,2.0512010991573333,0.002909606695175171,-0.019636422395706177,-0.021146105602383614,-0.021146105602383614,-0.03355282500386242,0.02221914753317833,0.08623825013637543,0.005735691636800766,101801.796875,41367.2265625,60434.5703125,102042.6875,41482.359375,60560.33203125,-0.0023662708699703217,-0.0027831890620291233,-0.002080956706777215,-0.23662708699703217,2.4917293172329664,0.6299308184534311,2.2893683942966163,0.6008722726255655,1.9752025835216043,1.5058539929799735,2.0493668749928475,130.36418518698312,130.36418518698312,greedy,2.0493668749928475,0.0,hard_fault_cluster
77,N13002,control1,-0.3683975040912628,2.0731819063425063,1.5489862918853758,0.30658414274454115,1.3475682391226291,-0.3683975040912628,0.28955650329589844,2.2018090799450873,1.852593147754669,0.002895565032958984,-0.013715475797653198,-0.024442141875624657,-0.024442141875624657,-0.4411871567368507,0.024021748453378677,0.08874692022800446,0.005051705986261368,102043.078125,41482.8671875,60560.2109375,101933.78125,41373.9375,60559.84375,0.001071085687726736,0.0026258958969265223,6.063180535420543e-06,0.1071085687726736,2.6672892067581415,1.117709648013115,2.468453435692936,1.136162709593773,2.115321637690067,1.657295888364315,2.0731819063425063,132.43736709332563,132.43736709332563,greedy,2.0731819063425063,0.0,hard_fault_cluster
78,N13004,control1,-0.372297078371048,1.9574063047766685,1.5087483525276182,0.2924922408163548,1.2723140981048346,-0.372297078371048,0.28967899084091187,2.060385625064373,1.746738648414612,0.0028967899084091186,-0.017743587493896484,-0.026059897616505623,-0.026059897616505623,-0.4060365617275239,0.02309342473745346,0.08637921512126923,0.004629824310541153,101934.1796875,41374.1875,60559.9921875,101850.515625,41294.4609375,60556.0546875,0.0008207655628211796,0.0019269637996330857,6.501817551907152e-05,0.08207655628211796,2.5729615669697523,1.245487357378006,2.3752472470514476,1.2662975442409516,2.013712072372437,1.6149178069084886,1.9574063047766685,134.3947733981023,134.3947733981023,greedy,1.9574063047766685,0.0,hard_fault_cluster
79,N2297,control1,-0.324001669883728,1.9642762288451197,2.0981801390647887,-0.20184040218591687,1.2767795487493279,-0.324001669883728,0.27693039178848267,-0.16962705731391908,-0.1427661895751953,0.0027693039178848266,-0.0068732500076293945,-0.03001912124454975,-0.03001912124454975,-1.3333075180649758,0.02569827437400818,0.08264949917793274,0.004212424159049988,101850.4296875,41292.03125,60558.3984375,101673.5625,41275.2890625,60398.26953125,0.0017365384846925735,0.000405458064051345,0.0026442063972353935,0.17365384846925735,2.816738707944751,2.5466784405708314,2.631555255036801,2.627906458377838,1.7022692948579787,1.4180715618282558,1.9642762288451197,136.3590496269474,136.3590496269474,greedy,1.9642762288451197,0.0,hard_fault_cluster
80,N12999,control1,-0.38006410002708435,1.9637310158461332,1.529748797416687,0.3406671686843038,1.2764251602999865,-0.38006410002708435,0.27830129861831665,2.246379431709647,2.019223916530609,0.0027830129861831665,-0.02123352885246277,-0.022765526548027992,-0.022765526548027992,0.5471296879649161,0.021688468754291534,0.07245706021785736,0.003585502505302429,101673.4765625,41277.6171875,60395.859375,102763.90625,41984.83203125,60779.0703125,-0.010724819265305996,-0.017133131623268127,-0.006344987079501152,-1.0724819265305996,2.424382647499442,-0.29620415695011615,2.2327308184467256,-0.4638256502896547,1.5795252755284308,1.3004471768438817,1.9637310158461332,138.32278064279353,138.32278064279353,greedy,1.9637310158461332,0.0,hard_fault_cluster
81,N6976,control0,-0.3570118844509125,2.6945320367813115,2.6143552541732786,0.5039660322666168,1.7514458239078525,-0.3570118844509125,0.2770177721977234,2.9200608521699905,2.8138083457946776,0.002770177721977234,-0.020018070936203003,-0.026116954162716866,-0.026116954162716866,0.4867556577920914,0.022203363478183746,0.07555627822875977,0.005021452903747559,102764.515625,41985.36328125,60779.15234375,102294.203125,41559.7109375,60734.4921875,0.0045766038820147514,0.010138113051652908,0.0007347940118052065,0.45766038820147514,2.471237165853381,1.1329612705111503,2.2830615523271263,1.1202495071291922,2.5590755611658094,2.7029682601988316,2.6945320367813115,141.01731267957484,141.01731267957484,greedy,2.6945320367813115,0.0,hard_fault_cluster
82,N6979,control0,-0.22961683571338654,5.746225468814374,5.999999999999999,0.45235782817006115,3.735046554729343,-0.22961683571338654,0.27904558181762695,3.5086266383528706,3.7228983163833615,0.0027904558181762696,-0.024703264236450195,-0.028037061914801598,-0.028037061914801598,0.15950264096260058,0.021598421037197113,0.07769019901752472,0.003367643803358078,102294.4296875,41559.8828125,60734.546875,101591.40625,41162.22265625,60429.1875,0.006872548721730709,0.009568365290760994,0.005027770530432463,0.6872548721730709,2.4108506236225367,1.3584314814209937,2.2225942336954176,1.3638329139351844,4.251137161254883,4.696675533652305,5.746225468814374,146.76353814838922,146.76353814838922,greedy,5.746225468814374,0.0,hard_fault_cluster
83,N4525,control0,-0.04347475990653038,6.05775355398655,5.333259272575377,0.6704274877905845,3.9375398100912578,-0.04347475990653038,0.2888820171356201,4.594440403580665,3.9300985813140867,0.002888820171356201,-0.021753966808319092,-0.028091294690966606,-0.028091294690966606,0.17397663116455053,0.022172484546899796,0.08365297317504883,0.002603527158498764,101590.8671875,41161.5234375,60429.34375,101173.328125,40980.9609375,60192.37109375,0.004110005684196949,0.0043866815976798534,0.003921483177691698,0.4110005684196949,2.478039177134633,2.0697768652439117,2.282446135301143,2.024354192018509,5.03496944308281,4.625450558513403,6.05775355398655,152.82129170237576,152.82129170237576,greedy,6.05775355398655,0.0,hard_fault_cluster
84,N7119,control0,-0.07699250429868698,5.312650342285632,4.933007740974426,0.14885523959994318,3.4532227224856613,-0.07699250429868698,0.27990561723709106,1.7388094851374625,0.8758400321006774,0.002799056172370911,-0.018473654985427856,-0.02532592974603176,-0.02532592974603176,0.06881596893072117,0.018030349165201187,0.07095976173877716,0.002200774848461151,101172.390625,40979.7265625,60192.66796875,101293.21875,41051.38671875,60241.83203125,-0.0011942796409130096,-0.0017486733850091696,-0.0008167782798409462,-0.11942796409130096,2.057614604011178,0.9018716964125635,1.8666798383928835,0.9029927703738214,3.270597204566002,2.746897015795112,5.312650342285632,158.13394204466138,158.13394204466138,greedy,5.312650342285632,0.0,hard_fault_cluster
85,N7123,control0,0.07752541452646255,4.011459352076053,3.3883585333824153,0.2440504966676235,2.607448578849435,0.07752541452646255,0.2775474786758423,1.5246971774846314,0.9716138303279875,0.0027754747867584227,-0.0023313164710998535,-0.02015187405049801,-0.02015187405049801,0.90931578412652,0.014588423073291779,0.05448351800441742,0.003977496176958084,101292.90625,41050.71875,60242.18359375,101118.4375,40976.4921875,60141.9453125,0.001722418237477541,0.001808167202398181,0.001663921750150621,0.1722418237477541,1.7162379119545221,0.3740835470706224,1.523191208485514,0.3825175745040178,2.4647039026021957,2.1499862042069435,4.011459352076053,162.14540139673744,162.14540139673744,greedy,4.011459352076053,0.0,hard_fault_cluster
86,N3980,control0,0.11717402935028076,3.370953203737736,2.6805227279663084,0.5174437116086483,2.1911195824295286,0.11717402935028076,0.2783021330833435,2.5104742877185346,1.512864577770233,0.002783021330833435,-0.0006472766399383545,-0.019920628517866135,-0.019920628517866135,1.5363511812686919,0.013307150453329086,0.04914937913417816,0.0038795918226242065,101118.4765625,40976.4375,60142.0390625,100927.03125,40882.0703125,60044.9609375,0.0018932772800326347,0.0023029621224850416,0.0016141475643962622,0.18932772800326347,1.589096549898386,0.5922854349017143,1.395310421474278,0.5922854349017143,2.594439923763275,2.281783704981208,3.370953203737736,165.51635460047518,165.51635460047518,greedy,3.370953203737736,0.0,hard_fault_cluster
87,N3976,control0,0.20538893342018127,4.464807911962271,3.352100741863251,0.6068013022094965,2.902125142775476,0.20538893342018127,0.27886855602264404,2.5435868931934236,1.3792591691017149,0.0027886855602264403,0.008350193500518799,-0.013085635378956795,-0.013085635378956795,2.712664554640651,0.01106356829404831,0.037614621222019196,0.004954807460308075,100927.1171875,40882.859375,60044.2578125,100716.5,40780.890625,59935.609375,0.00208682450465858,0.0024941687006503344,0.0018094725674018264,0.20868245046585798,1.3721397500485182,0.7427194914594292,1.1728025595657527,0.7152480310574173,2.904719678685069,2.4038192248903214,4.464807911962271,169.98116251243746,169.98116251243746,greedy,4.464807911962271,0.0,hard_fault_cluster
88,N6973,control0,0.1656469851732254,2.964478863589466,1.919605141878128,0.6619316145963967,1.926911261333153,0.1656469851732254,0.2820277214050293,2.873425120580941,1.8609246432781217,0.002820277214050293,0.010441124439239502,-0.010532548651099205,-0.010532548651099205,2.1987409493140877,0.010660946369171143,0.037196122109889984,0.005433075129985809,100717.78125,40782.63671875,59935.1484375,100641.9296875,40680.046875,59961.8828125,0.0007531099254265428,0.002515527419745922,-0.0004460550262592733,0.07531099254265428,1.3375898096710443,0.5840169939491897,1.1339684301055968,0.5420336670521646,2.4840213674120606,2.1156420453591274,2.964478863589466,172.94564137602694,172.94564137602694,greedy,2.964478863589466,0.0,hard_fault_cluster
89,N3849,control0,0.15599234402179718,4.354217251762748,3.088080495595932,0.595078796185553,2.830241213645786,0.15599234402179718,0.285068154335022,2.478642038907856,1.2998920381069183,0.0028506815433502197,0.011094480752944946,-0.006807461380958557,-0.006807461380958557,2.6472731616720555,0.010047927498817444,0.03680502623319626,0.0057617612183094025,100641.890625,40680.05859375,59961.828125,100562.921875,40601.9765625,59960.94140625,0.0007846509106457233,0.0019194178748875856,1.478805370425107e-05,0.07846509106457233,1.2830534428358078,0.9379484212584793,1.0743579231202602,0.899075076598674,2.855892466008663,2.2163329551368953,4.354217251762748,177.2998586277897,177.2998586277897,greedy,4.354217251762748,0.0,hard_fault_cluster
90,N3718,control0,0.11680879443883896,3.698084127008915,2.538175868988037,0.9668359866738319,2.4037546825557947,0.11680879443883896,0.28767555952072144,4.323124603927136,3.0347976326942443,0.002876755595207214,0.007756084203720093,-0.00714915432035923,-0.00714915432035923,2.5087936678528786,0.009729012846946716,0.03844691812992096,0.005599968135356903,100563.015625,40602.15625,59960.85546875,100476.109375,40520.3828125,59955.72265625,0.0008641969179734588,0.0020140171982347965,8.560272544855252e-05,0.08641969179734588,1.2534276898950338,0.8754480080306529,1.0430328859947622,0.8432384626567363,3.4647264674305918,2.964901647791266,3.698084127008915,180.9979427547986,180.9979427547986,greedy,3.698084127008915,0.0,hard_fault_cluster
91,N13009,control1,0.06619526445865631,2.551392514258623,2.173998188972473,0.2199186062067747,1.658405134268105,0.06619526445865631,0.2795664668083191,1.0910502406954765,0.6101121068000793,0.002795664668083191,0.004288405179977417,-0.013579990714788437,-0.013579990714788437,0.5869354973733425,0.007050603628158569,0.030215241014957428,0.005475569516420364,100476.4609375,40520.65625,59955.8046875,100730.3203125,40770.546875,59959.7734375,-0.0025265556760132313,-0.006166993640363216,-6.619458872592077e-05,-0.2526555676013231,0.9710468389093876,0.013566812947392426,0.7715569818392396,0.011629393771290741,1.9187978416681288,1.5584453152120112,2.551392514258623,183.54933526905722,183.54933526905722,greedy,2.551392514258623,0.0,hard_fault_cluster
92,N9541,control1,0.08413056284189224,2.2181005273014307,2.0449559330940246,0.06925321456044913,1.44176534274593,0.08413056284189224,0.27300208806991577,0.4013277192786336,0.2023472249507904,0.002730020880699158,-0.0018422901630401611,-0.01939646527171135,-0.01939646527171135,0.4603308202326298,0.006344009190797806,0.02668764442205429,0.005709663033485413,100729.8203125,40770.1015625,59959.71875,100909.0703125,40942.046875,59967.0234375,-0.0017795127350836992,-0.004217436537146568,-0.00012182658247184008,-0.17795127350836992,0.888006541877985,-0.11932521864771845,0.6978023247793317,-0.11670231625437738,1.3019991219043732,1.130863778218627,2.2181005273014307,185.76743579635865,185.76743579635865,greedy,2.2181005273014307,0.0,hard_fault_cluster
93,N1204,control1,0.1282372921705246,2.372794196009636,2.002649164199829,0.2646344259381294,1.5423162274062634,0.1282372921705246,0.2712330222129822,1.1319434744864703,0.821746426820755,0.0027123302221298217,0.01562201976776123,-0.016740264371037483,-0.016740264371037483,1.3608928488194942,0.007024809718132019,0.031179852783679962,0.005215689539909363,100908.828125,40936.25,59972.578125,101305.375,40997.34375,60308.02734375,-0.003929754253476858,-0.0014924119459465146,-0.005593376699835062,-0.3929754253476858,0.9569737296551466,0.07558288507163519,0.7661041612736881,0.058675133511424005,1.4064489342272282,1.267249432746321,2.372794196009636,188.1402299923683,188.1402299923683,greedy,2.372794196009636,0.0,hard_fault_cluster
94,N12768,control1,0.22278089821338654,3.8257990531623367,2.793449085950851,0.4756227553635835,2.4867693845555188,0.22278089821338654,0.2649989128112793,0.7526096475124355,-0.12699253857135773,0.002649989128112793,0.021206557750701904,-0.020836688578128815,-0.020836688578128815,3.4095203483849765,0.011943206191062927,0.038526736199855804,0.006533116102218628,101306.8984375,41003.7734375,60303.125,100894.0,40819.21875,60074.77734375,0.00407571904361248,0.004500919487327337,0.003786663757637143,0.407571904361248,1.4384828433394432,1.9312520897388459,1.2553611751645803,1.9292682087421418,2.2361998811364177,1.6405212686210873,3.8257990531623367,191.96602904553063,191.96602904553063,greedy,3.8257990531623367,0.0,hard_fault_cluster
95,N8331,control1,0.12696871161460876,2.450259567052126,1.5737951695919037,0.5494509439915418,1.592668718583882,0.12696871161460876,0.2729964852333069,3.2035769108682874,2.696594130992889,0.002729964852333069,0.015395164489746094,-0.022093752399086952,-0.022093752399086952,0.707763454541564,0.010119803249835968,0.03689730167388916,0.007175080478191376,100893.046875,40818.609375,60074.4375,101750.15625,41264.76171875,60485.3984375,-0.008495227433741093,-0.010930120944976807,-0.006840861868113279,-0.8495227433741093,1.2628830578178167,0.2629723826795817,1.0747060081921518,0.23807559706270698,2.318439469859004,1.8054254609532654,2.450259567052126,194.41628861258275,194.41628861258275,greedy,2.450259567052126,0.0,hard_fault_cluster
96,N19301,control1,0.20411404967308044,2.4501184744387863,1.370109850168228,0.7818861526995896,1.592577008385211,0.20411404967308044,0.283755898475647,4.630969438701868,4.104637217521668,0.0028375589847564695,0.01555013656616211,-0.02061772160232067,-0.02061772160232067,1.0424726149439811,0.00758453831076622,0.029150627553462982,0.007797423750162125,101749.9375,41264.6015625,60485.33984375,102791.734375,41942.328125,60849.40234375,-0.010238796472549438,-0.016423922032117844,-0.006019020453095436,-1.0238796472549438,1.0215920079499483,-0.3033907029032707,0.8242383752949536,-0.351376733481884,2.53430405408144,1.9544249296188354,2.4501184744387863,196.86640708702154,196.86640708702154,greedy,2.4501184744387863,0.0,hard_fault_cluster
97,N4545,observe,-0.014284501783549786,1.2123361840844153,2.431637954711914,0.3117430673539638,0.78801851965487,-0.014284501783549786,0.2595040798187256,1.224368369579315,2.4554237127304077,0.0025950407981872557,0.03664475679397583,-0.022092435508966446,-0.022092435508966446,1.179676817804575,0.017543189227581024,0.04050281643867493,0.012549575418233871,103841.171875,42239.8828125,61601.2890625,104146.4765625,42562.171875,61584.3046875,-0.0029401120264083147,-0.0076299705542624,0.0002757146139629185,-0.29401120264083147,1.9917305670678616,0.9078802971541882,1.8136718338355422,0.869485786408186,1.003558312356472,2.4203913009911773,1.2123361840844153,198.07874327110596,198.07874327110596,greedy,1.2123361840844153,0.0,hard_fault_cluster
98,N7019,control0,0.11817897856235504,2.8462462816387415,2.254741740226746,0.35031213399022815,1.850060083065182,0.11817897856235504,0.2632850408554077,2.1025480370968577,1.4871609866619109,0.0026328504085540772,0.020900458097457886,-0.02357609011232853,-0.02357609011232853,0.6450480307638644,0.014429185539484024,0.04430466890335083,0.00888606533408165,104146.578125,42562.078125,61584.5,102957.125,41899.78125,61057.34375,0.011420952156186104,0.015560726635158062,0.008559885434806347,1.1420952156186104,1.6826275046914816,0.047289651408791544,1.5028457916341722,0.008176815286278727,2.2109744377434253,1.7868116745352747,2.8462462816387415,200.9249895527447,200.9249895527447,greedy,2.8462462816387415,0.0,hard_fault_cluster
99,N3881,control0,0.1196674183011055,5.368583431094885,4.084751349687576,0.5402248577028513,3.4895792302116755,0.1196674183011055,0.26698368787765503,3.4953393571078775,2.1300123929977417,0.0026698368787765503,0.0077943503856658936,-0.02622450701892376,-0.02622450701892376,1.1850733172893524,0.012861307710409164,0.038230545818805695,0.008176043629646301,102957.15625,41899.80078125,61057.35546875,102373.4921875,41544.1015625,60829.390625,0.005668999627232552,0.008489281870424747,0.003733617952093482,0.5668999627232552,1.5268899518996477,0.6185768198221921,1.3463205662555993,0.618204290792346,3.8301255375146868,2.771567861363292,5.368583431094885,206.2935729838396,206.2935729838396,greedy,5.368583431094885,0.0,hard_fault_cluster
100,N3877,control0,0.09534391760826111,3.382814825326204,2.8111882627010343,0.17930178456008433,2.1988296364620328,0.09534391760826111,0.2675797939300537,0.8461716874688863,0.2510408669710159,0.0026757979393005372,-0.00208243727684021,-0.03062443993985653,-0.03062443993985653,0.6182273185998202,0.010929308831691742,0.03275088965892792,0.007355954498052597,102373.625,41544.125,60829.50390625,101718.890625,41137.5234375,60581.3671875,0.006395537871867418,0.009787221439182758,0.004079216625541449,0.6395537871867418,1.3298862371593714,0.2731353557948024,1.1521697216667235,0.2802632070425899,2.4047791376709937,1.774058269802481,3.382814825326204,209.6763878091658,209.6763878091658,greedy,3.382814825326204,0.0,hard_fault_cluster
101,N12847,control0,0.07296372205018997,2.0477850884199142,1.5440737783908844,0.2929819914698601,1.3310603074729443,0.07296372205018997,0.2778235673904419,1.639923343062401,1.0650219976902007,0.002778235673904419,0.008763432502746582,-0.038502804934978485,-0.038502804934978485,0.2085099136829376,0.014475289732217789,0.049298740923404694,0.007182005792856216,101720.1328125,41137.90234375,60582.23046875,101504.34375,40956.57421875,60547.7734375,0.002121399622410536,0.004407811444252729,0.0005687646334990859,0.21213996224105358,1.6868497356772423,1.0225965924561025,1.5073591638356447,1.0077801294624806,2.069676783680916,1.5890673388540746,2.0477850884199142,211.7241728975857,211.7241728975857,greedy,2.0477850884199142,0.0,hard_fault_cluster
102,N19276,control0,0.0013566510751843452,2.1015020236372948,1.5824853539466857,0.3005687399208546,1.3659763153642417,0.0013566510751843452,0.2809075117111206,1.67337916046381,1.074631291627884,0.002809075117111206,0.008205264806747437,-0.03827088326215744,-0.03827088326215744,0.3140060943365096,0.015446681529283524,0.0595100075006485,0.006092578172683716,101503.0234375,40956.0625,60546.9609375,101482.4765625,40861.2734375,60621.203125,0.00020242623577360064,0.002314408542588353,-0.0012261917581781745,0.020242623577360064,1.7873047813773155,1.2185669477283954,1.6053273100405931,1.2000396187603473,2.1226536899805066,1.6256065598130225,2.1015020236372948,213.825674921223,213.825674921223,greedy,2.1015020236372948,0.0,hard_fault_cluster
103,N6887,control0,-0.059966158121824265,2.3686544701457026,1.8001897037029264,0.31411651328206064,1.5396254055947067,-0.059966158121824265,0.28364628553390503,1.8054562769085167,1.1249437928199768,0.00283646285533905,0.0014370977878570557,-0.0399361252784729,-0.0399361252784729,-0.040128035992384015,0.01371079683303833,0.05541563034057617,0.004381038248538971,101481.859375,40860.90625,60620.953125,101175.59375,40766.05859375,60409.53125,0.003017934737727046,0.0023212323430925608,0.003487603971734643,0.3017934737727046,1.6147898435592651,0.8424919023364783,1.432007223367691,0.837568558678031,2.5002227731049063,1.8790709815546873,2.3686544701457026,216.1943293913687,216.1943293913687,greedy,2.3686544701457026,0.0,hard_fault_cluster
104,N3739,control0,-0.11248808354139328,2.2535807490348816,1.8048785805702208,0.2153548872470856,1.4648274868726732,-0.11248808354139328,0.2849280834197998,1.5283843681216238,1.0136818349361418,0.002849280834197998,-0.005935102701187134,-0.03974536806344986,-0.03974536806344986,-0.3304553046822548,0.01239057257771492,0.055036045610904694,0.0032142437994480133,101176.0703125,40766.5078125,60409.5625,100932.703125,40674.015625,60258.69140625,0.002405382925644517,0.0022688277531415224,0.00249747047200799,0.2405382925644517,1.484239973127842,0.7015820373594761,1.3003529366105795,0.7004379858076573,2.195562982559204,1.6780078323185443,2.2535807490348816,218.4479101404036,218.4479101404036,greedy,2.2535807490348816,0.0,hard_fault_cluster
105,N1592,control0,-0.14058789610862732,2.0756917463615534,1.9182290911674498,0.06345946220681073,1.3491996351350097,-0.14058789610862732,0.27866965532302856,0.434996504150331,0.18121202513575554,0.0027866965532302858,-0.013039499521255493,-0.0332852303981781,-0.0332852303981781,-0.04707627508789308,0.010373946279287338,0.0556664764881134,0.0019480064511299133,100931.2265625,40669.70703125,60261.51953125,100862.4375,40740.30078125,60122.1328125,0.0006815438973717391,-0.001735782134346664,0.0023130301851779222,0.06815438973717391,1.2827790528535843,0.44733438175171614,1.0987407341599464,0.4548911405727267,1.5857308115810156,1.4101554569415748,2.0756917463615534,220.52360188676514,220.52360188676514,greedy,2.0756917463615534,0.0,hard_fault_cluster
106,N4544,observe,-0.2331288754940033,1.3372199600096792,2.970980072021484,-0.08468441315926611,0.8691929740062916,-0.2331288754940033,0.27523142099380493,0.14464102841913698,-1.8116164794191716,0.002752314209938049,-0.012280285358428955,-0.03252816200256348,-0.03252816200256348,-0.4672094081435353,0.010435819625854492,0.06231972575187683,0.00018301606178283691,100863.4609375,40744.328125,60119.1328125,101511.28125,41050.5078125,60460.7734375,-0.006422745063900948,-0.00751465791836381,-0.005682727321982384,-0.6422745063900948,1.2862852215766907,0.4205560028553009,1.1042577773332596,0.43186580538749697,0.8116645758040251,0.6325819742726165,1.3372199600096792,221.86082184677483,221.86082184677483,greedy,1.3372199600096792,0.0,hard_fault_cluster
107,N5868,observe,-0.34734591841697693,0.5943403656361624,0.4868126213550567,0.028523649827111513,0.3863212376635056,-0.34734591841697693,0.27316927909851074,0.1446026586066,0.019861300289630887,0.0027316927909851072,-0.02300301194190979,-0.025647414848208427,-0.025647414848208427,0.09754703971557319,0.01043107733130455,0.05856088548898697,0.0013739950954914093,101511.640625,41051.01171875,60460.6328125,101916.5078125,41347.75,60568.7578125,-0.003988381940871477,-0.00722852535545826,-0.001788353780284524,-0.3988381940871477,1.2906295973807573,0.12547197748208416,1.1049881991930306,0.12464898634934797,0.4120686288923025,0.54477071499452,0.5943403656361624,222.45516221241098,222.45516221241098,greedy,0.5943403656361624,0.0,hard_fault_cluster
108,N7187,observe,-0.3802851736545563,0.7122238619877407,2.2730513393878935,0.0964630649117089,0.46294551029203146,-0.3802851736545563,0.270815908908844,0.5360329384608576,0.28828307092189787,0.00270815908908844,-0.032565534114837646,-0.021530333906412125,-0.021530333906412125,0.15513236145954576,0.012011229991912842,0.05939135700464249,0.0021424219012260437,101916.625,41347.88671875,60568.734375,101950.3671875,41423.7578125,60526.609375,-0.0003310763859190047,-0.0018349449383094907,0.0006954908603802323,-0.03310763859190047,1.450408574193716,0.399245233896072,1.2634443929418921,0.35626942074566614,0.595017595589161,1.4892614371329547,0.7122238619877407,223.16738607439873,223.16738607439873,greedy,0.7122238619877407,0.0,hard_fault_cluster
109,N7180,observe,-0.40708503127098083,0.8057212214793252,2.272724437713623,0.16218908297894813,0.5237187939615614,-0.40708503127098083,0.2679784297943115,0.8116963695611048,2.272565013170242,0.0026797842979431152,-0.04126688838005066,-0.017497031018137932,-0.017497031018137932,0.21414520733524114,0.01366845890879631,0.061405330896377563,0.0026761479675769806,101950.375,41423.7578125,60526.6171875,101897.484375,41427.4609375,60470.02734375,0.0005187879432924092,-8.939616236602888e-05,0.00093495799228549,0.05187879432924092,1.6173272896558046,0.795679449250456,1.4294662405736744,0.7956661991379224,0.8071264639496804,2.624632201567292,0.8057212214793252,223.97310729587807,223.97310729587807,greedy,0.8057212214793252,0.0,hard_fault_cluster
110,N5540,observe,-0.43384429812431335,0.8268060870934278,2.2816333949565886,0.169375875252299,0.5374239566107282,-0.43384429812431335,0.26639753580093384,0.8370229848194867,2.2818999648094174,0.002663975358009338,-0.04773697257041931,-0.01423843763768673,-0.01423843763768673,0.2150794293731451,0.015427447855472565,0.06384992599487305,0.0031862109899520874,101897.390625,41427.3359375,60470.05859375,101818.1015625,41405.84375,60412.2578125,0.0007781265303492546,0.0005187924252822995,0.0009558578603900969,0.07781265303492546,1.7949038837105036,0.8137484084442257,1.6057845600880682,0.8137555431202054,0.8413397148251534,2.6468708146363493,0.8268060870934278,224.79991338297148,224.79991338297148,greedy,0.8268060870934278,0.0,hard_fault_cluster
111,N5559,observe,-0.46591320633888245,0.8584168335655704,2.278005516529083,0.19458709444617853,0.5579709418176207,-0.46591320633888245,0.26252907514572144,0.8934830880025401,2.2866141915321347,0.0026252907514572143,-0.05279812216758728,-0.011236568912863731,-0.011236568912863731,0.24730335377156737,0.016905877739191055,0.06635884940624237,0.0034695565700531006,101818.125,41405.8515625,60412.26953125,101749.2578125,41385.4140625,60363.84375,0.000676374533213675,0.0004935896722599864,0.0008015885250642896,0.0676374533213675,1.9418802801519632,0.8449625677242875,1.75341090047732,0.8448716408386826,0.9283435180783273,2.7034232867509123,0.8584168335655704,225.65833021653705,225.65833021653705,greedy,0.8584168335655704,0.0,hard_fault_cluster
112,N7229,observe,-0.49593624472618103,0.8351973190903664,2.2723352432250974,0.18315316662192344,0.5428782574087382,-0.49593624472618103,0.2557687759399414,0.8578015878796577,0.7102834701538085,0.002557687759399414,-0.055119067430496216,-0.008394090458750725,-0.008394090458750725,0.24082794613670555,0.018127314746379852,0.06873087584972382,0.0037888996303081512,101749.328125,41385.51953125,60363.8046875,101683.78125,41361.41015625,60322.3671875,0.0006441996083594859,0.0005825558328069746,0.0006864626775495708,0.06441996083594859,2.060106160119176,0.8273921956517734,1.874575146008283,0.8244833936193027,0.8816771462559699,1.7408161623030902,0.8351973190903664,226.4935275356274,226.4935275356274,greedy,0.8351973190903664,0.0,hard_fault_cluster
113,N5564,observe,-0.5173824429512024,0.8380798154976219,2.275667095184326,0.1823388399416581,0.5447518800734542,-0.5173824429512024,0.2501458525657654,0.855701664974913,-0.03827899098396298,0.002501458525657654,-0.05566003918647766,-0.005299022421240807,-0.005299022421240807,0.23669463826343415,0.019189056009054184,0.07046666741371155,0.004132211208343506,101683.671875,41361.2734375,60322.3984375,101592.265625,41323.484375,60268.77734375,0.0008989275083877146,0.0009136339067481458,0.000888908514752984,0.08989275083877146,2.163752431049943,0.8637774769309908,1.9801173084415495,0.8603413526061923,0.8835307717323303,1.7308724743127826,0.8380798154976219,227.33160735112503,227.33160735112503,greedy,0.8380798154976219,0.0,hard_fault_cluster
114,N2032,control1,-0.36754968762397766,1.5553656816482542,3.145658719539642,-0.07864847779274012,1.0109876930713653,-0.36754968762397766,0.005539059638977051,-4.79709062576294,-5.999999999999999,5.5390596389770505e-05,-0.003922849893569946,0.165015310049057,0.005539059638977051,0.8733953273296358,0.016993287950754166,0.04124513268470764,0.0013644807040691376,101590.2421875,41317.8828125,60272.359375,100889.6875,40888.8046875,60000.8828125,0.006895885802805424,0.01038480456918478,0.00450416374951601,0.6895885802805424,1.8698831647634506,0.9894467040896415,1.741967387497425,1.0874765560030937,-0.4893179148435589,-0.027864525318145317,1.5553656816482542,228.88697303277328,228.88697303277328,greedy,1.5553656816482542,0.0,hard_fault_cluster
115,N5583,observe,-0.10264607518911362,1.5423809410174725,2.9929103970527646,0.0656928212173807,1.0025476116613572,-0.10264607518911362,0.058185428380966187,0.3081483455227862,-1.7992752093472517,0.0005818542838096619,0.005810350179672241,0.14782306551933289,0.058185428380966187,1.3841337187946192,0.023911282420158386,0.05263831466436386,0.0037041977047920227,100891.53125,40894.38671875,59997.140625,100957.5625,41037.1796875,59920.3828125,-0.0006544776260852814,-0.003491749754175544,0.0012793578207492828,-0.06544776260852814,2.5971367359161377,1.2379905959963797,2.4426303654909134,1.2228813549876212,1.057155393640278,1.3171510058661808,1.5423809410174725,230.42935397379077,230.42935397379077,greedy,1.5423809410174725,0.0,hard_fault_cluster
116,N5754,observe,-0.06734202802181244,1.9992875697091224,3.3655843973159785,0.06875456107780338,1.2995369203109295,-0.06734202802181244,0.0612419992685318,0.48004875969141714,-1.7145321778953073,0.000612419992685318,0.006986647844314575,0.14705026149749756,0.0612419992685318,2.5976818540878597,0.024735908955335617,0.05503963679075241,0.003731057047843933,100957.5859375,41037.1953125,59920.390625,100991.59375,41076.6328125,59914.9609375,-0.00033685247763060033,-0.0009610183769837022,9.061502350959927e-05,-0.03368524776306003,2.681883156299591,1.5429067295789718,2.525663960725069,1.5462376755475997,1.3310712847858668,1.4951963351108137,1.9992875697091224,232.42864154349988,232.42864154349988,greedy,1.9992875697091224,0.0,hard_fault_cluster
117,N5735,observe,-0.06191674992442131,1.998078393749893,3.3613090991973875,0.07154214130714537,1.2987509559374304,-0.06191674992442131,0.058701202273368835,0.4756892337277531,-1.7202819652855394,0.0005870120227336883,0.006170094013214111,0.14800266921520233,0.058701202273368835,2.0895526379160585,0.024837464094161987,0.05603792518377304,0.00354931503534317,100991.5625,41076.61328125,59914.9453125,100947.8671875,41066.4921875,59881.375,0.0004326630150899291,0.0002463955315761268,0.0005602994933724403,0.04326630150899291,2.69045028090477,1.531083715856075,2.5354223772883415,1.5258947739005086,1.331711658462882,1.4956125780008738,1.998078393749893,234.42671993724977,234.42671993724977,greedy,1.998078393749893,0.0,hard_fault_cluster
118,N5621,observe,-0.06340299546718597,1.0274452246725558,2.4674590349197385,0.15187147758901118,0.6678393960371614,-0.06340299546718597,0.05518585443496704,0.8486441649496554,2.273312985897064,0.0005518585443496704,0.005100041627883911,0.14912742376327515,0.05518585443496704,0.9230356884002685,0.024702217429876328,0.05651652067899704,0.0033130571246147156,100947.8828125,41066.49609375,59881.38671875,100861.984375,41035.7734375,59826.21484375,0.0008509186445735395,0.0007481197244487703,0.000921352650038898,0.08509186445735395,2.674535021185875,1.0214627879858016,2.5213000625371933,0.9376556771993637,0.9558158338069915,2.1962802919745443,1.0274452246725558,235.45416516192233,235.45416516192233,greedy,1.0274452246725558,0.0,hard_fault_cluster
119,N5640,observe,-0.06744822859764099,1.1906081715598702,2.6229681849479674,0.13390276288613676,0.7738953115139157,-0.06744822859764099,0.05142584443092346,0.7395034856162965,-1.4427954792976379,0.0005142584443092347,0.00414702296257019,0.15026050806045532,0.05142584443092346,0.8365185147523879,0.024448946118354797,0.05678437650203705,0.003039006143808365,100861.984375,41035.765625,59826.21875,100749.5859375,40990.2421875,59759.34375,0.001114378566853702,0.0011093600187450647,0.0011178209679201245,0.1114378566853702,2.6465809643268585,0.9447247838973999,2.4953161999583244,0.9447176313400268,1.0106999099254608,0.7619549414515497,1.1906081715598702,236.6447733334822,236.6447733334822,greedy,1.1906081715598702,0.0,hard_fault_cluster
120,N5659,observe,-0.07300322502851486,1.150853997655213,2.6103091001510617,0.1168350632302463,0.7480550984758885,-0.07300322502851486,0.047558560967445374,0.6286944589577615,-1.5194759935140607,0.0004755856096744537,0.0032920539379119873,0.1513867974281311,0.047558560967445374,0.6961154030263423,0.024124789983034134,0.056933365762233734,0.002742171287536621,100749.578125,40990.234375,59759.34765625,100613.65625,40933.03515625,59680.6171875,0.0013491061981767416,0.0013954353053122759,0.0013174586929380894,0.13491061981767416,2.61142435669899,0.9300763782858849,2.4622153379023075,0.9300370392203331,0.9738629058003425,0.7380108887702228,1.150853997655213,237.7956273311374,237.7956273311374,greedy,1.150853997655213,0.0,hard_fault_cluster
121,N5716,observe,-0.07919703423976898,1.088850673905108,2.4932801783084866,0.1729073201713618,0.7077529380383203,-0.07919703423976898,0.043808937072753906,0.89010684924433,2.272196555137634,0.00043808937072753907,0.0025623738765716553,0.15234516561031342,0.043808937072753906,0.9365467062592506,0.023768138140439987,0.0569695383310318,0.002445906400680542,100613.640625,40933.0234375,59680.61328125,100461.625,40869.34375,59592.28125,0.0015108848456293344,0.0015557045117020607,0.0014800791395828128,0.15108848456293344,2.572967916727066,1.2468956530094149,2.4258523397147655,1.1965667366981507,1.0176366209983825,2.7614638036489483,1.088850673905108,238.88447800504252,238.88447800504252,greedy,1.088850673905108,0.0,hard_fault_cluster
122,N18522,control1,-0.17095671594142914,0.8501927351206541,1.4261137545108793,0.2488923167437315,0.5526252778284252,-0.17095671594142914,0.03782028704881668,1.10716637596488,1.8595542848110198,0.0003782028704881668,-0.00018915534019470215,0.14867275953292847,0.03782028704881668,1.2087178882956504,0.018904153257608414,0.05172444134950638,-0.0001269802451133728,100459.484375,40867.40625,59592.078125,99638.4453125,40326.6953125,59311.75,0.008172838017344475,0.013230860233306885,0.004704117309302092,0.8172838017344475,2.0769083723425865,0.7815492288768291,1.9370385874062777,0.7046527700126171,1.1230781182646752,1.810194080993533,0.8501927351206541,239.73467074016318,239.73467074016318,greedy,0.8501927351206541,0.0,hard_fault_cluster
123,N21464,control1,-0.011175180785357952,1.2328548792749645,2.5848402261734007,0.19588422324508428,0.801355671528727,-0.011175180785357952,0.0747716873884201,1.1261145446449519,2.471360158920288,0.000747716873884201,-0.0048379600048065186,0.1497555822134018,0.0747716873884201,1.2686701053380967,0.022455904632806778,0.05869341641664505,0.0012276321649551392,99640.2265625,40328.2109375,59312.015625,99790.0625,40490.3125,59299.75,-0.0015037695411592722,-0.004019557498395443,0.00020679831504821777,-0.15037695411592722,2.4701177328824997,1.1090594133734704,2.3017222806811333,1.0967060527205468,1.1892895698547363,2.5520791347138583,1.2328548792749645,240.96752561943813,240.96752561943813,greedy,1.2328548792749645,0.0,hard_fault_cluster
124,N5887,observe,-0.05541599914431572,0.9011976135501754,2.3384813249111174,0.17312920331067289,0.585778448807614,-0.05541599914431572,0.05708746612071991,0.8515877825746428,-1.3274845540523528,0.0005708746612071991,-0.005824387073516846,0.15318118035793304,0.05708746612071991,0.9126237899065017,0.021712280809879303,0.05688254535198212,0.0010963082313537598,99790.359375,40490.68359375,59299.67578125,99809.125,40550.1953125,59258.93359375,-0.0001880504860309884,-0.0014697632286697626,0.000687055813614279,-0.01880504860309884,2.3814967274665833,0.9097102898359298,2.2237952426075935,0.909714760184288,0.8981063276529312,0.6887691129744055,0.9011976135501754,241.86872323298832,241.86872323298832,greedy,0.9011976135501754,0.0,hard_fault_cluster
125,N5602,observe,-0.07578182220458984,0.9770580496639014,2.3739079952239988,0.19611883882433176,0.6350877322815359,-0.07578182220458984,0.04808737337589264,0.9206177750602365,-1.327473247051239,0.0004808737337589264,-0.003882080316543579,0.1523725986480713,0.04808737337589264,0.9743200141191481,0.021567411720752716,0.05613837391138077,0.0010945126414299011,99809.203125,40550.24609375,59258.953125,99728.4375,40533.41796875,59195.01953125,0.000809200166258961,0.0004149943997617811,0.0010788849322125316,0.0809200166258961,2.3572011440992355,0.9626999497413635,2.2068561650812626,0.9626912474632263,1.0825149297714234,0.980519083142281,0.9770580496639014,242.8457812826522,242.8457812826522,greedy,0.9770580496639014,0.0,hard_fault_cluster
126,N5925,observe,-0.08719450980424881,1.0046873919665813,2.387517827749252,0.20389102078974247,0.6530468047782779,-0.08719450980424881,0.042770951986312866,0.9392366177588701,-1.3275896131992337,0.00042770951986312864,-0.002447277307510376,0.15186572074890137,0.042770951986312866,0.9983049267530442,0.02146241068840027,0.055676549673080444,0.001054760068655014,99728.3359375,40533.34375,59194.9921875,99654.4609375,40509.2890625,59145.171875,0.0007407623925246298,0.0005934542859904468,0.0008416305063292384,0.07407623925246298,2.340877741575241,0.9831691393256188,2.1949002370238304,0.9831637153029442,1.1546144366264344,0.8554993838071826,1.0046873919665813,243.85046867461878,243.85046867461878,greedy,1.0046873919665813,0.0,hard_fault_cluster
127,N5944,observe,-0.09330932050943375,0.9584791295230388,2.4088994085788724,0.1533708933740854,0.6230114341899753,-0.09330932050943375,0.03993898630142212,0.8509091384708881,-1.327630752325058,0.00039938986301422117,-0.001505047082901001,0.1515301614999771,0.03993898630142212,0.9410880652070045,0.021411195397377014,0.0553375780582428,0.0010373331606388092,99654.46875,40509.28515625,59145.1796875,99584.3671875,40483.5078125,59100.859375,0.0007034462760202587,0.0006363317370414734,0.0007493478478863835,0.07034462760202587,2.3325886875391006,0.936615451425314,2.1889868266880512,0.9366121135652066,1.0037293538451195,0.7574240799993279,0.9584791295230388,244.8089478041418,244.8089478041418,greedy,0.9584791295230388,0.0,hard_fault_cluster
128,N5963,observe,-0.0968976840376854,0.9339935190975667,2.410047215223312,0.1352553304284811,0.6070957874134184,-0.0968976840376854,0.038419872522354126,0.8147019006311893,-1.3276790678501127,0.00038419872522354125,-0.0009443461894989014,0.15141810476779938,0.038419872522354126,0.9248251801729201,0.021384652704000473,0.05507490038871765,0.0010340772569179535,99584.359375,40483.5,59100.85546875,99520.8828125,40459.6640625,59061.21875,0.000637414981611073,0.0005887815495952964,0.0006706623244099319,0.0637414981611073,2.328303247690201,0.9212177592515945,2.1859247647225857,0.9212135869264603,0.9517486691474915,0.7236366349458697,0.9339935190975667,245.74294132323936,245.74294132323936,greedy,0.9339935190975667,0.0,hard_fault_cluster
129,N18516,control1,-0.1688208431005478,0.9089221708476544,0.9356221675872802,0.16608191318809984,0.5907994110509753,-0.1688208431005478,0.04359462857246399,0.872238040715456,1.0558684468269348,0.0004359462857246399,0.010587334632873535,0.1504010558128357,0.04359462857246399,0.9966716983914374,0.02422225847840309,0.0584651455283165,0.0022175833582878113,100961.671875,40859.015625,60102.65234375,100956.859375,40910.0,60046.859375,4.766660276800394e-05,-0.0012478121789172292,0.0009282946120947599,0.004766660276800394,2.616221532225609,0.8270738331973553,2.470724768936634,0.7061397640407086,0.9929026052355766,1.1470365777611733,0.9089221708476544,246.65186349408702,246.65186349408702,greedy,0.9089221708476544,0.0,hard_fault_cluster
130,N3832,observe,-0.09541676193475723,1.110575160384178,2.4391131341457366,0.23415644824504853,0.7218738542497157,-0.09541676193475723,0.04991449415683746,1.2004511162638662,-1.12537624835968,0.0004991449415683747,0.006481587886810303,0.1480569690465927,0.04991449415683746,1.384141439497471,0.025789320468902588,0.060194939374923706,0.0031571388244628906,100958.8359375,40911.58984375,60047.24609375,100647.484375,40907.17578125,59740.3125,0.003083945717662573,0.00010789271618705243,0.005111535079777241,0.3083945717662573,2.776903510093689,1.5288580495119095,2.6284249126911163,1.6380498671531678,1.3661865413188934,0.993021251857281,1.110575160384178,247.7624386544712,247.7624386544712,greedy,1.110575160384178,0.0,hard_fault_cluster
131,N19350,control0,0.029640309512615204,1.5323931992053985,2.6714769721031186,0.3319198131561279,0.9960555794835091,0.029640309512615204,0.07201756536960602,1.5315436904132365,2.569839882850647,0.0007201756536960602,0.006044656038284302,0.13463109731674194,0.07201756536960602,1.785011570751667,0.02357347309589386,0.05976695567369461,0.0011902153491973877,100647.78125,40907.515625,59740.26171875,99834.453125,40726.171875,59108.28125,0.008080934174358845,0.004433018155395985,0.010578802786767483,0.8080934174358845,2.563995972275734,1.4886997218430043,2.409009475260973,1.4422843332588673,1.9307812735438348,3.355007827803492,1.5323931992053985,249.29483185367658,249.29483185367658,greedy,1.5323931992053985,0.0,hard_fault_cluster
132,N1256,observe,0.029588546603918076,1.6989261366426947,2.8674282193183895,0.2819343092292547,1.1043019888177517,0.029588546603918076,0.07077465951442719,1.5801377229392528,2.751711368560791,0.0007077465951442718,0.003416717052459717,0.14392058551311493,0.07077465951442719,1.7718537440896034,0.024149686098098755,0.05837161839008331,0.0021924376487731934,99834.1171875,40725.79296875,59108.32421875,99675.0625,40659.0234375,59016.0390625,0.0015931896632537246,0.0016394900158047676,0.0015612886054441333,0.15931896632537246,2.6296638548374176,2.1745087999105452,2.468642421066761,2.0078076857328417,1.5936281964182855,3.135858327671885,1.6989261366426947,250.99375799031927,250.99375799031927,greedy,1.6989261366426947,0.0,hard_fault_cluster
133,N6095,observe,-0.03546014055609703,1.5331951075233519,2.687505292892456,0.3188570763077587,0.9965768198901788,-0.03546014055609703,0.05017925798892975,1.7169607617892326,2.9064557313919064,0.0005017925798892975,0.0020467042922973633,0.14938531816005707,0.05017925798892975,1.931696670204401,0.023101922124624252,0.05691405385732651,0.0017673037946224213,99675.3125,40659.46484375,59015.8515625,99580.9375,40600.0078125,58980.9296875,0.0009468242060393095,0.0014623170718550682,0.0005917372182011604,0.09468242060393095,2.509756788611412,1.5951629389822481,2.360083356499672,1.570819209963083,1.5088905856013297,3.080778880640864,1.5331951075233519,252.5269530978426,252.5269530978426,greedy,1.5331951075233519,0.0,hard_fault_cluster
134,N1257,observe,-0.003974291495978832,1.8923767004162073,2.952805840969085,0.3447787254676223,1.2300448552705348,-0.003974291495978832,0.06052897870540619,1.8626592848449945,2.925208330154419,0.0006052897870540619,0.0012542903423309326,0.14886592328548431,0.06052897870540619,2.0874971216917038,0.02334558591246605,0.05694029480218887,0.0019118338823318481,99580.6953125,40599.53125,58981.1640625,99428.75,40520.3125,58908.4375,0.0015258510829880834,0.0019512232393026352,0.001233047223649919,0.15258510829880834,2.5439534932374954,1.9994460710883142,2.3869073167443275,1.9373488792777063,1.8487988978624343,3.301719283610582,1.8923767004162073,254.41932979825881,254.41932979825881,greedy,1.8923767004162073,0.0,hard_fault_cluster
135,N1255,observe,0.004852612502872944,1.88918851390481,2.9864387869834896,0.3139589907974005,1.2279725340381265,0.004852612502872944,0.06515102088451385,1.7137490846216676,2.800709986686706,0.0006515102088451386,-0.00029987096786499023,0.14984257519245148,0.06515102088451385,1.892901883125305,0.023090627044439316,0.05637922137975693,0.0018499530851840973,99428.7734375,40520.3125,58908.4609375,99307.09375,40457.5390625,58849.5546875,0.0012237874325364828,0.0015491844387724996,0.0009999624453485012,0.12237874325364828,2.524056300520897,1.9654995915293694,2.362811103463173,1.896738004386425,1.7794038891792296,3.014224472865462,1.88918851390481,256.30851831216364,256.30851831216364,greedy,1.88918851390481,0.0,hard_fault_cluster
136,N7598,control1,0.036090921610593796,1.6822327673435211,1.9738778233528136,0.34172335863113407,1.0934512987732887,0.036090921610593796,0.08375798165798187,2.026771768927574,2.2655962347984313,0.0008375798165798187,-0.002704620361328125,0.1464911550283432,0.08375798165798187,2.4098679241538044,0.02095337212085724,0.05564641207456589,0.0002450123429298401,99313.640625,40458.8125,58854.828125,98872.96875,40320.63671875,58552.3359375,0.004437173716723919,0.003415220882743597,0.005139632616192102,0.4437173716723919,2.325586348772049,1.7250735107064248,2.152899496257305,1.6340417209267617,2.000238135457039,2.276040417030454,1.6822327673435211,257.99075107950716,257.99075107950716,greedy,1.6822327673435211,0.0,hard_fault_cluster
137,N6115,observe,-0.02342313900589943,1.1558234445750715,2.499082922935486,0.21485592670738698,0.7512852389737965,-0.02342313900589943,0.058743223547935486,1.2346252031624316,-1.011524176597595,0.0005874322354793549,-0.002357572317123413,0.1519879251718521,0.058743223547935486,1.4242227874696254,0.0207899771630764,0.05361838638782501,0.0007641278207302094,98866.9140625,40319.9609375,58546.953125,98986.875,40355.00390625,58631.8671875,-0.0012133577838540077,-0.0008691221009939909,-0.0014503583079203963,-0.12133577838540077,2.2897288650274277,1.6518799811601639,2.131680503487587,1.6176333218812942,1.1881231680512427,0.877280059233308,1.1558234445750715,259.1465745240822,259.1465745240822,greedy,1.1558234445750715,0.0,hard_fault_cluster
138,N6058,observe,-0.051257725805044174,1.0912508927285671,2.435975086688995,0.22329680122435094,0.7093130802735687,-0.051257725805044174,0.046417757868766785,1.250286769121885,-1.0011715531349181,0.00046417757868766785,-0.0015148818492889404,0.1538769155740738,0.046417757868766785,1.631445024907589,0.02077639102935791,0.053507424890995026,0.000833515077829361,98986.7890625,40354.859375,58631.9296875,99036.9375,40359.19140625,58677.75,-0.000506617478094995,-0.00010734843817772344,-0.0007814907585270703,-0.0506617478094995,2.2779337763786316,1.7609613573551177,2.127712771296501,1.7190974390506744,1.2292954951524735,0.904042071849108,1.0912508927285671,260.2378254168108,260.2378254168108,greedy,1.0912508927285671,0.0,hard_fault_cluster
139,N6039,observe,-0.0625886544585228,1.17023890465498,2.4327903926372527,0.2812953995168209,0.760655288025737,-0.0625886544585228,0.041638702154159546,1.5215843528509139,-0.8114531755447386,0.00041638702154159544,-0.00040966272354125977,0.1534646898508072,0.041638702154159546,1.8856688787043097,0.020940318703651428,0.05361923575401306,0.000932641327381134,99036.8828125,40359.1484375,58677.734375,99043.7734375,40345.234375,58698.5390625,-6.957635196158662e-05,0.0003447560884524137,-0.0003545584622770548,-0.0069576351961586624,2.2891352623701096,2.056567157506943,2.1428077183663845,1.9912014019489288,1.4622248381376266,1.0554461447894576,1.17023890465498,261.40806432146576,261.40806432146576,greedy,1.17023890465498,0.0,hard_fault_cluster
140,N6999,observe,-0.15793824195861816,0.9300794656056678,0.6956250011920928,0.24703050205891486,0.604551652643684,-0.15793824195861816,0.05649513006210327,1.5321593471890083,1.1212723271921277,0.0005649513006210327,0.00237467885017395,0.1488504856824875,0.05649513006210327,1.8751438008420518,0.02342884987592697,0.0610680878162384,0.0018507465720176697,99043.6171875,40344.96484375,58698.65234375,99339.21875,40292.86328125,59046.35546875,-0.0029845593962818384,0.001291401800699532,-0.005923528224229813,-0.29845593962818384,2.548230603337288,2.516253482667962,2.394221391528845,2.4342971914692315,1.2720826409989967,0.9748074585490394,0.9300794656056678,262.33814378707143,262.33814378707143,greedy,0.9300794656056678,0.0,hard_fault_cluster
141,N12990,control1,-0.18679596483707428,3.663836622983217,3.7090898513793946,0.15314980082213878,2.3814938049390912,-0.18679596483707428,0.04221762716770172,0.5911176462471486,0.12294660508632661,0.0004221762716770172,0.0015827715396881104,0.15167897939682007,0.04221762716770172,3.180792035833001,0.019537337124347687,0.05256417393684387,0.0001954697072505951,99339.2421875,40292.65625,59046.5859375,99433.5625,40465.359375,58968.20703125,-0.000949476845562458,-0.00428621843457222,0.0013274078955873847,-0.0949476845562458,2.1476303189992905,3.4051971399784087,2.002207864075899,2.309221621751785,2.0048087194561957,1.8896238143369555,3.663836622983217,266.00198041005467,266.00198041005467,greedy,3.663836622983217,0.0,hard_fault_cluster
142,N4527,control1,-0.35035064816474915,1.6139446339011192,0.875435435771942,0.6525429329276083,1.0490640120357275,-0.35035064816474915,-0.028219886124134064,-0.20448461621999758,-0.8555966037456528,-0.0002821988612413406,0.008730441331863403,0.12601397931575775,-0.028219886124134064,-0.5890403795242309,0.01712106540799141,0.0486457422375679,-0.0003268793225288391,99433.15625,40465.1015625,58968.0546875,99138.5390625,40258.9921875,58879.546875,0.0029629673808813095,0.005093509331345558,0.001500945072621107,0.29629673808813095,1.8099006339907646,1.267075161933899,1.7365550640970469,1.8476854372024536,0.49403103888034827,0.5743425238800774,1.6139446339011192,267.61592504395577,267.61592504395577,greedy,1.6139446339011192,0.0,hard_fault_cluster
143,N19311,control1,-0.5126266479492188,0.9703708253800869,1.6017541646957398,0.18148736216127873,0.6307410364970565,-0.5126266479492188,0.2242550402879715,0.7315953219681978,0.5034225404262542,0.002242550402879715,-0.019462615251541138,-0.015598421916365623,-0.015598421916365623,0.563031017780304,0.009753797203302383,0.05994126945734024,0.0006034858524799347,99138.78125,40259.32421875,58879.45703125,98612.546875,40008.94921875,58603.59375,0.005308057647198439,0.006219056434929371,0.004685221239924431,0.5308057647198439,1.1840363387018442,0.2870929224789142,1.0275438749231398,0.07533793546259399,1.2196617871522903,1.502642617225647,0.9703708253800869,268.58629586933586,268.58629586933586,greedy,0.9703708253800869,0.0,hard_fault_cluster
144,N19312,control1,-0.509789764881134,1.8938223592936994,1.9438512444496152,0.23029315836727618,1.2309845335409046,-0.509789764881134,0.22407518327236176,0.9167237013578414,0.7375912159681319,0.0022407518327236175,-0.022992581129074097,-0.014833508059382439,-0.014833508059382439,0.05428246840834616,0.008434966206550598,0.0623147115111351,-0.001516886055469513,98612.28125,40008.796875,58603.484375,98366.046875,39887.5,58478.55078125,0.0024969950318336487,0.0030317550990730524,0.0021318458020687103,0.24969950318336487,1.0527382958680391,0.9330459736287593,0.8958070394583046,0.9269302390515803,1.9704041987657548,1.9661531960964203,1.8938223592936994,270.4801182286296,270.4801182286296,greedy,1.8938223592936994,0.0,hard_fault_cluster
145,N3848,observe,-0.5100194811820984,2.4555080969352274,1.8807374715805052,0.1202288170112297,1.5960802630078978,-0.5100194811820984,0.23928521573543549,1.8590663893846795,1.5263066649436952,0.002392852157354355,-0.021884143352508545,-0.01652923785150051,-0.01652923785150051,-0.6154186824662611,0.012692846357822418,0.07480761408805847,-0.0008257627487182617,98366.484375,39887.84375,58478.640625,99179.1953125,40177.15625,59002.0390625,-0.008262071758508682,-0.007253149524331093,-0.008950249291956425,-0.8262071758508682,1.4920406136661768,1.3932709039468318,1.3249736302532256,1.3908726872224362,2.173603567783721,1.526504155221628,2.4555080969352274,272.9356263255648,272.9356263255648,greedy,2.4555080969352274,0.0,hard_fault_cluster
146,N7008,observe,-0.5546371936798096,1.56112765258149,1.3254052221775054,0.13819005916433524,1.0147329741779687,-0.5546371936798096,0.24704213440418243,1.3554258828698948,1.14837087392807,0.0024704213440418245,-0.021243304014205933,-0.0171333160251379,-0.0171333160251379,-0.3165173196590332,0.01419050246477127,0.0810224860906601,-0.000779367983341217,99179.1015625,40177.109375,59001.9921875,99825.9921875,40365.76171875,59460.23046875,-0.006522448733448982,-0.00469551794230938,-0.00776648847386241,-0.6522448733448982,1.6489590648561716,1.1368143830259214,1.4765274510718882,1.1373724970777401,1.4514510983128275,1.178035156928927,1.56112765258149,274.4967539781463,274.4967539781463,greedy,1.56112765258149,0.0,hard_fault_cluster
147,N3844,observe,-0.6157652139663696,1.660655212117126,1.3489182114601133,0.18787332514824812,1.079425887876132,-0.6157652139663696,0.2509111166000366,1.4187622334255137,1.1350156843662262,0.0025091111660003663,-0.022860348224639893,-0.016430465504527092,-0.016430465504527092,-0.013321381467976623,0.015884660184383392,0.08785215020179749,-0.00042907148599624634,99826.125,40365.8203125,59460.3046875,100355.515625,40515.765625,59839.75,-0.005303127225488424,-0.0037146604154258966,-0.006381489336490631,-0.5303127225488424,1.8229466695338488,1.3760227385291364,1.6470861812122166,1.3811050954589155,1.4763218216918177,1.1661719871893002,1.660655212117126,276.1574091902634,276.1574091902634,greedy,1.660655212117126,0.0,hard_fault_cluster
148,N5267,observe,-0.47288379073143005,2.5001499354839325,1.7776524722576141,0.4110954946279526,1.625097458064556,-0.47288379073143005,0.26071369647979736,2.072745559811592,1.2635038554668427,0.0026071369647979736,-0.028314977884292603,-0.015090422704815865,-0.015090422704815865,0.4739060086011886,0.01783500239253044,0.0880909115076065,0.001407388597726822,100355.71875,40515.8671875,59839.8515625,99798.546875,40257.8671875,59540.68359375,0.005551969166845083,0.006367875728756189,0.0049994769506156445,0.5551969166845083,2.0291235130280256,2.3766296914219858,1.8449060576967895,2.437227766811848,2.5454170465469357,1.8958511484414335,2.5001499354839325,278.65755912574735,278.65755912574735,greedy,2.5001499354839325,0.0,hard_fault_cluster
149,N4542,observe,-0.600217342376709,1.652251662313938,1.4915237247943876,0.11168726608157159,1.0739635805040597,-0.600217342376709,0.2541596293449402,1.086591374874115,0.6317549884319305,0.002541596293449402,-0.026409506797790527,-0.016105743125081062,-0.016105743125081062,-0.1821672287583352,0.016487382352352142,0.08591486513614655,-9.550154209136963e-05,99798.140625,40257.2890625,59540.8515625,100171.7578125,40462.4765625,59709.28125,-0.003743728855624795,-0.005096903070807457,-0.0028288087341934443,-0.3743728855624795,1.8867921214550734,1.313987821340561,1.708251706790179,1.3116109549999238,1.463531169295311,1.1063522531744092,1.652251662313938,280.30981078806127,280.30981078806127,greedy,1.652251662313938,0.0,hard_fault_cluster
150,N4538,observe,-0.6487761735916138,1.6985708087682725,3.148574256896972,0.04271144777536395,1.104071025699377,-0.6487761735916138,0.2526090741157532,1.039659324288368,0.6510117292404174,0.0025260907411575315,-0.027382761240005493,-0.015821633860468864,-0.015821633860468864,-0.1207861435413361,0.016917042434215546,0.08776865899562836,-0.00047989189624786377,100171.265625,40462.1328125,59709.1328125,100533.890625,40641.7578125,59892.1328125,-0.003620050149038434,-0.004439335782080889,-0.0030648577958345413,-0.3620050149038434,1.9284916836768389,1.5034158623218536,1.7509011034853756,1.533303931951523,1.5780311942100524,2.127885000310489,1.6985708087682725,282.00838159682957,282.00838159682957,greedy,1.6985708087682725,0.0,hard_fault_cluster
151,N4539,observe,-0.6843180656433105,1.6702788949012757,3.1551305651664734,0.0173342460393906,1.0856812816858292,-0.6843180656433105,0.2513223886489868,0.9868089377880096,0.6409742832183838,0.0025132238864898683,-0.0279293954372406,-0.015480456873774529,-0.015480456873774529,-0.09706742525100709,0.017473265528678894,0.08968807756900787,-0.000721953809261322,100534.046875,40641.93359375,59892.1171875,100871.8046875,40801.5859375,60070.21875,-0.0033596360590308905,-0.00392826646566391,-0.002973706228658557,-0.33596360590308905,1.9831684846431017,1.4539615613222123,1.8062870358116925,1.4887973409891129,1.5025644302368164,2.079051307021873,1.6702788949012757,283.67866049173085,283.67866049173085,greedy,1.6702788949012757,0.0,hard_fault_cluster
152,N7020,observe,-0.713099479675293,1.9361628204584123,3.1319986104965207,0.22311515539884566,1.258505833297968,-0.713099479675293,0.2534981966018677,1.382840013206005,2.502563393115997,0.002534981966018677,-0.03477299213409424,-0.0091529730707407,-0.0091529730707407,0.5135725486278533,0.016769472509622574,0.08554774522781372,0.0001428350806236267,100872.46875,40802.2265625,60070.23828125,100988.890625,40923.27734375,60065.6171875,-0.0011541491840034723,-0.00296676903963089,7.692817598581314e-05,-0.11541491840034723,1.9212924744933844,1.5420146176218987,1.7380335568450391,1.5761910864710809,1.9767082780599594,3.0848063826560974,1.9361628204584123,285.6148233121893,285.6148233121893,greedy,1.9361628204584123,0.0,hard_fault_cluster
153,N6977,observe,-0.7268174886703491,1.9334895074367522,3.197205126285553,0.1658182978630066,1.256768179833889,-0.7268174886703491,0.2538720369338989,1.2882649362087248,2.5171509265899656,0.0025387203693389895,-0.040475696325302124,-0.005931233987212181,-0.005931233987212181,0.43402085991576317,0.017024993896484375,0.08337719738483429,0.0005096383392810822,100988.65625,40923.125,60065.52734375,100935.40625,40939.15625,59996.25,0.0005272869602777064,-0.0003917406138498336,0.0011533627985045314,0.05272869602777064,1.9504401925951242,1.3784698221390137,1.7644845903851092,1.351305124491919,1.651114749908447,2.648224587440491,1.9334895074367522,287.54831281962606,287.54831281962606,greedy,1.9334895074367522,0.0,hard_fault_cluster
154,N6980,observe,-0.7323346138000488,1.8704862415790555,3.12692322731018,0.18145562589168548,1.215816057026386,-0.7323346138000488,0.24866314232349396,1.2916614100337027,-1.1002885162830351,0.0024866314232349397,-0.0425228476524353,-0.0036506298929452896,-0.0036506298929452896,0.4753661012649536,0.017765052616596222,0.08233453333377838,0.001163765788078308,100935.6328125,40939.296875,59996.3359375,100810.984375,40905.625,59905.359375,0.001234930008649826,0.0008224829798564315,0.0015163685893639922,0.1234930008649826,2.021517774090171,1.3482072809711099,1.8377583897672594,1.3356858352199197,1.7158246606588363,1.2202860294282438,1.8704862415790555,289.4187990612051,289.4187990612051,greedy,1.8704862415790555,0.0,hard_fault_cluster
155,N3860,observe,-0.7957677841186523,1.5772529814188603,1.4402714014053344,0.0931774061403121,1.0252144379222592,-0.7957677841186523,0.24629910290241241,1.1286315558172646,1.0644474029541016,0.002462991029024124,-0.03827562928199768,-0.003350811079144478,-0.003350811079144478,0.3344966812620987,0.017733033746480942,0.08885842561721802,1.9848346710205078e-05,100811.109375,40905.7421875,59905.3671875,100966.109375,40843.2734375,60122.83984375,-0.0015375289367511868,0.001527138869278133,-0.003630270017310977,-0.15375289367511868,2.016251666471362,1.193018798882258,1.8340404476039112,1.1804761994426372,1.3380213798445766,1.0422784178838629,1.5772529814188603,290.99605204262394,290.99605204262394,greedy,1.5772529814188603,0.0,hard_fault_cluster
156,N14429,observe,-0.778619110584259,1.6810024306178093,2.960299170017242,0.19044740691781045,1.0926515799015761,-0.778619110584259,0.24524162709712982,1.1935492861270904,-1.1846279382705687,0.002452416270971298,-0.04339858889579773,-0.0007364507764577866,-0.0007364507764577866,0.5797765240073204,0.018386200070381165,0.08554184436798096,0.0010575167834758759,100966.015625,40843.4921875,60122.52734375,100788.0,40824.9453125,59963.0546875,0.0017631242517381907,0.0004540962108876556,0.002652460942044854,0.17631242517381907,2.0831251833587885,1.2856106931716205,1.8997463011182845,1.2768600756675006,1.643673186004162,1.1733875709027055,1.6810024306178093,292.67705447324175,292.67705447324175,greedy,1.6810024306178093,0.0,hard_fault_cluster
157,N2071,observe,-0.5503593683242798,2.145455351471901,3.3931088924407957,0.14767618745565417,1.3945459784567358,-0.5503593683242798,0.24866734445095062,1.3756698310375213,2.545272397994995,0.002486673444509506,-0.03528675436973572,-0.00415683351457119,-0.00415683351457119,0.20270349323749537,0.02392289787530899,0.0964818000793457,0.0021235644817352295,100787.9375,40824.7109375,59963.2265625,100603.546875,40812.52734375,59791.015625,0.0018294909968972206,0.0002984367311000824,0.002871942473575473,0.18294909968972206,2.6368002984672785,1.8598559784889221,2.453417415264994,1.862107102870941,2.0910228729248046,3.459164867401123,2.145455351471901,294.8225098247137,294.8225098247137,greedy,2.145455351471901,0.0,hard_fault_cluster
158,N4526,control1,-0.7919370532035828,1.1391659200191497,1.0369967877864836,0.15787679851055147,0.7404578480124474,-0.7919370532035828,0.2166280597448349,0.7335158099234104,0.5601250946521759,0.002166280597448349,-0.038191646337509155,-0.004645379260182381,-0.004645379260182381,0.024457567632198307,0.019118614494800568,0.08703632652759552,-0.0004065707325935364,100603.203125,40811.91796875,59791.28125,99824.4609375,40376.37109375,59448.08984375,0.007740729488432407,0.010672051459550858,0.0057398234494030476,0.7740729488432407,2.1238441299647093,0.9487067492306233,1.96485711960122,0.9574692280590534,1.5537586852908134,1.3428217922896148,1.1391659200191497,295.9616757447328,295.9616757447328,greedy,1.1391659200191497,0.0,hard_fault_cluster
159,N6963,control1,-0.8376634120941162,1.094243161380291,1.1484392404556274,0.06505086615681649,0.7112580548971892,-0.8376634120941162,0.2095329910516739,0.6075833451747894,0.5937443614006042,0.0020953299105167388,-0.030037522315979004,0.0006273966282606125,0.0006273966282606125,0.22687613889575003,0.016489654779434204,0.086707204580307,-0.0027270466089248657,99824.796875,40376.96875,59447.83203125,99498.1875,40266.85546875,59231.33203125,0.0032718260772526264,0.0027271308936178684,0.0036418484523892403,0.32718260772526264,1.859125865623355,0.619061794821173,1.701505574863404,0.6161982386745513,1.1124027952551843,1.066293526366353,1.094243161380291,297.0559189061131,297.0559189061131,greedy,1.094243161380291,0.0,hard_fault_cluster
160,N3856,observe,-0.8209757208824158,1.4681080566486344,0.9973147988319397,0.12686390485847368,0.9542702368216124,-0.8209757208824158,0.2276630848646164,1.2813621963025073,1.1067232310771942,0.0022766308486461637,-0.027926146984100342,5.281530320644379e-05,5.281530320644379e-05,-0.32999885708326476,0.01997321844100952,0.0964866429567337,-0.0012193769216537476,99498.3125,40266.9140625,59231.3984375,100045.140625,40451.15625,59593.98828125,-0.005495853256434202,-0.00457552308216691,-0.006121581885963678,-0.5495853256434202,2.225037744268775,1.189863541587256,2.054250819142908,1.1985021858057008,1.3900947910151444,0.8314089940156555,1.4681080566486344,298.52402696276175,298.52402696276175,greedy,1.4681080566486344,0.0,hard_fault_cluster
161,N3852,observe,-0.9564457535743713,1.5119089767336846,1.414908504486084,0.24682950511574747,0.982740834876895,-0.9564457535743713,0.21539027988910675,1.6377068981528282,1.4827229976654053,0.0021539027988910675,-0.017270416021347046,-0.009128725156188011,-0.009128725156188011,0.06076790332794191,0.026029694825410843,0.10332459211349487,0.0009044818580150604,101750.5078125,41001.4375,60749.0703125,102552.265625,41512.6328125,61039.6328125,-0.007879644632339478,-0.012467741034924984,-0.004782995209097862,-0.7879644632339478,2.809231037274003,1.983477184176445,2.654534871224314,1.9798921436071395,1.5473098665475844,1.4797490975260734,1.5119089767336846,300.03593593949546,300.03593593949546,greedy,1.5119089767336846,0.0,hard_fault_cluster
162,N1260,observe,-0.8698953986167908,1.9180877119302748,2.9567733049392695,0.35940408915281297,1.2467570127546788,-0.8698953986167908,0.22269020974636078,1.7852172821760177,-0.8695376157760619,0.0022269020974636077,-0.027680546045303345,-0.003471182659268379,-0.003471182659268379,0.5863605558872222,0.027106404304504395,0.10036186873912811,0.0029568858444690704,102552.03125,41512.5078125,61039.5234375,102142.6875,41450.6640625,60692.0234375,0.003991571255028248,0.0014897618675604463,0.005693032871931791,0.3991571255028248,2.929859457537532,2.21598690032959,2.7654451872222126,2.2141485142707826,2.1332222878932954,2.0165944871306425,1.9180877119302748,301.95402365142576,301.95402365142576,greedy,1.9180877119302748,0.0,hard_fault_cluster
163,N7017,observe,-0.8432691693305969,1.6108380854129791,1.45683154463768,0.1059939980506897,1.0470447555184366,-0.8432691693305969,0.22080980241298676,1.1519407227635383,0.9669190406799316,0.0022080980241298677,0.024896591901779175,-0.0005522128194570541,-0.0005522128194570541,0.2108394882082939,0.024176672101020813,0.09098559617996216,0.0050109997391700745,102142.8984375,41450.75,60692.1484375,102294.265625,41431.45703125,60862.8046875,-0.0014819159405305982,0.0004654431832022965,-0.0028118339832872152,-0.14819159405305982,2.637924799695611,1.1911102053523064,2.4727316075004637,1.1898788031935692,1.3498956188559532,1.1201691691577436,1.6108380854129791,303.56486173683874,303.56486173683874,greedy,1.6108380854129791,0.0,hard_fault_cluster
164,N7014,observe,-0.7498629093170166,1.7865013225004076,1.5920858919620513,0.06927305879071356,1.161225859625265,-0.7498629093170166,0.20592136681079865,0.900165754277259,0.47442849874496457,0.0020592136681079863,0.07516548037528992,0.0034542176872491837,0.0034542176872491837,0.33404188830318154,0.02275858074426651,0.08257922530174255,0.007899776101112366,102294.140625,41431.40625,60862.73828125,102434.421875,41417.13671875,61017.28125,-0.001371351769194007,0.00034441339084878564,-0.0025392048992216587,-0.1371351769194007,2.485233658924699,1.4744561282875657,2.328201970551163,1.4911486951592088,1.283877385687083,0.9482126216916368,1.7865013225004076,305.3513630593391,305.3513630593391,greedy,1.7865013225004076,0.0,hard_fault_cluster
165,N7002,observe,-0.4980945885181427,1.7834377977065743,2.0825620770454405,-0.02173995049670338,1.1592345685092733,-0.4980945885181427,0.16196945309638977,-0.31068834439385684,-2.2721496582031246,0.0016196945309638977,0.17073550820350647,0.010809624567627907,0.010809624567627907,0.7242966144811362,0.019545473158359528,0.055160559713840485,0.015469279140233994,102434.359375,41416.99609375,61017.3671875,102603.09375,41428.55859375,61174.53125,-0.0016472438583150506,-0.000279172818409279,-0.0025757267139852047,-0.16472438583150506,2.1273263934999704,1.0131468532094732,1.9977420852519572,1.0623379704961553,0.7578490387648343,-0.0025058158673345043,1.7834377977065743,307.1348008570457,307.1348008570457,greedy,1.7834377977065743,0.0,hard_fault_cluster
166,N6996,observe,-0.5650819540023804,1.4402102791797007,1.8144406557083128,-0.08375023369681003,0.9361366814668055,-0.5650819540023804,0.17683784663677216,-0.39025575364431464,-2.270748883485794,0.0017683784663677215,0.1473996639251709,0.00840347446501255,0.00840347446501255,0.5602269951058224,0.019559118896722794,0.06253651529550552,0.013207010924816132,102603.1015625,41428.6484375,61174.453125,102760.921875,41441.8515625,61319.07421875,-0.0015381631674245,-0.0003186955291312188,-0.0023640766739845276,-0.15381631674245,2.141153210774064,1.0951647985935868,2.0022222199477255,1.1479894746304216,0.6568658788128233,-0.0429879152347345,1.4402102791797007,308.57501113622544,308.57501113622544,greedy,1.4402102791797007,0.0,hard_fault_cluster
167,N7005,observe,-0.7590269446372986,1.112016436457634,1.269233727455139,0.07556351393461229,0.722810683697462,-0.7590269446372986,0.2147745043039322,0.7679678782820701,-0.9411199867725373,0.002147745043039322,0.083184152841568,0.0003687310963869095,0.0003687310963869095,0.2527234562323428,0.020966388285160065,0.08227238059043884,0.007209382951259613,102760.921875,41441.84375,61319.078125,102895.515625,41448.53125,61446.984375,-0.0013097756309434772,-0.00016137071361299604,-0.0020859127398580313,-0.13097756309434772,2.3117820639163256,1.3743204728595446,2.1504246373660862,1.3899439112178515,0.9684646517038346,0.26326293677091617,1.112016436457634,309.68702757268306,309.68702757268306,greedy,1.112016436457634,0.0,hard_fault_cluster
168,N3840,observe,-0.822288990020752,0.918213813006878,1.182550024986267,0.05524287715554238,0.5968389784544708,-0.822288990020752,0.22719694674015045,0.7061109766364098,-0.8485522627830505,0.0022719694674015046,0.05859118700027466,-0.003245299682021141,-0.003245299682021141,0.13611147463321688,0.02109125629067421,0.08946762979030609,0.004986673593521118,102895.6796875,41448.6328125,61447.046875,103012.28125,41452.47265625,61559.8046875,-0.0011332017602398992,-9.264102118322626e-05,-0.0018350403988733888,-0.11332017602398992,2.3330772761255503,1.3769096890091896,2.1651135408319533,1.3882969537377357,0.896406501531601,0.30039300483651477,0.918213813006878,310.60524138568996,310.60524138568996,greedy,0.918213813006878,0.0,hard_fault_cluster
169,N6990,observe,-0.8259797096252441,1.0361429825425148,2.5824615001678466,0.0602078126370907,0.6734929386526346,-0.8259797096252441,0.2294377237558365,0.7327114954590798,-1.327782583236694,0.0022943772375583647,0.058849066495895386,-0.004537658765912056,-0.004537658765912056,0.13276825964450834,0.020710207521915436,0.09038248658180237,0.004608418792486191,103010.953125,41451.03125,61559.91796875,103115.65625,41454.5859375,61661.07421875,-0.0010164270643144846,-8.575631363783032e-05,-0.0016432161210104823,-0.10164270643144846,2.295920817181468,1.2720591446757317,2.1272457684390247,1.2803698083758355,0.9317303419113159,0.5164123228192332,1.0361429825425148,311.6413843682325,311.6413843682325,greedy,1.0361429825425148,0.0,hard_fault_cluster
170,N7030,control1,-1.0366809368133545,0.6595926731824875,0.6802136838436126,0.12413404941558838,0.42873523756861687,-1.0366809368133545,0.23859573900699615,0.7877528145909309,0.7777311503887177,0.0023859573900699618,-0.015246748924255371,-0.004456987604498863,-0.004456987604498863,0.2159012725949287,0.017069488763809204,0.10072840750217438,-0.00398360937833786,103117.171875,41456.171875,61660.99609375,102563.28125,41228.6875,61334.59375,0.005371468141674995,0.005487346556037664,0.0052934978157281876,0.5371468141674995,1.9410876277834177,0.8307202900201082,1.7654835642315447,0.8543093356490135,1.0142156437039376,0.9801855778694153,0.6595926731824875,312.30097704141497,312.30097704141497,greedy,0.6595926731824875,0.0,hard_fault_cluster
171,N3836,observe,-0.9824532866477966,1.0370002851821483,-1.2673195004463196,0.27602814296260475,0.6740501853683964,-0.9824532866477966,0.24809126555919647,1.7675445527769624,3.138429832458496,0.002480912655591965,-0.015918761491775513,-0.004781970754265785,-0.004781970754265785,0.07873388385400171,0.019515279680490494,0.10673242807388306,-0.0030494406819343567,102563.09375,41228.5546875,61334.53515625,102817.8984375,41314.125,61503.7734375,-0.0024843700230121613,-0.002075510798022151,-0.002759265713393688,-0.24843700230121613,2.19483726285398,1.742303085587919,2.012355291750282,1.7436286332830788,1.3337787590920926,0.23695619340986007,1.0370002851821483,313.3379773265971,313.3379773265971,greedy,1.0370002851821483,0.0,hard_fault_cluster
172,N1259,observe,-0.974786639213562,1.2581036247313022,-1.2272670567035675,0.43991370573639865,0.8177673560753465,-0.974786639213562,0.24888788163661957,2.2213621556758882,-0.25624887943267805,0.0024888788163661955,-0.02652871608734131,0.000420229509472847,0.000420229509472847,0.5980865982174872,0.020221173763275146,0.09757643938064575,0.00019234046339988708,102817.828125,41314.0703125,61503.7578125,102750.265625,41439.65625,61310.61328125,0.0006571087869815528,-0.0030397861264646053,0.003140369663015008,0.06571087869815528,2.271425487473607,1.8857860353589058,2.0844444041140378,1.8777563598752023,1.670203959941864,-0.48936742603778827,1.2581036247313022,314.5960809513284,314.5960809513284,greedy,1.2581036247313022,0.0,hard_fault_cluster
173,N3912,observe,-0.9959882497787476,1.7959340718388557,-0.871398890018463,0.4693610575795173,1.1673571466952561,-0.9959882497787476,0.24861113727092743,3.0267920807003974,0.5083554029464721,0.002486111372709274,-0.03173196315765381,-0.0023976173251867294,-0.0023976173251867294,0.005788253247737796,0.019385121762752533,0.09292402863502502,-0.00046565383672714233,102750.5078125,41439.90625,61310.6015625,102546.6796875,41313.5234375,61233.15625,0.0019837189465761185,0.0030497852712869644,0.0012631635181605816,0.19837189465761185,2.184725696220994,1.8841527110338212,2.0000655562616885,1.7962812906503678,2.1992648437619207,-0.14547785155475146,1.7959340718388557,316.3920150231673,316.3920150231673,greedy,1.7959340718388557,0.0,hard_fault_cluster
174,N4528,observe,-0.9405047297477722,1.9794900611042974,1.326192969083786,0.4429848019778728,1.2866685397177933,-0.9405047297477722,0.2497100979089737,2.911677189916372,2.326562941074371,0.0024971009790897367,-0.03599622845649719,-0.004813121631741524,-0.004813121631741524,-0.2405708394944669,0.021971065551042557,0.09601904451847076,-0.0004039481282234192,102546.359375,41313.046875,61233.31640625,102654.234375,41455.078125,61199.15625,-0.001051963190548122,-0.0034379272256046534,0.0005578687996603549,-0.10519631905481219,2.442003531381488,3.6173583713173865,2.2583307991735637,3.6091533866524697,2.3796088635921477,1.7639853681623936,1.9794900611042974,318.3715050842716,318.3715050842716,greedy,1.9794900611042974,0.0,hard_fault_cluster
175,N4533,observe,-0.936154842376709,1.7051500663161279,1.4335944414138793,0.14708696857094766,1.1083475431054832,-0.936154842376709,0.24776329100131989,1.9906941272318364,1.7817992627620698,0.002477632910013199,-0.03687167167663574,-0.0024899672716856003,-0.0024899672716856003,-0.7726792015135289,0.02245480567216873,0.09798558056354523,-0.0005498379468917847,102653.984375,41454.85546875,61199.125,102805.640625,41595.6796875,61209.9609375,-0.0014773537404835224,-0.003397050080820918,-0.00017706032667774707,-0.14773537404835224,2.4907538909465075,2.83451253503561,2.3067988981492817,2.885530725419521,2.0698227606713773,1.581807948537171,1.7051500663161279,320.0766551505877,320.0766551505877,greedy,1.7051500663161279,0.0,hard_fault_cluster
176,N4537,observe,-0.9400119781494141,1.4479790113866329,1.18502938747406,0.17841239608824255,0.9411863574013114,-0.9400119781494141,0.24588482081890106,1.7111808452755213,1.5020174920558929,0.0024588482081890108,-0.03714969754219055,9.474344551563263e-05,9.474344551563263e-05,-0.8819234017282724,0.022656045854091644,0.09988708794116974,-0.0008581504225730896,102805.84375,41595.71484375,61210.125,102932.09375,41711.4765625,61220.6171875,-0.0012280429946258664,-0.0027830202598124743,-0.00017141261196229607,-0.12280429946258664,2.511584149673581,2.130698380321264,2.3270994764752686,2.155319771617651,1.6730788107961416,1.4110037340782584,1.4479790113866329,321.52463416197435,321.52463416197435,greedy,1.4479790113866329,0.0,hard_fault_cluster
177,N7033,observe,-0.960030198097229,1.6084402181208133,1.0436077833175659,0.3674607744067907,1.0454861417785286,-0.960030198097229,0.23993180692195892,1.8032085232436654,-0.17331324815750127,0.0023993180692195894,-0.0399644672870636,0.010874306783080101,0.010874306783080101,0.8396111872792243,0.021043110638856888,0.09843660891056061,-0.000545799732208252,102931.7734375,41711.3125,61220.4609375,102815.890625,41687.12109375,61128.765625,0.0011258216109126806,0.0005799722857773304,0.0014977887040004134,0.11258216109126806,2.355117177590728,1.6732479214668272,2.1670125923119485,1.6800135254859923,1.5127583160996438,0.6205010385066273,1.6084402181208133,323.13307438009514,323.13307438009514,greedy,1.6084402181208133,0.0,hard_fault_cluster
178,N15003,control1,-0.8113900423049927,2.021072416007519,1.7536055445671082,0.3714880658686161,1.3136970704048874,-0.8113900423049927,0.2524639964103699,2.2103890374302866,2.203939700126648,0.0025246399641036987,-0.036972254514694214,0.011672912165522575,0.011672912165522575,0.3027307575941085,0.023453284054994583,0.102991983294487,9.02712345123291e-05,102816.40625,41687.7421875,61128.6640625,102437.125,41491.6484375,60945.4765625,0.0036889174953103065,0.0047038705088198185,0.0029967529699206352,0.36889174953103065,2.6094653140753508,2.1557253056764605,2.4113626326434314,2.1911779934167863,2.0840211093425753,1.9945069107133897,2.021072416007519,325.1541467961027,325.1541467961027,greedy,2.021072416007519,0.0,hard_fault_cluster
179,N15002,control1,-0.7416060566902161,2.5631063252687456,3.041004109382629,0.2889943918585777,1.6660191114246847,-0.7416060566902161,0.2608051896095276,2.4202037155628204,3.111397242546081,0.002608051896095276,-0.03825971484184265,0.013576293364167213,0.013576293364167213,0.30484494984149924,0.024544082581996918,0.1038551926612854,-0.0001912340521812439,102437.140625,41491.671875,60945.46484375,102285.765625,41422.09375,60863.67578125,0.001477735466323793,0.0016769178910180926,0.0013420040486380458,0.1477735466323793,2.7287897411733866,3.001636488437653,2.5230036289431155,3.0587134671211245,2.6182303935289384,3.0896713830903173,2.5631063252687456,327.7172531213714,327.7172531213714,greedy,2.5631063252687456,0.0,hard_fault_cluster
180,N15007,control1,-0.6833744049072266,1.9967123955488206,2.33355621099472,0.2773759433627129,1.2978630571067336,-0.6833744049072266,0.268307626247406,2.1795887261629106,3.014491605758667,0.0026830762624740602,-0.040788352489471436,0.015364961698651314,0.015364961698651314,0.14142313718795774,0.02504006028175354,0.10303977131843567,-0.00029571354389190674,102285.703125,41422.0390625,60863.6640625,102165.109375,41370.21875,60794.88671875,0.0011789893032982945,0.001251032343134284,0.0011300230398774147,0.11789893032982945,2.7876786161214113,1.6885881453752518,2.5749241751618683,1.6754968196153641,2.059929385781288,2.618840127289295,1.9967123955488206,329.7139655169202,329.7139655169202,greedy,1.9967123955488206,0.0,hard_fault_cluster
181,N4535,observe,-0.7511234879493713,1.1291183419525623,0.993378472328186,0.17111671321094035,0.7339269222691656,-0.7511234879493713,0.2600727677345276,1.4414452884346247,1.3062525808811187,0.002600727677345276,-0.04964420199394226,0.015185629948973656,0.015185629948973656,-0.6389324451237918,0.023655720055103302,0.10219165682792664,-0.0010322928428649902,102164.75,41369.68359375,60795.0703125,102156.703125,41402.296875,60754.40625,7.876371091697365e-05,-0.0007883377256803215,0.0006688710418529809,0.007876371091697365,2.6408304031938314,0.9949576644599437,2.4343866049312055,0.9830272524058818,1.2705133657902479,1.1535997295938432,1.1291183419525623,330.8430838588728,330.8430838588728,greedy,1.1291183419525623,0.0,hard_fault_cluster
182,N4532,observe,-0.7942073941230774,1.3296201061457396,1.1946648955345154,0.2380162378028035,0.8642530689947308,-0.7942073941230774,0.2533433437347412,1.7151795389130713,1.1665807873010634,0.002533433437347412,-0.05241811275482178,0.017902521416544914,0.017902521416544914,-0.3295613603666426,0.02358270436525345,0.10429820418357849,-0.0016881301999092102,102156.6015625,41402.21875,60754.3828125,102241.125,41481.40234375,60759.71875,-0.0008273908752016723,-0.0019125447142869234,-8.782802615314722e-05,-0.08273908752016723,2.629516301676631,0.9919956629723311,2.4260819028131664,0.9816592340916396,1.4114806158468127,1.2355785592179744,1.3296201061457396,332.1727039650185,332.1727039650185,greedy,1.3296201061457396,0.0,hard_fault_cluster
183,N4531,observe,-0.8229144811630249,1.3477920800447465,2.0172814607620237,0.22305105179548262,0.8760648520290852,-0.8229144811630249,0.2488984614610672,1.737691405415535,1.393942755460739,0.002488984614610672,-0.051952868700027466,0.017682144418358803,0.017682144418358803,-0.48597095966339116,0.02353329211473465,0.10523585975170135,-0.0019058138132095337,102240.9609375,41481.125,60759.8359375,102348.796875,41560.3671875,60788.43359375,-0.0010547233978286386,-0.001910319202579558,-0.000470667117042467,-0.10547233978286386,2.619909817352891,1.0868134975433348,2.4199743629433215,1.0820701718330383,1.4595887362957,1.8158602891117335,1.3477920800447465,333.5204960450633,333.5204960450633,greedy,1.3477920800447465,0.0,hard_fault_cluster
184,N14436,observe,-0.8928040266036987,1.4918174423277377,0.9582776308059692,0.3791502859443426,0.9696813375130295,-0.8928040266036987,0.2369106560945511,1.7323199328035115,0.852875530719757,0.0023691065609455107,-0.05231490731239319,0.024827750399708748,0.024827750399708748,1.1273025474697351,0.022022143006324768,0.10055993497371674,-0.001341208815574646,102349.46875,41561.6171875,60787.8515625,102295.7578125,41557.171875,60738.5859375,0.0005247798399068415,0.0001069571590051055,0.0008104518055915833,0.05247798399068415,2.4639527071267366,1.53374341621995,2.2676489022560418,1.4804555405676365,1.3174456153064966,0.7977175232209266,1.4918174423277377,335.012313487391,335.012313487391,greedy,1.4918174423277377,0.0,hard_fault_cluster
185,N14442,observe,-0.8779017925262451,1.6105063393712045,1.2330422282218931,0.25126369997859,1.046829120591283,-0.8779017925262451,0.23100687563419342,1.6951110005378722,0.9449359595775604,0.002310068756341934,-0.055172860622406006,0.028176182880997658,0.028176182880997658,0.4240828236937522,0.022974427789449692,0.10000775754451752,-0.0008864626288414001,102295.65625,41557.10546875,60738.55078125,101994.6953125,41423.625,60571.0703125,0.0029420696664601564,0.0032119769603013992,0.002757399808615446,0.29420696664601564,2.5566258374601603,1.7560185116529465,2.362238543573767,1.7022059959173204,1.6539929553866386,1.2145499687641859,1.6105063393712045,336.6228198267622,336.6228198267622,greedy,1.6105063393712045,0.0,hard_fault_cluster
186,N13000,control1,-0.8807621002197266,1.6496017113327979,2.085442507266998,0.26475019022822377,1.0722411123663187,-0.8807621002197266,0.21726255118846893,1.5042217403650284,2.081604433059692,0.0021726255118846892,-0.050179481506347656,0.031231412664055824,0.031231412664055824,0.1850196608901023,0.018880575895309448,0.10109476745128632,-0.005135364830493927,101994.8203125,41423.328125,60571.4921875,101341.78125,41077.1484375,60264.6328125,0.006402669008821249,0.00835711881518364,0.005066069308668375,0.6402669008821249,2.1365515533834696,0.9350219913572073,1.950181080494076,0.9346716948598623,1.632950949668884,2.133923233821988,1.6496017113327979,338.27242153809505,338.27242153809505,greedy,1.6496017113327979,0.0,hard_fault_cluster
187,N7595,control1,-0.583570122718811,4.319718477129936,4.472066593170165,0.4064630892872811,2.8078170101344586,-0.583570122718811,0.24289436638355255,3.4014111042022708,3.3808133125305178,0.0024289436638355254,-0.05394446849822998,0.029197024181485176,0.029197024181485176,-0.1602064222097399,0.02620025724172592,0.11108773946762085,-0.002299465239048004,101343.9140625,41073.8828125,60270.03125,100957.453125,40986.95703125,59970.4921875,0.0038133610505610704,0.0021163274068385363,0.004969950299710035,0.38133610505610704,2.89211711473763,2.5597081172466276,2.6880485718138516,2.529724560976028,3.8593776613473896,3.8286001972854136,4.319718477129936,342.59214001522497,342.59214001522497,greedy,4.319718477129936,0.0,hard_fault_cluster
188,N7599,control1,-0.4411879777908325,2.5582641601562504,3.441274881362915,0.39570126295089714,1.6628717041015628,-0.4411879777908325,0.2527163028717041,2.7992395102977756,3.7356441020965576,0.002527163028717041,-0.05383014678955078,0.029531141743063927,0.029531141743063927,-0.5612649261951447,0.029631689190864563,0.11504922807216644,-0.0008005499839782715,100957.109375,40986.9375,59970.171875,100732.0546875,40928.7890625,59803.265625,0.0022292109206318855,0.0014187066117301583,0.002783154370263219,0.22292109206318855,3.2454163637012243,2.7773402261734006,3.0337307802401483,2.7554197120666504,2.7342932164669036,3.74449574559927,2.5582641601562504,345.1504041753812,345.1504041753812,greedy,2.5582641601562504,0.0,hard_fault_cluster
189,N5498,control0,-0.5929458737373352,1.253886669874191,2.6760082006454464,0.133113698363304,0.8150263354182242,-0.5929458737373352,0.08039693534374237,-3.0390175604820255,-4.572036242485046,0.0008039693534374237,-0.1032380759716034,0.09896395355463028,0.08039693534374237,3.5943633419275285,0.008624475449323654,0.02239210158586502,-0.004483029246330261,100730.734375,40932.82421875,59797.9140625,100228.03125,40467.27734375,59760.7578125,0.004990563262254,0.011373436078429222,0.0006213636370375752,0.49905632622539997,1.041808433830738,-0.843416447043419,0.9072877671569586,-0.8070803827047349,-0.7607457041740416,-0.24442120313644378,1.253886669874191,346.4042908452554,346.4042908452554,greedy,1.253886669874191,0.0,hard_fault_cluster
190,N2296,control0,-0.5028207302093506,2.3275074126571416,2.8922925233840937,0.7670895221084355,1.5128798182271421,-0.5028207302093506,0.18778665363788605,1.2419374355673787,2.0453111261129377,0.0018778665363788606,-0.1462230086326599,0.10592575371265411,0.10592575371265411,5.3564002501219505,0.002792753279209137,-0.01025058701634407,-0.004966139793395996,100228.1875,40467.515625,59760.66796875,99695.703125,40117.04296875,59578.65625,0.005312720779329538,0.008660592138767242,0.003045677440240979,0.5312720779329538,0.5729877352714539,-1.0898615351319314,0.35270342975854874,-1.1838603249192239,0.7168698132038117,2.1692639070749284,2.3275074126571416,348.73179825791254,348.73179825791254,greedy,2.3275074126571416,0.0,hard_fault_cluster
191,N4999,observe,-0.3153948485851288,1.5483379165525548,1.4066349387168884,0.1317355946835596,1.0064196457591608,-0.3153948485851288,0.2195713073015213,0.9583557025413028,0.9051303863525391,0.002195713073015213,-0.13661405444145203,0.08808454871177673,0.08808454871177673,0.8185874943062663,0.006671156734228134,-0.0002032443881034851,-0.003985263407230377,99694.3515625,40115.671875,59578.6796875,100334.015625,40488.078125,59845.93359375,-0.0064162518829107285,-0.009283310733735561,-0.004485730547457933,-0.6416251882910728,0.9747715294361115,0.45009272897616026,0.7440296374261379,0.44617677832022307,1.0600851384922862,1.263252171231434,1.5483379165525548,350.2801361744651,350.2801361744651,greedy,1.5483379165525548,0.0,hard_fault_cluster
192,N6993,observe,-0.5123712420463562,4.559643661230803,3.2992896020412443,0.5593495423346756,2.963768379800022,-0.5123712420463562,0.18342871963977814,1.1702272078394889,0.07952783405780792,0.0018342871963977813,-0.13068857789039612,0.09319359064102173,0.09319359064102173,5.711316320076585,0.006959978491067886,0.004705511033535004,-0.004506625235080719,100333.203125,40487.203125,59846.00390625,100848.609375,40647.33203125,60201.28125,-0.005136946216225624,-0.003955049905925989,-0.005936525762081146,-0.5136946216225624,0.9726201593875885,-0.15063034147024168,0.7651534266769886,-0.3540062770247461,1.6350249588489534,1.1524037064611914,4.559643661230803,354.8397798356959,354.8397798356959,greedy,4.559643661230803,0.0,hard_fault_cluster
193,N14449,observe,-0.3840908706188202,4.14411396086216,3.7040663719177243,0.358304189145565,2.693674074560404,-0.3840908706188202,0.2237720936536789,2.038569003641605,1.1370872139930723,0.002237720936536789,-0.13397139310836792,0.10478735715150833,0.10478735715150833,2.140717635154724,0.01361469179391861,-0.004332087934017181,0.0007792934775352478,102553.0,41229.92578125,61323.0703125,102839.671875,41671.33203125,61168.34375,-0.0027953532990068197,-0.01070596743375063,0.002523137954995036,-0.279535329900682,1.6900286301970482,0.8391991481184959,1.4436090420931578,0.7820741347968578,2.6038579016923906,2.2203483699262145,4.14411396086216,358.98389379655805,358.98389379655805,greedy,4.14411396086216,0.0,hard_fault_cluster
194,N1987,observe,-0.13781604170799255,6.00980490836082,5.124310612678527,0.6368634358525741,3.9063731904345333,-0.13781604170799255,0.24463792145252228,4.187514492758782,2.7148307681083677,0.002446379214525223,-0.13310152292251587,0.09880196303129196,0.09880196303129196,2.9668763392500113,0.015235938131809235,0.0017572864890098572,0.001172877848148346,102839.8125,41671.16796875,61168.640625,102635.515625,41719.4765625,60916.03515625,0.0019865543581545353,-0.0011592810042202473,0.004129656590521336,0.19865543581545353,1.8670336976647377,1.0836735799355666,1.609453784301877,0.9903212807519595,4.2777879425033465,3.393389579665091,6.00980490836082,364.99369870491887,364.99369870491887,greedy,6.00980490836082,0.0,hard_fault_cluster
195,N3822,observe,-0.3037830889225006,5.732047585165128,5.211491203308105,0.4424333096155897,3.725830930357333,-0.3037830889225006,0.2066192477941513,2.8004477153881453,2.1398423433303835,0.002066192477941513,-0.14684554934501648,0.11348646134138107,0.11348646134138107,3.332077428116463,0.013490356504917145,-0.002946849912405014,0.00040456652641296387,102635.9375,41719.765625,60916.17578125,102451.140625,41669.80859375,60781.328125,0.0018005084712058306,0.0011974427616223693,0.002213659230619669,0.18005084712058306,1.6691413596272469,1.0369803613540716,1.4290620777755976,1.0326013212581164,3.552481248020195,3.211835021221778,5.732047585165128,370.725746290084,370.725746290084,greedy,5.732047585165128,0.0,hard_fault_cluster
196,N3868,observe,-0.5788262486457825,5.687520030140877,4.238526575267314,0.4112640210986137,3.69688801959157,-0.5788262486457825,0.14613783359527588,0.5414242987334725,-0.4710253000259399,0.0014613783359527588,-0.13211402297019958,0.11133795231580734,0.11133795231580734,5.79272895231843,0.012741651386022568,0.01232096552848816,-0.0016068145632743835,102451.0078125,41669.625,60781.3828125,102604.828125,41618.671875,60986.15234375,-0.0015014036325737834,0.0012227882398292422,-0.003368951613083482,-0.15014036325737834,1.53164092451334,-0.08895381316542639,1.3385340850800276,-0.18323262557387365,1.7926452919840816,1.21528549566865,5.687520030140877,376.41326632022486,376.41326632022486,greedy,5.687520030140877,0.0,hard_fault_cluster
197,N14365,observe,-0.26678523421287537,6.790005308389664,5.972082567214965,1.1830037158727646,4.413503450453281,-0.26678523421287537,0.21067644655704498,4.591809798777103,2.1711453318595884,0.00210676446557045,-0.15350618958473206,0.12097667902708054,0.12097667902708054,6.439895718991756,0.014629051089286804,0.005532674491405487,-0.00027339160442352295,102605.015625,41619.03515625,60985.9765625,102169.125,41425.54296875,60743.578125,0.004248239099979401,0.004649127367883921,0.003974658437073231,0.42482390999794006,1.794558234512806,-1.2099273398518562,1.5458183903247118,-1.7258537009358406,3.7995382934808735,3.28532429009676,6.790005308389664,383.2032716286145,383.2032716286145,greedy,6.790005308389664,0.0,hard_fault_cluster
198,N14349,observe,-0.5362277030944824,5.619660687446594,4.9203449249267575,0.36376248121261584,3.6527794468402863,-0.5362277030944824,0.13529065251350403,-0.46049875706434285,-1.2765803653746843,0.0013529065251350403,-0.14065855741500854,0.12493400275707245,0.12493400275707245,5.592079849541188,0.012135062366724014,0.013179704546928406,-0.0020180195569992065,102168.9140625,41425.4765625,60743.4375,102173.234375,41484.5390625,60688.6953125,-4.228597754263319e-05,-0.0014257531147450209,0.0009012033115141094,-0.004228597754263319,1.473730891942978,-1.601030196249485,1.2785624004900455,-1.8464742556214333,1.267845189571381,1.1880681090895089,5.619660687446594,388.8229323160611,388.8229323160611,greedy,5.619660687446594,0.0,hard_fault_cluster
199,N14352,observe,-0.4555131494998932,3.419010365009308,3.4784770846366877,-0.14902735948562615,2.2223567372560504,-0.4555131494998932,0.04423357546329498,1.5656109154224396,0.788195127248764,0.00044233575463294985,0.34557610750198364,-0.012564843520522118,-0.012564843520522118,-1.1691865408420563,0.030141379684209824,0.12421439588069916,0.00212927907705307,102173.203125,41484.5078125,60688.69921875,101932.875,41388.9140625,60543.95703125,0.0023521638941019773,0.0023043241817504168,0.0023849941790103912,0.23521638941019773,3.0458067003637552,2.6785422682762148,3.0220551514066756,2.832326829433441,2.809883463382721,2.1086652863025668,3.419010365009308,392.2419426810704,392.2419426810704,greedy,3.419010365009308,0.0,hard_fault_cluster
200,N1587,observe,-0.5943360328674316,5.174004261940718,4.0579673767089846,0.17253071315586568,3.3631027702614666,-0.5943360328674316,0.057080671191215515,2.5963630694895983,1.4050049543380736,0.0005708067119121552,-0.06537380814552307,0.10145127773284912,0.057080671191215515,5.619939171560108,0.029097165912389755,0.07224766910076141,0.0033521726727485657,101928.75,41373.59765625,60555.1484375,101829.2734375,41306.9140625,60522.359375,0.0009759421227499843,0.0016117426566779613,0.0005414743791334331,0.09759421227499843,3.06824854016304,4.495063447095454,2.9493495784699917,4.660208605863154,3.727063811942935,2.4926569592929444,5.174004261940718,397.4159469430111,397.4159469430111,greedy,5.174004261940718,0.0,hard_fault_cluster
201,N14356,observe,-0.4394052028656006,3.946033906936645,3.692203164100647,-0.14906573295593287,2.564922039508819,-0.4394052028656006,0.011816874146461487,-4.516342895030975,-5.999999999999999,0.00011816874146461487,0.06050202250480652,0.09130894392728806,0.011816874146461487,-0.9317353606224059,0.02593310922384262,0.06824146211147308,-6.830692291259766e-05,101831.96875,41321.8046875,60510.1640625,101713.1875,41280.3203125,60432.8671875,0.0011664435733109713,0.0010039343032985926,0.001277419738471508,0.11664435733109713,2.6964367404580116,2.673985420465469,2.6190923769026995,3.069580351114273,0.4308427810668949,-0.2618875645846124,3.946033906936645,401.3619808499477,401.3619808499477,greedy,3.946033906936645,0.0,hard_fault_cluster
202,N15004,control1,-0.45109620690345764,5.11986625790596,4.922158718109131,0.655893504023552,3.3279130676388737,-0.45109620690345764,0.06909753382205963,3.6476643222570417,2.0283241301774977,0.0006909753382205963,-0.06070446968078613,0.10882491618394852,0.06909753382205963,6.745340534448624,0.029960788786411285,0.07214224338531494,0.003947116434574127,101712.984375,41279.890625,60433.09375,101444.890625,41128.84375,60316.04296875,0.0026357867754995823,0.0036590909585356712,0.0019368656212463975,0.26357867754995823,3.1740013286471367,7.3571875739097585,3.0405594911426306,7.3571875739097585,4.232186567783356,3.5970107785053553,5.11986625790596,406.4818471078537,406.4818471078537,greedy,5.11986625790596,0.0,hard_fault_cluster
203,N14492,observe,-0.23753277957439423,2.1076265275478363,2.4269900083541867,0.09347774446010589,1.3699572429060936,-0.23753277957439423,0.0453743040561676,0.288695460781455,-1.9510825008153914,0.00045374304056167603,0.3777962625026703,-0.001575542613863945,-0.001575542613863945,-1.3116878260672094,0.031078577041625977,0.12936504185199738,0.004892844706773758,101444.6640625,41128.9140625,60315.75,101098.5546875,40943.0390625,60155.515625,0.003411804558709264,0.004519326612353325,0.002656592521816492,0.3411804558709264,3.1516564656049013,2.3972778153419494,3.1188073945231736,2.488672478199005,1.8629200890660287,0.946403644755483,2.1076265275478363,408.58947363540153,408.58947363540153,greedy,2.1076265275478363,0.0,hard_fault_cluster
204,N2035,observe,-0.18607057631015778,4.2870347827672965,3.5148961246013637,0.17226132541894912,2.786572608798743,-0.18607057631015778,0.05262306332588196,2.5784283503890038,1.8617249190807341,0.0005262306332588195,0.35529735684394836,-0.014420075342059135,-0.014420075342059135,-2.2478654929995536,0.03252648189663887,0.12959802150726318,0.006720352917909622,101098.875,40943.05859375,60155.81640625,101113.609375,41041.578125,60072.03125,-0.00014574221859220415,-0.0024062572047114372,0.0013928022235631943,-0.014574221859220415,3.29085117764771,2.399430773854256,3.2621989366598427,2.2694925528764727,3.378923089802265,2.446278429329395,4.2870347827672965,412.87650841816884,412.87650841816884,greedy,4.2870347827672965,0.0,hard_fault_cluster
205,N15005,control1,-0.6492476463317871,4.682478080689907,4.9521561622619625,0.43396790042519573,3.0436107524484397,-0.6492476463317871,0.22818036377429962,3.246633970737457,3.7127034902572627,0.002281803637742996,-0.009666502475738525,0.025113964453339577,0.025113964453339577,0.024901507198810457,0.03076060861349106,0.11654187738895416,-0.00018616020679473877,101113.78125,41041.6796875,60072.10546875,101156.828125,41057.6171875,60099.2109375,-0.0004257270775269717,-0.0003883247554767877,-0.00045121557195670903,-0.04257270775269717,3.329355189576745,3.2430216318368914,3.1393844434060156,3.220075441002846,3.6905270829796795,4.057879581637681,4.682478080689907,417.55898649885876,417.55898649885876,greedy,4.682478080689907,0.0,hard_fault_cluster
206,N15006,control1,-0.6703235507011414,2.293626576289535,2.8861882209777834,0.4040466013923288,1.4908572745881978,-0.6703235507011414,0.24038557708263397,2.72162371147424,3.77148904800415,0.0024038557708263397,-0.0495150089263916,0.0291044432669878,0.0291044432669878,-0.11134222913533454,0.03021947667002678,0.11376836895942688,-0.0010409951210021973,101156.5234375,41057.3984375,60099.125,101166.1171875,41045.30859375,60120.80859375,-9.48406450334005e-05,0.0002944619918707758,-0.0003607971593737602,-0.00948406450334005,3.2914376873522997,1.4645178144425153,3.0893201720900834,1.4298479025810957,2.250248391740024,3.164797384282574,2.293626576289535,419.85261307514827,419.85261307514827,greedy,2.293626576289535,0.0,hard_fault_cluster
207,N21458,control1,-0.6331853270530701,2.377121289074421,2.4636406898498535,0.38519773170351984,1.5451288378983739,-0.6331853270530701,0.24889971315860748,2.778028742223978,3.210261511802673,0.0024889971315860747,-0.05089661478996277,0.028431696817278862,0.028431696817278862,-0.42154859021306046,0.030430752784013748,0.1129397451877594,-0.001017637550830841,101166.4765625,41045.4453125,60121.03125,101154.3203125,41020.390625,60133.9296875,0.00012016085383947939,0.0006104133208282292,-0.00021454118541441858,0.012016085383947939,3.320406688377261,1.4737327048182487,3.1124081308953464,1.440457863509655,2.3874462835490706,2.7217337934300305,2.377121289074421,422.2297343642227,422.2297343642227,greedy,2.377121289074421,0.0,hard_fault_cluster
208,N5276,observe,-0.1333976536989212,2.5400262832641607,5.761652088165283,-2.270551252365112,1.6510170841217044,-0.1333976536989212,0.04712778329849243,-5.905789699554443,-5.999999999999999,0.0004712778329849243,0.3794757127761841,-0.008953390643000603,-0.008953390643000603,-5.919248313903808,0.02897036448121071,0.1256573498249054,0.0039041079580783844,101153.9375,41020.19921875,60133.7421875,100620.625,40740.0625,59880.56640625,0.005272286012768745,0.006829238496720791,0.004210211802273989,0.5272286012768745,2.9352108407765627,0.9268844664096834,2.906580046284944,1.1721830487251284,0.6815961837768559,0.8623291441798215,2.5400262832641607,424.76976064748686,424.76976064748686,greedy,2.5400262832641607,0.0,hard_fault_cluster
209,N14455,observe,-0.5990732312202454,3.5466321229934694,2.793090286850929,-0.019584536552428936,2.3053108799457553,-0.5990732312202454,0.24477948248386383,3.706832867860794,3.8193571925163265,0.0024477948248386385,-0.01638469099998474,-0.01041526161134243,-0.01041526161134243,-5.1033254134655,0.03115769848227501,0.1346045732498169,-0.003747805953025818,100620.921875,40740.5625,59880.359375,102033.2578125,41208.34765625,60824.91015625,-0.014036205597221851,-0.011482049711048603,-0.015773966908454895,-1.4036205597221851,3.3501340691000223,2.441648976802826,3.1743609034456313,1.3581607747077944,3.8565465629100797,2.543393610715866,3.5466321229934694,428.3163927704803,428.3163927704803,greedy,3.5466321229934694,0.0,hard_fault_cluster
210,N3864,observe,-0.7810794115066528,1.70643789768219,1.1831015706062316,0.36200489342212677,1.1091846334934234,-0.7810794115066528,0.23428736627101898,2.144985511153936,2.3442830085754394,0.0023428736627101898,-0.030548453330993652,-0.002992076799273491,-0.002992076799273491,0.02092476174235336,0.029372647404670715,0.12510570883750916,-0.00404512882232666,102033.5546875,41208.2734375,60825.28125,102261.375,41357.2421875,60904.1328125,-0.002232797909528017,-0.0036150203086435795,-0.0012963616754859686,-0.2232797909528017,3.168560029938817,2.3965577569603917,2.995088562835008,2.3604453530907628,1.8128074131906033,1.6702064370716108,1.70643789768219,430.0228306681625,430.0228306681625,greedy,1.70643789768219,0.0,hard_fault_cluster
211,N4534,observe,-0.8295143246650696,4.568595772981643,3.126556658744812,0.926895425915718,2.9695872524380684,-0.8295143246650696,0.23351280391216278,5.86943656951189,5.999999999999999,0.002335128039121628,-0.03523284196853638,-0.008073097094893456,-0.008073097094893456,-0.333014540374279,0.029008038341999054,0.11948946118354797,-0.0032583773136138916,102260.7734375,41356.484375,60904.2890625,102433.890625,41561.546875,60872.34375,-0.0016928992699831724,-0.004958412144333124,0.0005245166248641908,-0.16928992699831724,3.1262435410171747,6.0423508101701735,2.9571637609042227,6.0423508101701735,4.835972620546817,4.1387079295283185,4.568595772981643,434.59142644114416,434.59142644114416,greedy,4.568595772981643,0.0,hard_fault_cluster
212,N5365,observe,-0.88656085729599,6.194676703214645,4.242226633429526,0.7662736922502518,4.026539857089519,-0.88656085729599,0.22601528465747833,5.4266091823577876,3.423985269665718,0.0022601528465747834,-0.040430933237075806,0.0021953675895929337,0.0021953675895929337,0.005828953981399376,0.026353683322668076,0.11161111295223236,-0.0020713359117507935,102435.2578125,41563.0234375,60872.234375,102334.421875,41569.86328125,60764.5625,0.000984387006610632,-0.0001645656011532992,0.001768817543052137,0.0984387006610632,2.863578984513879,4.437107362747192,2.6924209953285754,4.41670111656189,5.42741476893425,3.5167738150863443,6.194676703214645,440.78610314435883,440.78610314435883,greedy,6.194676703214645,0.0,hard_fault_cluster
213,N1988,observe,-0.614861011505127,4.920986020565033,4.547641110420226,-0.17901397943496683,3.1986409133672717,-0.614861011505127,0.23417843878269196,2.6681171506643295,2.259294629096985,0.0023417843878269194,-0.038857877254486084,0.0008058715611696243,0.0008058715611696243,-4.84515593111515,0.03035082295536995,0.12096445262432098,-0.0003853142261505127,102333.3984375,41569.0703125,60764.328125,101904.7109375,41417.65234375,60487.05859375,0.004189126193523407,0.0036425632424652576,0.004563031252473593,0.4189126193523407,3.2700666058808565,4.145559026002885,3.0938283731229603,4.235427190065384,4.422673904895783,3.517224399149418,4.920986020565033,445.70708916492384,445.70708916492384,greedy,4.920986020565033,0.0,hard_fault_cluster
214,N4994,observe,-0.7060831189155579,4.445479184389115,5.615927791595459,-0.1881474196910856,2.889561469852925,-0.7060831189155579,0.2331145852804184,2.877746018767357,4.095979785919189,0.002331145852804184,-0.03296497464179993,-0.0004579629749059677,-0.0004579629749059677,-4.971740693449974,0.028911449015140533,0.12131564319133759,-0.0024402588605880737,101904.453125,41417.1875,60487.26171875,101921.234375,41362.19140625,60559.046875,-0.00016467631212435663,0.0013278567930683494,-0.0011867813300341368,-0.016467631212435663,3.1238015238195658,3.8852931082248694,2.9493090570904315,3.9656615316867834,4.1301634222269055,4.259606224447489,4.445479184389115,450.15256834931296,450.15256834931296,greedy,4.445479184389115,0.0,hard_fault_cluster
215,N5792,observe,-0.825266420841217,6.118240347504616,4.220558707416057,0.712768243253231,3.976856225878001,-0.825266420841217,0.2249956578016281,4.700521048903465,2.770940601453185,0.002249956578016281,-0.03983664512634277,0.006491566076874733,0.006491566076874733,1.0611846780776975,0.02695787325501442,0.11175087094306946,-0.001584574580192566,101921.78125,41362.9765625,60558.8046875,101746.984375,41327.6796875,60419.3046875,0.0017150100320577621,0.0008533446816727519,0.0023035460617393255,0.17150100320577621,2.927274549379945,6.654054467082023,2.7536591314710677,6.654054467082023,5.20664610862732,3.403273643823341,6.118240347504616,456.2708086968176,456.2708086968176,greedy,6.118240347504616,0.0,hard_fault_cluster
216,N2033,observe,-0.6220644116401672,3.5965801805257795,2.554073429107666,-0.03825167715549463,2.3377771173417567,-0.6220644116401672,0.22961200773715973,2.0843814894557,1.4545860290527344,0.0022961200773715974,-0.03747379779815674,0.0043510813266038895,0.0043510813266038895,-2.9458254036307334,0.030472829937934875,0.11977134644985199,-0.0001977682113647461,101746.7578125,41327.3828125,60419.375,101576.046875,41309.0546875,60266.98828125,0.00167780218180269,0.0004434862348716706,0.002522149821743369,0.167780218180269,3.281246082857251,3.5360484939813617,3.1057737660594285,3.612041054368019,3.127238656580448,1.8200826631695963,3.5965801805257795,459.8673888773434,459.8673888773434,greedy,3.5965801805257795,0.0,hard_fault_cluster
217,N1757,observe,-0.7157185077667236,2.9623312145471576,2.6951155841350554,-0.08809868991374958,1.9255152894556524,-0.7157185077667236,0.2295992225408554,2.2051485195755958,2.4200078606605526,0.002295992225408554,-0.03332218527793884,0.004493551328778267,0.004493551328778267,-3.566546876728535,0.02877327799797058,0.12105290591716766,-0.002154417335987091,101575.875,41308.6875,60267.19140625,101611.6484375,41254.859375,60356.7890625,-0.00035218437551520765,0.0013030703412368894,-0.001486673834733665,-0.035218437551520765,3.111420573666692,2.016084367632866,2.9358509932644665,2.0624052590131763,2.927233485877514,2.2803733740001917,2.9623312145471576,462.8297200918905,462.8297200918905,greedy,2.9623312145471576,0.0,hard_fault_cluster
218,N5277,observe,-0.6767944097518921,5.22478358745575,4.404464864730834,0.08734851121902477,3.3961093318462376,-0.6767944097518921,0.23285429179668427,3.6079244762659073,3.240920901298523,0.0023285429179668426,-0.03932750225067139,0.008833693340420723,0.008833693340420723,-4.663837282061577,0.028989672660827637,0.11917930841445923,-0.001042298972606659,101611.75,41255.1640625,60356.5859375,101004.8203125,40967.6640625,60037.15625,0.005973026622086763,0.0069688246585428715,0.005292375106364489,0.5973026622086763,3.1406552512198687,5.884454716444015,2.95938926236704,5.884454716444015,5.118330442905426,3.9946638484299184,5.22478358745575,468.0545036793463,468.0545036793463,greedy,5.22478358745575,0.0,hard_fault_cluster
219,N14353,observe,-0.8296151757240295,5.81433494836092,4.200872999592684,0.5000344638526439,3.779317716434598,-0.8296151757240295,0.2234523445367813,3.8674987152218816,2.3283662140369414,0.002234523445367813,-0.04101979732513428,0.012128422036767006,0.012128422036767006,0.38370565176010096,0.026849329471588135,0.11108572781085968,-0.0012909844517707825,101005.0078125,40968.140625,60036.8671875,100997.59375,41005.765625,59991.828125,7.340291631408036e-05,-0.0009183965739794075,0.0007501901127398014,0.007340291631408036,2.920513713732362,3.264863096475601,2.7438281388022006,3.2278327333927153,4.275198006629944,2.7505316028511153,5.81433494836092,473.8688386277072,473.8688386277072,greedy,5.81433494836092,0.0,hard_fault_cluster
220,N2073,observe,-0.6212213039398193,3.393501642346382,2.8777867645025252,0.0023494717478752367,2.2057760675251483,-0.6212213039398193,0.2284765988588333,2.1039226993918416,1.6471393823623657,0.002284765988588333,-0.0380403995513916,0.00815545953810215,0.00815545953810215,-2.764923652112484,0.030347246676683426,0.11935031414031982,-3.46451997756958e-05,100997.3984375,41005.40625,59991.9921875,100921.2734375,41034.7890625,59886.484375,0.0007537322817370296,-0.0007165594724938273,0.0017586982576176524,0.07537322817370296,3.271356726065278,3.439460764527321,3.0938826822675765,3.6671775203943255,3.0172410264611242,2.1155036472529174,3.393501642346382,477.2623402700536,477.2623402700536,greedy,3.393501642346382,0.0,hard_fault_cluster
221,N1172,control0,-0.7679356932640076,2.3397721648216248,3.727140569686889,-0.00032709836959832206,1.520851907134056,-0.7679356932640076,0.2131929248571396,1.6826351404190063,3.0097728490829465,0.002131929248571396,-0.043926507234573364,0.007213907316327095,0.007213907316327095,-2.916999680995941,0.02586701139807701,0.10759000480175018,-0.002346724271774292,100904.015625,40991.81640625,59912.203125,100190.6171875,40688.6484375,59501.96875,0.007070069666951895,0.007395816966891289,0.006847259122878313,0.7070069666951895,2.807107971981168,1.9124799060821531,2.641802847851068,2.0411882805824275,2.6742917418479917,3.838289632201194,2.3397721648216248,479.6021124348752,479.6021124348752,greedy,2.3397721648216248,0.0,hard_fault_cluster
222,N4461,control1,-0.5958094596862793,3.4216524928808214,3.2876290798187253,0.2394028571248054,2.224074120372534,-0.5958094596862793,0.23626305162906647,2.556479182839394,2.4823203563690184,0.002362630516290665,-0.04088291525840759,0.013656416907906532,0.013656416907906532,-0.6275741088390352,0.02846657857298851,0.11752931773662567,-0.0006701052188873291,100209.0859375,40728.1171875,59480.96875,100530.9140625,40938.109375,59592.8046875,-0.003211566247045994,-0.005155951250344515,-0.0018801969708874822,-0.3211566247045994,3.096577325835824,2.8593559861183167,2.9091377244330943,2.9296305060386656,2.7009387254714965,2.4992224947363137,3.4216524928808214,483.023764927756,483.023764927756,greedy,3.4216524928808214,0.0,hard_fault_cluster
223,N14467,observe,-0.6321550011634827,3.9389167070388797,3.8684987604618066,-0.4962965011596678,2.560295859575272,-0.6321550011634827,0.23093123733997345,1.9260469079017641,3.483222770690918,0.0023093123733997343,-0.003996610641479492,-0.03134293109178543,-0.03134293109178543,-5.188236458301544,0.03152209147810936,0.1357676386833191,-0.002812504768371582,100525.625,40940.54296875,59585.078125,101867.234375,41293.9375,60573.296875,-0.01334594376385212,-0.00863189622759819,-0.016585003584623337,-1.334594376385212,3.351797454059124,5.407531270980836,3.202106224372983,5.407531270980836,3.321130156517029,3.1628480583429335,3.9389167070388797,486.9626816347949,486.9626816347949,greedy,3.9389167070388797,0.0,hard_fault_cluster
224,N14348,observe,-0.8049876689910889,1.4796651758253574,0.8280048999935389,0.3322727402299642,0.9617823642864823,-0.8049876689910889,0.22289811074733734,1.884519345313311,1.4828301787376401,0.0022289811074733736,-0.028117507696151733,-0.011802935972809792,-0.011802935972809792,0.07166651189327239,0.02655099704861641,0.11845679581165314,-0.004467397928237915,101867.5625,41294.17578125,60573.390625,101815.453125,41394.04296875,60421.40625,0.0005115403910167515,-0.0024184328503906727,0.002509094774723053,0.05115403910167515,2.8661948796361685,1.6580944937467574,2.707873498555273,1.6306530278921127,1.6201402962207794,1.3000557485222817,1.4796651758253574,488.4423468106202,488.4423468106202,greedy,1.4796651758253574,0.0,hard_fault_cluster
225,N14357,observe,-0.9036666750907898,4.721145886182786,3.162212777137756,0.6523498898744584,3.068744826018811,-0.9036666750907898,0.20402760803699493,4.367214669287205,2.896514093875885,0.002040276080369949,-0.02415597438812256,-0.0139386635273695,-0.0139386635273695,-0.5003747877478599,0.03287218138575554,0.11976666748523712,-0.0002991780638694763,103547.140625,41926.9296875,61620.21484375,103405.421875,42167.9140625,61237.50390625,0.0013686398742720485,-0.005747722927480936,0.006210801657289267,0.13686398742720485,3.4773070830851793,6.214216991066933,3.3347403747029603,6.214216991066933,4.616131849586964,3.164904995420948,4.721145886182786,493.163492696803,493.163492696803,greedy,4.721145886182786,0.0,hard_fault_cluster
226,N5982,observe,-0.43342825770378113,3.5846516907215116,3.6939611196517945,-0.5615719258785249,2.3300235989689826,-0.43342825770378113,0.020906656980514526,-4.766578929424286,-5.999999999999999,0.00020906656980514525,0.34401240944862366,0.004920268431305885,0.004920268431305885,2.8210419327020646,0.032761093229055405,0.12008349597454071,0.0031029023230075836,103405.390625,42167.79296875,61237.6015625,102905.046875,41982.16015625,60922.88671875,0.004838662222027779,0.0044022416695952415,0.005139241926372051,0.48386622220277786,3.301936248317361,4.313616879582405,3.2825660542584956,5.172410371303558,0.8109060764312748,-0.03537287558778146,3.5846516907215116,496.7481443875245,496.7481443875245,greedy,3.5846516907215116,0.0,hard_fault_cluster
227,N5906,observe,-0.4268632233142853,3.4366784777492287,4.12616177201271,-1.2175488982349634,2.233841010536999,-0.4268632233142853,0.020473040640354156,-5.122030633185059,-5.983271646499634,0.00020473040640354157,0.35230785608291626,0.002621972933411598,0.002621972933411598,-0.6240117827430368,0.03117440640926361,0.12026143074035645,0.002029530704021454,102905.0625,41982.17578125,60922.88671875,102444.53125,41764.58203125,60679.9453125,0.004475302062928677,0.005183003377169371,0.003987687174230814,0.44753020629286766,3.140535654500127,4.209619915112853,3.1232143943198025,5.3487588044255965,1.1770291551947594,0.19709822714910863,3.4366784777492287,500.18482286527376,500.18482286527376,greedy,3.4366784777492287,0.0,hard_fault_cluster
228,N4991,observe,-0.3689064681529999,3.153930580615997,4.0209948182106015,-1.3013143420219422,2.050054877400398,-0.3689064681529999,0.023610666394233704,-5.23051976531744,-5.999999999999999,0.00023610666394233704,0.35817062854766846,0.0026265401393175125,0.0026265401393175125,-1.0851168686151504,0.03203653171658516,0.12472942471504211,0.004147186875343323,102441.75,41760.203125,60681.55078125,102167.828125,41544.078125,60623.75390625,0.0026739281602203846,0.005175381898880005,0.0009524620836600661,0.26739281602203846,3.229890378192067,5.408744624853134,3.2102124732919037,6.33090396285057,1.063109946250916,0.17657469235360657,3.153930580615997,503.3387534458898,503.3387534458898,greedy,3.153930580615997,0.0,hard_fault_cluster
229,N14460,observe,-0.7744856476783752,3.7924002647399906,3.4284265898168087,-0.35747156143188447,2.465060172080994,-0.7744856476783752,0.22762949764728546,2.2404020190238954,2.1326761841773987,0.0022762949764728547,-0.0014114975929260254,-0.03241759538650513,-0.03241759538650513,-5.1299065232276915,0.03209291025996208,0.132978618144989,-0.003361642360687256,102170.4375,41548.47265625,60621.96875,102821.234375,41663.7265625,61157.5078125,-0.006369717884808779,-0.0027739624492824078,-0.00883407611399889,-0.6369717884808779,3.4045029282569885,3.9269749021530154,3.2580940015614033,4.076544318199158,3.513808786869049,2.3846240467578173,3.7924002647399906,507.13115371062975,507.13115371062975,greedy,3.7924002647399906,0.0,hard_fault_cluster
230,N5279,observe,-0.7926996946334839,2.5766299246251583,1.9519061684608459,0.7656172989308834,1.674809451006353,-0.7926996946334839,0.22620047628879547,3.8144778534770007,2.9829181313514708,0.002262004762887955,-0.020204871892929077,-0.016194554045796394,-0.016194554045796394,0.3139312976598738,0.029362257570028305,0.12555550038814545,-0.0036211982369422913,102821.375,41663.59375,61157.78125,102158.8046875,41421.72265625,60737.08203125,0.006443896796554327,0.0058053345419466496,0.006878915708512068,0.6443896796554327,3.1462316792458296,2.673839023113251,2.9887272375635803,2.6179784798622134,3.5090527832508083,3.179126546680927,2.5766299246251583,509.7077836352549,509.7077836352549,greedy,2.5766299246251583,0.0,hard_fault_cluster
231,N2041,observe,-0.6390016674995422,5.714426442980766,4.4022731423377985,0.43009851008653666,3.7143771879374983,-0.6390016674995422,0.2318418174982071,5.5716396644711494,4.199999999999999,0.002318418174982071,-0.021923214197158813,-0.010356178507208824,-0.010356178507208824,-4.457016201317311,0.03064534068107605,0.13073314726352692,-0.0009009465575218201,102158.8046875,41421.703125,60737.1015625,102017.6875,41513.171875,60504.515625,0.0013813511468470097,-0.0022082324139773846,0.003829388180747628,0.13813511468470097,3.2860197070986032,5.834426442980766,3.1199054778553545,5.834426442980766,6.186066107451916,4.145526427733712,5.714426442980766,515.4222100782356,515.4222100782356,greedy,5.714426442980766,0.0,hard_fault_cluster
232,N4429,observe,-0.8367485404014587,5.855970874428749,4.199999999999999,0.5291796121001244,3.806381068378687,-0.8367485404014587,0.22129614651203156,4.448809073865413,2.737916870415211,0.0022129614651203154,-0.030125945806503296,-0.0035117920488119125,-0.0035117920488119125,-0.8123562535643578,0.027305681258440018,0.1177748441696167,-0.002421736717224121,102017.5703125,41513.2734375,60504.296875,101866.71875,41489.17578125,60377.546875,0.0014786821557208896,0.0005804807296954095,0.0020948925521224737,0.14786821557208896,2.9483524803072214,6.386771553158761,2.7850142144598067,6.386771553158761,5.203856976330281,3.416160010658205,5.855970874428749,521.2781809526643,521.2781809526643,greedy,5.855970874428749,0.0,hard_fault_cluster
233,N6020,observe,-0.42070069909095764,3.8830594512633985,4.452781426906585,-1.2169405487366023,2.523988643321209,-0.42070069909095764,0.017361968755722046,-5.127399461222812,-5.999999999999999,0.00017361968755722046,0.35649386048316956,0.00359375961124897,0.00359375961124897,0.1491644299030304,0.029402006417512894,0.12093357741832733,0.001437108963727951,101867.015625,41489.359375,60377.66015625,101605.78125,41375.56640625,60230.21875,0.002564464695751667,0.0027427023742347956,0.002441985998302698,0.2564464695751667,2.9611563701182604,3.2230629420652988,2.945439573843032,3.7863476960361004,0.8081019759178169,-0.059318030560388535,3.8830594512633985,525.1612404039278,525.1612404039278,greedy,3.8830594512633985,0.0,hard_fault_cluster
234,N2920,observe,-0.331904798746109,3.26973773103673,3.8444215714931484,-1.1527811183361338,2.1253295251738744,-0.331904798746109,0.031656473875045776,-5.155260564007331,-4.199999999999999,0.00031656473875045775,0.3684042692184448,0.006624156609177589,0.006624156609177589,0.08974888099357489,0.030306465923786163,0.1248125284910202,0.0027645714581012726,101607.8984375,41366.4765625,60241.421875,101250.4375,41145.96484375,60104.46875,0.003518042853102088,0.005330686457455158,0.0022734045051038265,0.3518042853102088,3.0689272228628397,3.9405224207881844,3.040216749999672,4.608962810421363,0.7734505772590641,0.6561895208060744,3.26973773103673,528.4309781349644,528.4309781349644,greedy,3.26973773103673,0.0,hard_fault_cluster
235,N14333,control1,-0.30328720808029175,3.7119434803724296,5.843748521804809,-1.388056519627571,2.412763262242079,-0.30328720808029175,0.02875658869743347,-5.201626643240452,-5.999999999999999,0.00028756588697433473,0.36697784066200256,0.0021164212375879288,0.0021164212375879288,-1.4544237530231476,0.029656779021024704,0.12280264496803284,0.0021924711763858795,101246.8203125,41153.9296875,60092.890625,101126.5234375,41093.21875,60033.3046875,0.0011881545651704073,0.0014752160059288144,0.0009915638947859406,0.11881545651704073,2.996550912037492,6.381155796051026,2.9733961545862257,6.381155796051026,1.328719091415406,1.035520234892029,3.7119434803724296,532.1429216153368,532.1429216153368,greedy,3.7119434803724296,0.0,hard_fault_cluster
236,N3282,observe,-0.6913800835609436,2.4091905772686006,0.49224288463592547,-0.37424721121788,1.5659738752245904,-0.6913800835609436,0.2406327873468399,2.075904589891434,3.9023420095443724,0.002406327873468399,-0.0018245875835418701,-0.030805548653006554,-0.030805548653006554,-5.340812265872955,0.030504830181598663,0.13667599856853485,-0.00421731173992157,101127.1328125,41093.9453125,60033.1875,102037.609375,41278.8671875,60758.7421875,-0.009003286249935627,-0.004499978385865688,-0.01208589319139719,-0.9003286249935627,3.2603102568536997,5.0839412307739265,3.1029398278333247,5.0839412307739265,2.8115259408950806,1.7224918615818021,2.4091905772686006,534.5521121926055,534.5521121926055,greedy,2.4091905772686006,0.0,hard_fault_cluster
237,N14345,observe,-0.8646695613861084,1.388396768271923,1.4372181415557859,0.3082514341175556,0.9024578993767499,-0.8646695613861084,0.22766919434070587,1.8720227703452108,2.520749270915985,0.0022766919434070586,-0.026587188243865967,-0.013517020270228386,-0.013517020270228386,-0.3199641931056977,0.02566426619887352,0.11788947880268097,-0.004645697772502899,102037.921875,41279.40625,60758.51171875,101896.5,41364.6328125,60531.8671875,0.0013859736500307918,-0.0020646266639232635,0.0037302514538168907,0.13859736500307918,2.7805787939578295,2.28202005982399,2.6199646634049714,2.2902896320819854,1.7562484443187714,1.7889146138355136,1.388396768271923,535.9405089608774,535.9405089608774,greedy,1.388396768271923,0.0,hard_fault_cluster
238,N15099,control1,-0.9153385162353516,5.573799592256546,4.9490081548690785,0.3316597145795822,3.6229697349667553,-0.9153385162353516,0.21216295659542084,3.459968966245651,2.4245664000511167,0.0021216295659542083,-0.020092248916625977,-0.005698287859559059,-0.005698287859559059,-2.159226887226105,0.0201895609498024,0.11132979393005371,-0.007409602403640747,101897.1875,41364.88671875,60532.3046875,101354.1796875,41139.203125,60214.9765625,0.005328977480530739,0.005455921869724989,0.0052422937005758286,0.5328977480530739,2.2254207637161016,3.98342586517334,2.0705722621642053,4.10825029373169,5.263269472122193,4.067934015914798,5.573799592256546,541.514308553134,541.514308553134,greedy,5.573799592256546,0.0,hard_fault_cluster
239,N13001,control1,-0.9012613892555237,6.022791248559952,4.926123762130737,0.6459538739919664,3.914814311563969,-0.9012613892555237,0.20728985965251923,5.04162786602974,3.591153585910797,0.002072898596525192,-0.017904072999954224,-0.0010093729943037033,-0.0010093729943037033,-1.9947106313705445,0.018279921263456345,0.10931381583213806,-0.00885755568742752,101353.34375,41138.44921875,60214.8984375,100717.75,40846.7734375,59870.9765625,0.006271068472415209,0.007090101484209299,0.005711574573069811,0.6271068472415209,2.03427261300385,6.451817474365234,1.8795622480101883,6.451817474365234,6.350548505783081,4.787748944610358,6.022791248559952,547.537099801694,547.537099801694,greedy,6.022791248559952,0.0,hard_fault_cluster
240,N2037,observe,-0.6072201728820801,5.85012538433075,5.999999999999999,0.5250877690315249,3.8025814998149876,-0.6072201728820801,0.22708602249622345,5.775188076496125,5.999999999999999,0.0022708602249622346,-0.023884981870651245,-0.004210343584418297,-0.004210343584418297,-4.334887154102326,0.024814289063215256,0.11994428932666779,-0.005378633737564087,100717.703125,40846.921875,59870.78125,100590.484375,40864.765625,59725.71484375,0.0012631220743060112,-0.00043684442061930895,0.0024229916743934155,0.12631220743060112,2.7043045852333307,5.97012538433075,2.537147826049477,5.97012538433075,6.525313460826874,6.341453749537468,5.85012538433075,553.3872251860248,553.3872251860248,greedy,5.85012538433075,0.0,hard_fault_cluster
241,N19309,control1,-0.842949628829956,5.44042421579361,4.959283447265625,0.23829695105552678,3.5362757402658467,-0.842949628829956,0.2057318538427353,3.033778953552246,2.0721879839897155,0.002057318538427353,-0.021260440349578857,0.005421163514256477,0.005421163514256477,-2.138468706607819,0.019139692187309265,0.10979549586772919,-0.008428536355495453,100590.5,40864.6796875,59725.82421875,100343.15625,40741.828125,59601.33203125,0.002458917675539851,0.0030063018202781677,0.002084394684061408,0.24589176755398512,2.1251222360879183,4.951411437988281,1.9667574730701745,5.161902618408203,4.8785443067550665,3.8563738019764426,5.44042421579361,558.8276494018185,558.8276494018185,greedy,5.44042421579361,0.0,hard_fault_cluster
242,N15087,control1,-0.8637691736221313,5.8605573058128355,5.028032183647155,0.532390114068985,3.8093622487783434,-0.8637691736221313,0.2013203650712967,3.552341600060463,2.295746099948883,0.002013203650712967,-0.024326443672180176,0.011220963671803474,0.011220963671803474,0.18734396100044237,0.016711555421352386,0.10698698461055756,-0.01007874310016632,100343.6171875,40742.359375,59601.2578125,100029.7578125,40600.67578125,59429.08203125,0.00312784593552351,0.0034775501117110252,0.0028887945227324963,0.312784593552351,1.8836968708783388,2.777944273352623,1.7242908743210137,2.7481709188222885,4.763814306259156,3.8391102199256424,5.8605573058128355,564.6882067076313,564.6882067076313,greedy,5.8605573058128355,0.0,hard_fault_cluster
243,N4463,control1,-0.5999370217323303,5.959314057230949,5.391826272010802,0.6015198400616645,3.873554137200117,-0.5999370217323303,0.22962020337581635,4.899649332463741,4.006345582008362,0.0022962020337581636,-0.0284213125705719,0.010047456249594688,0.010047456249594688,-1.2822759792208671,0.023456785827875137,0.11818712949752808,-0.006490573287010193,100032.953125,40597.5625,59435.390625,100211.640625,40724.8515625,59486.7890625,-0.0017862863605841994,-0.0031353868544101715,-0.0008647782960906625,-0.17862863605841994,2.5853462424129248,5.621821883320808,2.4055954976938665,5.617114070057869,5.428532572090626,4.565066234245896,5.959314057230949,570.6475207648622,570.6475207648622,greedy,5.959314057230949,0.0,hard_fault_cluster
244,N21357,control1,-0.6817371845245361,6.327568748593331,5.999999999999999,0.8592981240153312,4.112919686585665,-0.6817371845245361,0.23235853016376495,6.0304726511240005,5.9442126750946045,0.0023235853016376497,-0.03247988224029541,0.011945294216275215,0.011945294216275215,0.14692358255386329,0.02309398353099823,0.1126556247472763,-0.006462499499320984,100207.953125,40727.8203125,59480.13671875,100588.3125,40847.46484375,59740.8515625,-0.003795700380578637,-0.0029376610182225704,-0.004383225459605455,-0.3795700380578637,2.553702177479863,3.309915432929993,2.370474309194833,3.2688025331497195,5.623721981048584,5.540223488062621,6.327568748593331,576.9750895134555,576.9750895134555,greedy,6.327568748593331,0.0,hard_fault_cluster
245,N5773,observe,-0.8106808662414551,2.6343620187075434,1.9674901664257047,0.29447163504581114,1.7123353121599032,-0.8106808662414551,0.2226993292570114,2.2480731608020506,1.3053189575672148,0.002226993292570114,-0.04183360934257507,0.01602807827293873,0.01602807827293873,-0.11047631582336181,0.020740173757076263,0.10475535690784454,-0.005718536674976349,100588.71875,40847.7734375,59740.9453125,100642.6640625,40880.390625,59762.2734375,-0.0005362958763726056,-0.0007985059055499732,-0.00035701016895473003,-0.053629587637260556,2.3127447832375765,1.333394718471318,2.133699227590114,1.3042255881460005,2.246187714495136,1.4469259734875142,2.6343620187075434,579.609451532163,579.609451532163,greedy,2.6343620187075434,0.0,hard_fault_cluster
246,N14344,observe,-0.8282097578048706,1.927022498100996,3.1875786542892453,0.16947389252483847,1.2525646237656474,-0.8282097578048706,0.22050248086452484,1.573967769369483,2.8683514714241025,0.0022050248086452483,-0.04635721445083618,0.01649833656847477,0.01649833656847477,-0.5096748685091734,0.02105024829506874,0.10200910270214081,-0.0048898085951805115,100642.578125,40880.45703125,59762.12109375,100468.234375,40792.22265625,59676.0078125,0.0017323060892522335,0.002158351009711623,0.0014409341383725405,0.17323060892522335,2.3420256469398737,1.3272761614620685,2.164275033865124,1.3016451866924763,1.7114217955619098,2.6874241671152412,1.927022498100996,581.536474030264,581.536474030264,greedy,1.927022498100996,0.0,hard_fault_cluster
247,N12998,control1,-0.8425350785255432,1.840667833387852,3.033952057361603,0.2396082346141338,1.1964340917021037,-0.8425350785255432,0.20725248754024506,1.6694566920399665,2.0350998878479003,0.0020725248754024507,-0.038866251707077026,0.018979663029313087,0.018979663029313087,-0.33117699503898623,0.01834416761994362,0.102640300989151,-0.007695034146308899,100468.078125,40791.7109375,59676.3671875,99907.625,40503.671875,59403.94921875,0.0055784196592867374,0.007061215583235025,0.0045649223029613495,0.5578419659286737,2.06064891256392,1.265466092824936,1.8909747996367514,1.2506142723560332,1.8173679500818252,2.628571103364229,1.840667833387852,583.3771418636519,583.3771418636519,greedy,1.840667833387852,0.0,hard_fault_cluster
248,N26415,control1,-0.698762834072113,5.228184255957604,5.101452541351318,0.7239581146836281,3.3983197663724427,-0.698762834072113,0.22831861674785614,5.722251124680042,5.300816917419433,0.0022831861674785614,-0.041735053062438965,0.0192375797778368,0.0192375797778368,-1.3741275408864024,0.022477008402347565,0.10706892609596252,-0.005475625395774841,99907.4375,40503.71875,59403.71875,100000.2578125,40529.390625,59470.8671875,-0.0009290630696341395,-0.0006338152452372015,-0.0011303742649033666,-0.09290630696341395,2.4952570367604494,2.3683141344785694,2.3095898893661797,2.3622166150808335,5.186553911864758,4.76949418745935,5.228184255957604,588.6053261196095,588.6053261196095,greedy,5.228184255957604,0.0,hard_fault_cluster
249,N15109,control1,-0.8228551745414734,1.747267882525921,2.1845927357673647,0.13676896706223488,1.1357241236418487,-0.8228551745414734,0.20956631004810333,1.1738138407468797,2.4859509468078613,0.0020956631004810334,-0.04366216063499451,0.023451128974556923,0.023451128974556923,-0.29625253587961203,0.018110357224941254,0.10311479866504669,-0.008203402161598206,100000.28125,40529.3359375,59470.9453125,99785.1875,40426.890625,59358.296875,0.0021509313955903053,0.0025276830419898033,0.0018941760063171387,0.21509313955903053,2.0440531615167856,0.905847973972559,1.8692900822497904,0.9067471696436405,1.4526028648018836,2.445261068716645,1.747267882525921,590.3525940021353,590.3525940021353,greedy,1.747267882525921,0.0,hard_fault_cluster
250,N24133,control1,-0.8157926201820374,3.0459207996726034,4.035562014579773,0.23191684737801552,1.9798485197871922,-0.8157926201820374,0.20492680370807648,1.8904599264264106,2.8593380808830258,0.0020492680370807646,-0.04581359028816223,0.025370346382260323,0.025370346382260323,-0.08229601204395298,0.01710868999361992,0.1037924587726593,-0.009379811584949493,99784.5625,40426.59375,59357.96875,99534.9609375,40322.8515625,59212.109375,0.0025014046113938093,0.002566186711192131,0.002457283902913332,0.25014046113938093,1.9411661494523287,1.306716739833355,1.768443286884576,1.2743003961443902,2.30624440908432,3.5990588659048077,3.0459207996726034,593.3985148018079,593.3985148018079,greedy,3.0459207996726034,0.0,hard_fault_cluster
251,N5269,observe,-0.9309361577033997,3.073985257744789,2.8685232281684874,-0.16611425578594202,1.998090417534113,-0.9309361577033997,0.2149827927350998,2.3699300810694695,2.263810247182846,0.002149827927350998,-0.039261430501937866,0.01470034010708332,0.01470034010708332,-4.339073867499828,0.01968826726078987,0.10974453389644623,-0.008261904120445251,99535.375,40323.0703125,59212.3046875,100398.4375,40704.0,59694.4375,-0.008670912124216557,-0.009446941316127777,-0.008142443373799324,-0.8670912124216557,2.1985098589211702,1.382461102604866,2.026247509289533,1.381792910695076,3.165930224955082,2.2355968026071786,3.073985257744789,596.4725000595527,596.4725000595527,greedy,3.073985257744789,0.0,hard_fault_cluster
252,N6001,observe,-0.843233048915863,5.11051869392395,4.199999999999999,0.007363085746765152,3.3218371510505675,-0.843233048915863,0.2196776419878006,3.121162438392639,2.1640805721282956,0.002196776419878006,-0.043236613273620605,0.017285184934735298,0.017285184934735298,-4.196271090507508,0.022393766790628433,0.10503514111042023,-0.004497691988945007,100398.796875,40704.421875,59694.375,100273.2890625,40651.96875,59621.3203125,0.0012500927550718188,0.0012886346084997058,0.0012238118797540665,0.12500927550718188,2.476339505985379,2.900523114204407,2.2986173857934773,2.8914398670196535,4.587916576862336,3.0233986670523882,5.11051869392395,601.5830187534766,601.5830187534766,greedy,5.11051869392395,0.0,hard_fault_cluster
253,N2059,observe,-0.6144762635231018,5.94254983663559,3.9234878155228214,0.824925915002823,3.8626573938131337,-0.6144762635231018,0.22675086557865143,6.076162514090538,4.402394253015517,0.002267508655786514,-0.03722795844078064,0.011458972468972206,0.011458972468972206,-1.368243127465248,0.027933716773986816,0.11503368616104126,-0.002503998577594757,100273.09375,40651.70703125,59621.390625,100218.890625,40692.5625,59526.32421875,0.0005405550473369658,-0.0010050124255940318,0.0015945016639307141,0.05405550473369658,3.0315815154463053,6.226288498640061,2.8529241369105875,6.226288498640061,6.0169229835271825,4.052519024062203,5.94254983663559,607.5255685901122,607.5255685901122,greedy,5.94254983663559,0.0,hard_fault_cluster
254,N5522,observe,-0.6750680208206177,5.333569860458375,4.199999999999999,0.163498902320862,3.4668204092979438,-0.6750680208206177,0.22862477600574493,5.000354790687561,4.199999999999999,0.002286247760057449,-0.0034700334072113037,-0.0233053769916296,-0.0233053769916296,-4.799787125587464,0.028859250247478485,0.12925605475902557,-0.005524270236492157,100219.375,40693.04296875,59526.328125,101788.578125,41221.9609375,60566.6171875,-0.015657681971788406,-0.012997749261558056,-0.017476117238402367,-1.5657681971788406,3.091244423761964,4.285258836746216,2.9372548745013773,4.264660329818726,5.233924651145935,3.4169331341126603,5.333569860458375,612.8591384505706,612.8591384505706,greedy,5.333569860458375,0.0,hard_fault_cluster
255,N8326,control1,-0.7973235845565796,3.378289372324944,3.4725294351577753,0.9889616078138352,2.1958880920112134,-0.7973235845565796,0.19887401163578033,5.788855218887329,4.777818059921264,0.0019887401163578033,-0.02369639277458191,-0.011366939172148705,-0.011366939172148705,-0.7622640740871431,0.02565542608499527,0.10644462704658508,-0.005248218774795532,101788.25,41221.7578125,60566.4921875,100907.8359375,40844.7578125,60063.078125,0.008649466559290886,0.009145655669271946,0.008311758749186993,0.8649466559290886,2.7530496809631586,4.638937253952026,2.612419376615435,4.575244016647338,4.719095611572265,4.468240921497345,3.378289372324944,616.2374278228956,616.2374278228956,greedy,3.378289372324944,0.0,hard_fault_cluster
256,N7243,observe,-0.8119087815284729,4.32344543283034,5.302903604507446,0.04894373914990876,2.8102395313397213,-0.8119087815284729,0.20333130657672882,2.848868229163418,1.9662380829453467,0.002033313065767288,-0.028345346450805664,-0.004382317885756493,-0.004382317885756493,-2.2984860407276573,0.026116833090782166,0.10649839043617249,-0.003553643822669983,100908.171875,40845.09375,60063.078125,100882.78125,40960.640625,59922.140625,0.0002516210952308029,-0.0028289046604186296,0.002346491441130638,0.02516210952308029,2.810632297769189,5.704237559485919,2.6614205562509596,6.02628846471358,4.183504245473887,4.085353607414727,4.32344543283034,620.5608732557259,620.5608732557259,greedy,4.32344543283034,0.0,hard_fault_cluster
257,N5252,observe,-0.8368597030639648,3.215411108732224,4.350115776062012,0.08318936645984668,2.090017220675946,-0.8368597030639648,0.19074960052967072,3.1346040666103367,4.250084948539733,0.0019074960052967071,-0.01628577709197998,-0.014788849279284477,-0.014788849279284477,-4.906786708831787,0.03573531284928322,0.12014797329902649,-0.0009290352463722229,102737.828125,41544.2265625,61193.6015625,102226.921875,41533.6640625,60693.25390625,0.004972912836819887,0.000254247133852914,0.008176470175385475,0.4972912836819887,3.749492036178708,4.6968955588340755,3.6175214727409184,5.004658229351044,4.18199148774147,4.818294467031956,3.215411108732224,623.7762843644582,623.7762843644582,greedy,3.215411108732224,0.0,hard_fault_cluster
258,N2047,observe,-0.6814849972724915,5.535750398039818,4.512203788757324,0.685543467104435,3.598237758725882,-0.6814849972724915,0.20391102135181427,4.379887549579143,3.5335632324218746,0.0020391102135181426,-0.02108520269393921,-0.005180099979043007,-0.005180099979043007,-0.29017546266317384,0.03603745996952057,0.12497921288013458,0.0010977424681186676,102226.90625,41533.6796875,60693.2265625,102044.5,41581.73046875,60462.76953125,0.001784327207133174,-0.0011569112539291382,0.0037970799021422863,0.1784327207133174,3.802476918324828,6.357981634736062,3.6534287272952497,6.357981634736062,4.772411538660526,4.018612499311566,5.535750398039818,629.312034762498,629.312034762498,greedy,5.535750398039818,0.0,hard_fault_cluster
259,N2043,observe,-0.6299999356269836,6.640486350655556,5.999999999999999,1.078340445458889,4.316316127926112,-0.6299999356269836,0.20770789682865143,6.502697597444057,5.220086646080016,0.0020770789682865143,-0.02301892638206482,-3.7612393498420715e-05,-3.7612393498420715e-05,0.8756614795327184,0.035642437636852264,0.12749876081943512,0.002066105604171753,102044.5625,41581.7890625,60462.76953125,101877.484375,41565.2265625,60312.2578125,0.0016373054822906852,0.0003983113856520504,0.0024893288500607014,0.16373054822906852,3.7719140481203794,6.589737866520881,3.6161613347940147,6.470647357106209,6.211056233942509,5.633968053385616,6.640486350655556,635.9525211131536,635.9525211131536,greedy,6.640486350655556,0.0,hard_fault_cluster
260,N26403,control1,-0.9228270649909973,0.9011654116027056,0.24417556822299957,0.819743470083922,0.5857575175417586,-0.9228270649909973,0.16583950817584991,0.8079925381392239,-0.5706034190952778,0.001658395081758499,-0.03448253870010376,0.0070909541100263596,0.0070909541100263596,5.288531656768173,0.027985207736492157,0.09779702126979828,-0.0016652196645736694,101877.6796875,41565.4765625,60312.203125,101047.3125,41111.3984375,59935.9140625,0.00815062876790762,0.010924405418336391,0.006239020265638828,0.815062876790762,2.971451235935092,1.6991530269384383,2.8417533892206848,1.6782014578580855,0.3652711402624846,0.6407688484899701,0.9011654116027056,636.8536865247563,636.8536865247563,greedy,0.9011654116027056,0.0,hard_fault_cluster
261,N7501,observe,-0.5769171714782715,5.4059066653251655,5.999999999999999,0.2141346657276154,3.5138393324613575,-0.5769171714782715,0.21358232200145721,3.219992101192474,3.8996413469314573,0.0021358232200145723,0.0525641143321991,-0.001293657347559929,-0.001293657347559929,-0.09448085784912119,0.02072441205382347,0.07026901841163635,0.006783388555049896,101047.171875,41111.453125,59935.72265625,101371.375,41217.859375,60153.515625,-0.003208433510735631,-0.0025882385671138763,-0.0036337757483124733,-0.3208433510735631,2.2847298700362444,1.0255935549736024,2.1255133715458214,0.8787891030311585,3.8467721283435825,4.136685850322246,5.4059066653251655,642.2595931900814,642.2595931900814,greedy,5.4059066653251655,0.0,hard_fault_cluster
262,N26404,control1,-0.5658451914787292,1.38684067428112,3.0477277398109432,-0.12825729548931147,0.901446438282728,-0.5658451914787292,0.02065420150756836,-4.866317805796862,-5.999999999999999,0.00020654201507568358,-0.10012146830558777,0.15005813539028168,0.02065420150756836,3.2518797750771045,0.012609858065843582,0.021165192127227783,0.0007730200886726379,101371.578125,41217.8671875,60153.71484375,100386.078125,40707.7265625,59678.3515625,0.009721660055220127,0.012376686558127403,0.007902476005256176,0.9721660055220127,1.4316981434822083,-0.11233118668198583,1.3036638908088207,-0.057269369512796375,-0.7000419020652766,-0.05801826603710597,1.38684067428112,643.6464338643625,643.6464338643625,greedy,1.38684067428112,0.0,hard_fault_cluster
263,N2109,observe,-0.677889347076416,3.1244145512580874,4.015854620933532,0.3036137580871584,2.030869458317757,-0.677889347076416,0.20764310657978058,4.804564565420151,2.3999999999999995,0.0020764310657978057,0.058817267417907715,-0.0392557755112648,-0.0392557755112648,1.4125156223773954,0.025585249066352844,0.08055856823921204,0.0016090981662273407,100395.46875,40708.8359375,59686.6328125,102567.4140625,41450.671875,61116.7421875,-0.021633896976709366,-0.018222970888018608,-0.02396029606461525,-2.1633896976709366,2.7269122377038,6.086383759975433,2.6006217394024134,6.086383759975433,4.175363481044769,2.8189862626791005,3.1244145512580874,646.7708484156205,646.7708484156205,greedy,3.1244145512580874,0.0,hard_fault_cluster
264,N1173,control1,-0.7894797325134277,6.846172665059567,5.999999999999999,1.2223208655416966,4.450012232288718,-0.7894797325134277,0.19977982342243195,6.826363299787045,5.999999999999999,0.0019977982342243195,0.0412156879901886,-0.030222879722714424,-0.030222879722714424,0.8292891979217527,0.01861175149679184,0.06535808742046356,0.0023103654384613037,102548.046875,41415.15234375,61132.890625,101812.3671875,41261.640625,60550.7265625,0.007174000144004822,0.0037066559307277203,0.00952292699366808,0.7174000144004822,2.0307320933789015,6.789473717212678,1.9035643856041133,6.789473717212678,6.8009531736373905,6.5206195628643036,6.846172665059567,653.6170210806802,653.6170210806802,greedy,6.846172665059567,0.0,hard_fault_cluster
265,N5219,observe,-0.8550034761428833,2.4009328931570053,3.6102737426757807,0.14192034393548966,1.5606063805520536,-0.8550034761428833,0.2124423235654831,1.8901332706212997,3.107971942424774,0.002124423235654831,0.03515872359275818,-0.026408439502120018,-0.026408439502120018,-0.6651277422904969,0.018010113388299942,0.07533526420593262,2.8207898139953613e-05,101810.8359375,41291.328125,60519.5078125,102544.125,41697.359375,60846.76171875,-0.007202466018497944,-0.009833330288529396,-0.0054074120707809925,-0.7202466018497944,1.9870452228933573,3.7879080975055697,1.847519809845835,4.049196025133133,2.303654786944389,3.5973756115138524,2.4009328931570053,656.0179539738372,656.0179539738372,greedy,2.4009328931570053,0.0,hard_fault_cluster
266,N5250,observe,-0.6525527834892273,5.857793205976486,5.999999999999999,0.5304552441835403,3.807565583884716,-0.6525527834892273,0.228104367852211,4.081881287693976,4.1454421997070305,0.00228104367852211,0.02355101704597473,-0.030761992558836937,-0.030761992558836937,-0.7380904465913773,0.02249724790453911,0.08192263543605804,0.0010050460696220398,102544.4375,41697.671875,60846.765625,101817.3828125,41312.1484375,60505.234375,0.007090142462402582,0.009245682507753372,0.005612973123788834,0.7090142462402582,2.447067165747285,5.5990418422222135,2.2990603842772543,6.021247719526291,5.0122671842575075,5.35797366976738,5.857793205976486,661.8757471798136,661.8757471798136,greedy,5.857793205976486,0.0,hard_fault_cluster
267,N1996,observe,-0.8858952522277832,5.7721190571784975,2.3999999999999995,0.4704833400249481,3.7518773871660236,-0.8858952522277832,0.22613440454006195,4.1435004591941835,0.8860165834426881,0.0022613440454006197,0.014302045106887817,-0.02476743422448635,-0.02476743422448635,0.4096146512031553,0.017133299261331558,0.08041742444038391,-0.00243416428565979,101816.6171875,41311.484375,60505.1328125,102744.5,41758.50390625,60986.0,-0.00911327451467514,-0.010820708237588406,-0.007947543635964394,-0.911327451467514,1.9146968964487314,3.545318080186844,1.7636716687120497,3.6086963188648222,4.434344822168351,1.3073241344094282,5.7721190571784975,667.6478662369922,667.6478662369922,greedy,5.7721190571784975,0.0,hard_fault_cluster
268,N5515,observe,-0.5958989858627319,5.769420367479324,4.402575874328613,0.46859425723552706,3.7501232388615606,-0.5958989858627319,0.22591309249401093,4.048877182602881,2.6836890637874604,0.002259130924940109,0.048980534076690674,-0.029196476563811302,-0.029196476563811302,-0.12372758686542507,0.023565150797367096,0.09751260280609131,-0.004923976957798004,102745.75,41759.80859375,60985.9375,103038.421875,41683.609375,61354.80859375,-0.002848505973815918,0.0018247022526338696,-0.006048461422324181,-0.2848505973815918,2.553231695666909,5.367011009454727,2.4056942337192595,5.521191679239273,4.742252179980278,3.28913341216743,5.769420367479324,673.4172866044715,673.4172866044715,greedy,5.769420367479324,0.0,hard_fault_cluster
269,N2039,observe,-0.5942265391349792,2.4138803154230115,3.3013678073883055,0.41355358451604846,1.5690222050249576,-0.5942265391349792,0.2372184544801712,2.3857875913381577,3.2152882337570188,0.002372184544801712,0.010973602533340454,-0.029475806280970573,-0.029475806280970573,-0.28839038014411933,0.02243730053305626,0.09878362715244293,-0.003856763243675232,103037.9765625,41683.0859375,61354.890625,102768.25,41696.6796875,61071.57421875,0.00261773937381804,-0.0003261214878875762,0.004617666359990835,0.261773937381804,2.4514727015048265,4.980534818172455,2.295665715355426,4.809813287258148,2.6673132300376894,3.833753599524498,2.4138803154230115,675.8311669198946,675.8311669198946,greedy,2.4138803154230115,0.0,hard_fault_cluster
270,N2167,control1,-0.8575291037559509,4.079035466909408,3.954508757591247,1.0239923828840256,2.6513730534911155,-0.8575291037559509,0.22033454477787018,6.002253937721252,5.999999999999999,0.002203345447778702,0.0008312761783599854,-0.03249809890985489,-0.03249809890985489,-0.1244435298442843,0.01745685562491417,0.08287429809570312,-0.004294075071811676,102781.515625,41650.1953125,61131.31640625,102119.890625,41386.4453125,60733.4453125,0.006437198258936405,0.006332503166049719,0.0065084658563137054,0.6437198258936405,1.9335220083594322,6.179956657886505,1.7926446739584208,6.179956657886505,5.337391757965087,5.569304642677307,4.079035466909408,679.910202386804,679.910202386804,greedy,4.079035466909408,0.0,hard_fault_cluster
271,N15101,control1,-0.8457499742507935,5.739436230063439,5.999999999999999,0.44760536104440685,3.7306335495412353,-0.8457499742507935,0.22237683832645416,3.7038171410560605,3.9118345499038694,0.0022237683832645417,-0.0003100931644439697,-0.02135208062827587,-0.02135208062827587,0.1677359825372695,0.013705156743526459,0.08408565819263458,-0.005731210112571716,102105.390625,41433.3515625,60672.0390625,101428.03125,41203.578125,60224.453125,0.006633923854678869,0.0055456156842410564,0.007377136964350939,0.6633923854678869,1.5715404320508242,3.9995257127285004,1.4207718637771904,4.16155409693718,4.552524992823601,5.05914124533534,5.739436230063439,685.6496386168675,685.6496386168675,greedy,5.739436230063439,0.0,hard_fault_cluster
272,N15100,control1,-0.8505061864852905,5.943306690454484,5.999999999999999,0.5903146833181381,3.8631493487954143,-0.8505061864852905,0.22282125055789948,4.417867535352706,4.448877549171447,0.0022282125055789947,-0.009011596441268921,-0.01315419189631939,-0.01315419189631939,0.14268135309219354,0.009862370789051056,0.08238539099693298,-0.007674217224121094,101427.921875,41203.52734375,60224.3984375,100870.71875,40965.6875,59905.02734375,0.005493587348610163,0.005772317759692669,0.005303018260747194,0.5493587348610163,1.1959041375666857,5.015637373924255,1.0386538435705006,5.2373569250106815,5.089513415098191,5.408183719813824,5.943306690454484,691.592945307322,691.592945307322,greedy,5.943306690454484,0.0,hard_fault_cluster
273,N15095,control1,-0.858571469783783,5.7966399371624,5.999999999999999,0.4876479560136796,3.76781595915556,-0.858571469783783,0.2209317833185196,5.213940379023552,5.552782154083252,0.002209317833185196,-0.014950215816497803,-0.008806129917502403,-0.008806129917502403,-2.0313093179464343,0.007157653570175171,0.07982803881168365,-0.009123153984546661,100870.703125,40965.7109375,59904.9921875,100437.875,40760.5,59677.37109375,0.004290920216590166,0.005009334068745375,0.003799701575189829,0.4290920216590166,0.9278910104185343,3.4030519354343416,0.7687967703677714,3.3924267399311065,5.663569131493569,5.781319935470819,5.7966399371624,697.3895852444844,697.3895852444844,greedy,5.7966399371624,0.0,hard_fault_cluster
274,N5216,observe,-0.9216808080673218,5.608815288543701,5.999999999999999,0.356170701980591,3.645729937553406,-0.9216808080673218,0.23750106990337372,5.413222932815551,5.999999999999999,0.002375010699033737,-0.01176944375038147,-0.015584377571940422,-0.015584377571940422,-4.552066240310669,0.010359831154346466,0.08822375535964966,-0.008435525000095367,100437.140625,40759.6953125,59677.44921875,102055.5,41493.67578125,60561.828125,-0.016113156452775,-0.01800750568509102,-0.014819314703345299,-1.6113156452775002,1.25789980776608,5.157213373184204,1.091462288517505,5.203501863479614,5.922038221359253,5.688138827474322,5.608815288543701,702.9984005330281,702.9984005330281,greedy,5.608815288543701,0.0,hard_fault_cluster
275,N5249,observe,-0.7601855993270874,5.309288066625595,5.999999999999999,0.1465016466379167,3.451037243306637,-0.7601855993270874,0.24664215743541718,4.020558366179467,4.711489534378051,0.0024664215743541718,-0.013919919729232788,-0.027510439977049828,-0.027510439977049828,-4.642169639468193,0.017518766224384308,0.09098584949970245,-0.0069268494844436646,102055.53125,41493.72265625,60561.8046875,101743.921875,41236.00390625,60507.9140625,0.0030533315148204565,0.006211029831320047,0.0008898450760170817,0.30533315148204565,1.9710083398967981,5.120631576776504,1.8066595518030226,5.236886669397354,5.288265743851662,5.4230915172398095,5.309288066625595,708.3076885996537,708.3076885996537,greedy,5.309288066625595,0.0,hard_fault_cluster
276,N4408,observe,-0.8491803407669067,5.603039532899857,5.999999999999999,0.3521276730298997,3.641975696384907,-0.8491803407669067,0.23916269838809967,5.15203974545002,5.655095243453979,0.0023916269838809966,-0.027083992958068848,-0.019253036007285118,-0.019253036007285118,-4.509224115014076,0.016442928463220596,0.08306300640106201,-0.004992946982383728,101744.078125,41236.38671875,60507.6953125,101727.09375,41350.328125,60376.76171875,0.0001669323246460408,-0.0027631279081106186,0.0021639163605868816,0.01669323246460408,1.8642025087028742,5.364745653867722,1.6992702619172633,5.42500609278679,5.938393899798394,5.959956034868956,5.603039532899857,713.9107281325536,713.9107281325536,greedy,5.603039532899857,0.0,hard_fault_cluster
277,N5530,observe,-0.5841068625450134,4.497083926200867,4.2753820538520815,-0.44874405860900857,2.923104552030564,-0.5841068625450134,0.26039111614227295,2.5902656078338624,2.5517835080623628,0.0026039111614227293,0.014244526624679565,-0.031579501926898956,-0.031579501926898956,-5.175157341957092,0.02014714479446411,0.10829456150531769,-0.006732061505317688,101727.6015625,41350.7421875,60376.859375,102800.28125,41604.51953125,61195.765625,-0.010544627904891968,-0.006137189455330372,-0.013563246466219425,-1.0544627904891968,2.243526093661785,2.5555440425872806,2.0719173830002546,2.5636865854263307,3.620817220211029,2.5464308505915874,4.497083926200867,718.4078120587544,718.4078120587544,greedy,4.497083926200867,0.0,hard_fault_cluster
278,N2326,observe,-0.5173515677452087,3.6993736267089847,2.5078794360160823,0.632022626399994,2.40459285736084,-0.5173515677452087,0.2610440254211426,5.304981160163879,4.402347224950789,0.0026104402542114257,0.026078015565872192,-0.035900481045246124,-0.035900481045246124,-1.6386192464828493,0.018156420439481735,0.11524622142314911,-0.008791327476501465,102800.4375,41604.59765625,61195.8359375,103652.015625,41794.8125,61857.203125,-0.008283798582851887,-0.004571966826915741,-0.010807388462126255,-0.8283798582851887,2.04078558832407,5.693878579139709,1.8719279300421476,5.693878579139709,4.2912145256996155,2.9970449734869726,3.6993736267089847,722.1071856854634,722.1071856854634,greedy,3.6993736267089847,0.0,hard_fault_cluster
279,N6077,observe,-0.7372390627861023,2.4239400535821916,3.0504199743270872,0.6376258045434953,1.5755610348284246,-0.7372390627861023,0.25691473484039307,3.8421318247914313,4.59356894493103,0.0025691473484039306,-0.007568240165710449,-0.025054024532437325,-0.025054024532437325,0.15770290404558174,0.017441067844629288,0.103175088763237,-0.007640443742275238,103651.3125,41794.359375,61856.953125,103396.09375,41937.70703125,61458.390625,0.002462281845510006,-0.003429832635447383,0.006443293299525976,0.2462281845510006,1.9759674947708845,4.1592892676591875,1.8020719620399177,4.09682984650135,3.106308877468109,3.970155470073223,2.4239400535821916,724.5311257390456,724.5311257390456,greedy,2.4239400535821916,0.0,hard_fault_cluster
280,N15097,control1,-0.8329581022262573,5.362372040748597,5.999999999999999,0.18366042852401743,3.485541826486588,-0.8329581022262573,0.24218980967998505,3.2951181203126905,3.9239918708801267,0.0024218980967998503,-0.008999168872833252,-0.01648598723113537,-0.01648598723113537,-1.6013849204778672,0.011254590004682541,0.09601850807666779,-0.009970776736736298,103396.640625,41938.08203125,61458.5546875,102891.84375,41774.0390625,61117.80859375,0.004882140085101128,0.003911551553755999,0.0055443234741687775,0.48821400851011276,1.3511628229171038,2.3254421862959864,1.1818849560804665,2.319342008531094,4.348760882019997,4.926694573312998,5.362372040748597,729.8934977797942,729.8934977797942,greedy,5.362372040748597,0.0,hard_fault_cluster
281,N5247,observe,-0.7646744251251221,5.357265271246433,5.999999999999999,0.18008568987250345,3.4822224263101815,-0.7646744251251221,0.24845318496227264,4.21926427707076,4.884597969055175,0.0024845318496227262,-0.003799617290496826,-0.028377728536725044,-0.028377728536725044,-4.623101687282324,0.016474444419145584,0.09667959809303284,-0.008931748569011688,102891.2265625,41773.3984375,61117.828125,102734.28125,41676.40234375,61057.87890625,0.0015253517776727676,0.0023219583090394735,0.0009808794129639864,0.15253517776727676,1.867519898340106,5.835787352621555,1.7024633060209453,5.835787352621555,5.3927526451647285,5.456490618027747,5.357265271246433,735.2507630510406,735.2507630510406,greedy,5.357265271246433,0.0,hard_fault_cluster
282,N4384,observe,-0.8315054774284363,5.464829526655376,5.999999999999999,0.25538066865876324,3.5521391923259946,-0.8315054774284363,0.2432798594236374,3.826039070356637,2.538546995818615,0.002432798594236374,-0.016996294260025024,-0.02106037549674511,-0.02106037549674511,-2.2980750653333963,0.015738435089588165,0.0900397002696991,-0.007025502622127533,102734.359375,41676.703125,61057.65234375,102597.21875,41725.58203125,60871.640625,0.0013349051587283611,-0.001172811258584261,0.0030464930459856987,0.1334905158728361,1.7960629928857088,6.159256734363735,1.6293983799405396,6.159256734363735,4.959372793417424,4.329300354828593,5.464829526655376,740.715592577696,740.715592577696,greedy,5.464829526655376,0.0,hard_fault_cluster
283,N2065,observe,-0.5772644877433777,4.531674742791802,4.393013429641724,-0.3272317408584057,2.9455885828146715,-0.5772644877433777,0.25141334533691406,2.20021452321671,1.8789255380630494,0.002514133453369141,-0.016272544860839844,-0.018953872844576836,-0.018953872844576836,-4.9710578405018895,0.020251650363206863,0.09927424788475037,-0.004451587796211243,102597.3125,41725.37890625,60871.93359375,102190.640625,41550.625,60640.015625,0.003963767550885677,0.004188192076981068,0.003809932619333267,0.39637675508856773,2.2576245088130236,3.9451439453102655,2.0832799044437706,4.044168527219445,3.951306456560269,2.953955304699484,4.531674742791802,745.2472673204878,745.2472673204878,greedy,4.531674742791802,0.0,hard_fault_cluster
284,N5525,observe,-0.46696344017982483,4.358762258291245,4.432023727893829,-0.4918369591236112,2.8331954678893094,-0.46696344017982483,0.2600383758544922,2.4102918088436125,3.075241494178772,0.0026003837585449217,0.019731581211090088,-0.02841600961983204,-0.02841600961983204,-5.207492737770081,0.020254727452993393,0.11849798262119293,-0.008388720452785492,102191.015625,41551.1796875,60639.8359375,103406.7890625,41790.875,61615.9140625,-0.011897067539393902,-0.005768676288425922,-0.016096318140625954,-1.1897067539393902,2.2570951115339994,2.3339428925514225,2.0833783368580043,2.343370749950409,3.479945641756058,2.8541612891852854,4.358762258291245,749.606029578779,749.606029578779,greedy,4.358762258291245,0.0,hard_fault_cluster
285,N2322,observe,-0.4329410791397095,4.164201909303665,3.2402030944824216,0.4959136408567429,2.706731241047382,-0.4329410791397095,0.26094770431518555,5.115376895666122,4.402347224950789,0.0026094770431518556,0.029799431562423706,-0.033524878323078156,-0.033524878323078156,-1.4021645903587343,0.01688573881983757,0.12289755046367645,-0.011928252875804901,103406.875,41790.9296875,61615.9453125,104437.171875,42072.0078125,62365.16796875,-0.009963523596525192,-0.006725816521793604,-0.01215955801308155,-0.9963523596525192,1.9159967079758644,3.8458310604095454,1.7454295884817839,3.6955177068710325,4.0633265376091,2.907788506895304,4.164201909303665,753.7702314880827,753.7702314880827,greedy,4.164201909303665,0.0,hard_fault_cluster
286,N7480,observe,-0.6606745719909668,2.74730084836483,3.2721440076828,0.6717881873250007,1.7857455514371396,-0.6606745719909668,0.2588536739349365,4.027396140992641,4.693079566955566,0.0025885367393493654,7.861852645874023e-05,-0.022443139925599098,-0.022443139925599098,0.3772588863968849,0.016974560916423798,0.1116275042295456,-0.009852305054664612,104436.609375,42071.64453125,62364.96875,104239.875,42226.8359375,62013.0390625,0.0018837683601304889,-0.0036887412425130606,0.005643066950142384,0.1883768360130489,1.9338666256517172,4.1955224132537845,1.7565587251447141,4.116625127792358,3.2202127099037168,4.193138261437415,2.74730084836483,756.5175323364475,756.5175323364475,greedy,2.74730084836483,0.0,hard_fault_cluster
287,N5830,observe,-0.7341530919075012,5.831463667750358,5.999999999999999,0.512024567425251,3.790451384037733,-0.7341530919075012,0.2562520503997803,3.845532663166523,3.9290208578109738,0.0025625205039978027,-0.013298958539962769,-0.014719760045409203,-0.014719760045409203,0.32811024636030184,0.016330234706401825,0.1046455055475235,-0.007543645799160004,104239.8671875,42226.8671875,62013.0,103828.484375,42186.015625,61642.46875,0.003946501761674881,0.0009674305911175907,0.005975057836622,0.3946501761674881,1.8745557609945536,6.252724301218986,1.6934065432287753,6.5582253330945965,4.769770550727845,5.200350857973099,5.831463667750358,762.3489960041978,762.3489960041978,greedy,5.831463667750358,0.0,hard_fault_cluster
288,N5248,observe,-0.7623413801193237,2.63239087164402,4.3435715675354,-0.45623174607753736,1.7110540665686131,-0.7623413801193237,0.2509823441505432,1.4500659108161926,3.1296867251396177,0.002509823441505432,-0.009418845176696777,-0.019765345379710197,-0.019765345379710197,-5.2692792016267775,0.017296288162469864,0.10183539986610413,-0.007810316979885101,103828.0859375,42185.51953125,61642.56640625,103655.46875,42037.8515625,61617.6171875,0.0016625288408249617,0.0035004420205950737,0.0004047401016578078,0.16625288408249617,1.9608458150178194,2.759124305248261,1.7874330659396946,2.8645042204856876,2.8191680729389192,3.7827453526854518,2.63239087164402,764.9813868758418,764.9813868758418,greedy,2.63239087164402,0.0,hard_fault_cluster
289,N2030,observe,-0.6214112043380737,5.181420305371285,4.402347224950789,0.05699421375989924,3.367923198491335,-0.6214112043380737,0.2323329597711563,3.5101210311055184,2.6786270499229428,0.0023233295977115632,-0.003598034381866455,-0.020294563844799995,-0.020294563844799995,-4.6966321268677715,0.028661679476499557,0.11433650553226471,-0.002080969512462616,105520.90625,42700.59765625,62820.3046875,105032.984375,42796.13671875,62236.84765625,0.004623935557901859,-0.0022374175023287535,0.009287714026868343,0.46239355579018593,3.078206343576312,5.855473224520683,2.919177546631545,5.855473224520683,5.007454352080822,3.4909171012043956,5.181420305371285,770.1628071812131,770.1628071812131,greedy,5.181420305371285,0.0,hard_fault_cluster
290,N4399,observe,-0.7720240354537964,1.8067043900489808,1.6143358111381532,0.06374197959899901,1.1743578535318375,-0.7720240354537964,0.22590498626232147,1.456655415892601,1.278855389356613,0.0022590498626232146,-0.01571422815322876,-0.009269332513213158,-0.009269332513213158,-0.9129493480920792,0.02599024772644043,0.1072244793176651,-0.0013170763850212097,105032.859375,42796.140625,62236.71484375,104557.859375,42657.609375,61900.25390625,0.004522394388914108,0.0032370032276958227,0.005406148731708527,0.4522394388914108,2.8156604263931513,1.9663914215564726,2.65318368608132,1.9832838666439057,1.822701886296272,1.4064043958857653,1.8067043900489808,771.969511571262,771.969511571262,greedy,1.8067043900489808,0.0,hard_fault_cluster
291,N7531,observe,-0.9200361967086792,0.9885916896164417,2.4849526345729824,0.10980444334447385,0.6425845982506871,-0.9200361967086792,0.21983979642391205,1.0391524542123078,2.574395728111267,0.0021983979642391203,-0.014800697565078735,-0.004195457324385643,-0.004195457324385643,-0.4796523926407099,0.022872142493724823,0.10704359412193298,-0.002490416169166565,104557.8125,42657.65234375,61900.1640625,104617.546875,42553.0703125,62064.4765625,-0.0005713047576136887,0.0024516594130545855,-0.0026544760912656784,-0.05713047576136887,2.5028585884720087,0.9476309458911419,2.341125334147364,0.9405215899646283,1.023505173251033,2.2402783626131715,0.9885916896164417,772.9581032608785,772.9581032608785,greedy,0.9885916896164417,0.0,hard_fault_cluster
292,N5246,observe,-0.872535765171051,0.7726611495018006,2.9461155176162714,-0.6190505504608153,0.5022297471761704,-0.872535765171051,0.2242654711008072,0.5242042839527131,2.703336763381958,0.002242654711008072,-0.01392313838005066,-0.00763014517724514,-0.00763014517724514,-5.262569781541824,0.02375507727265358,0.10647204518318176,-0.0027097687125205994,104617.375,42552.69140625,62064.68359375,104292.296875,42344.7421875,61947.5546875,0.003107305383309722,0.004886864218860865,0.0018872070359066129,0.3107305383309722,2.59214305318892,1.3146883463859558,2.4296665587462485,1.3600425696372986,1.5510400652885437,3.1081760424375533,0.7726611495018006,773.7307644103803,773.7307644103803,greedy,0.7726611495018006,0.0,hard_fault_cluster
293,N2311,observe,-0.6078721880912781,3.700464057922364,3.6847629666328428,-0.3173021316528318,2.405301637649537,-0.6078721880912781,0.2435840517282486,2.1706423044204715,1.997895461320877,0.002435840517282486,0.019924044609069824,-0.026706038042902946,-0.026706038042902946,-5.090512919425964,0.0265195332467556,0.1303156018257141,-0.006721854209899902,104292.96875,42345.46875,61947.50390625,105020.796875,42375.5625,62645.234375,-0.006978688295930624,-0.0007106722332537174,-0.011263254098594189,-0.6978688295930624,2.8688313383609056,3.6017915534973146,2.7061728280968964,3.7514429378509524,3.564603495597839,2.5949419905245303,3.700464057922364,777.4312284683026,777.4312284683026,greedy,3.700464057922364,0.0,hard_fault_cluster
294,N2070,observe,-0.5892131328582764,6.0333553612232205,3.760247945785522,1.0271379989385605,3.9216809847950933,-0.5892131328582764,0.24065883457660675,6.397470849752426,4.199999999999999,0.0024065883457660676,-0.0006542801856994629,-0.01667419634759426,-0.01667419634759426,0.3077489638328552,0.025932572782039642,0.1263953596353531,-0.005557157099246979,105020.1875,42374.9921875,62645.1953125,104863.0078125,42447.5625,62415.4453125,0.0014966616872698069,-0.0017125740414485335,0.003667480079457164,0.1496661687269807,2.8172419164329767,6.555045268535614,2.6492534377612174,6.494381425380706,6.25482485294342,4.357342404276133,6.0333553612232205,783.4645838295258,783.4645838295258,greedy,6.0333553612232205,0.0,hard_fault_cluster
295,N4378,observe,-0.7874705791473389,6.351349258422852,4.199999999999999,0.8759444808959961,4.128377017974854,-0.7874705791473389,0.23167283833026886,6.134681722521782,4.106232166290283,0.0023167283833026887,-0.012351840734481812,-0.007600842043757439,-0.007600842043757439,0.017212261557578934,0.023558810353279114,0.11453792452812195,-0.004110850393772125,104863.1875,42447.84375,62415.34765625,104714.484375,42524.68359375,62189.8046875,0.0014180679572746158,-0.0018102178582921624,0.003613581880927086,0.14180679572746158,2.579953031614423,6.479988785982132,2.4118990343995392,6.479988785982132,6.16829169690609,4.085562474317849,6.351349258422852,789.8159330879487,789.8159330879487,greedy,6.351349258422852,0.0,hard_fault_cluster
296,N5511,observe,-0.584646999835968,4.139834803342819,4.193825495243073,-0.48254886269569375,2.6908926221728326,-0.584646999835968,0.2443016618490219,2.172713178396225,2.284543740749359,0.0024430166184902192,0.021912425756454468,-0.031949713826179504,-0.031949713826179504,-5.188415107727051,0.02607850730419159,0.13365241885185242,-0.007547713816165924,104714.640625,42524.859375,62189.78125,105249.546875,42482.8046875,62766.74609375,-0.005108227953314781,0.00098894361872226,-0.009277486242353916,-0.5108227953314781,2.8202026784420013,2.5911424565315246,2.6609387174248695,2.660508029460907,3.4207124292850497,2.652630742862821,4.139834803342819,793.9557678912915,793.9557678912915,greedy,4.139834803342819,0.0,hard_fault_cluster
297,N14380,observe,-0.7984645366668701,4.360415071249009,4.285242795944214,0.9398341733217239,2.834269796311856,-0.7984645366668701,0.23438413441181183,5.827647817134857,5.999999999999999,0.0023438413441181183,-0.0043080151081085205,-0.013739308342337608,-0.013739308342337608,0.5561014330387113,0.022639546543359756,0.11856944859027863,-0.006193928420543671,105249.3046875,42482.625,62766.6796875,105157.8671875,42634.7265625,62523.140625,0.0008687705849297345,-0.0035803241189569235,0.003880069125443697,0.08687705849297345,2.48459948040545,4.396931174993515,2.319115860853344,4.238454893827439,4.621275120973587,5.103828828632832,4.360415071249009,798.3161829625406,798.3161829625406,greedy,4.360415071249009,0.0,hard_fault_cluster
298,N14341,observe,-0.8372265100479126,4.849756551906467,5.999999999999999,-0.2502434480935334,3.1523417587392037,-0.8372265100479126,0.23106475174427032,2.5889888303354383,3.6976542472839355,0.002310647517442703,-0.015341877937316895,-0.008669508621096611,-0.008669508621096611,-4.914535230584443,0.022058621048927307,0.11232890188694,-0.004912979900836945,105157.8203125,42634.7890625,62523.03125,104687.140625,42502.5,62184.640625,0.00447593629360199,0.0031028431840240955,0.00541225541383028,0.447593629360199,2.4282573480159044,3.5337535583227875,2.261460915673524,3.5955640994757414,4.229957964830101,4.849472677139565,4.849756551906467,803.165939514447,803.165939514447,greedy,4.849756551906467,0.0,hard_fault_cluster
299,N14381,observe,-0.8638231754302979,2.8079637825489043,3.921727132797241,0.1621065849065781,1.8251764586567878,-0.8638231754302979,0.22588227689266205,1.887160351872444,3.0064401626586914,0.0022588227689266205,-0.02176305651664734,-0.005207991227507591,-0.005207991227507591,-0.8456483465433121,0.021800026297569275,0.10710874199867249,-0.003900885581970215,104687.171875,42502.4296875,62184.7421875,104106.8984375,42278.15234375,61828.74609375,0.005542927887290716,0.005276812240481377,0.0057248142547905445,0.5542927887290716,2.400676915422082,2.102949041128159,2.235171201173216,2.10626317858696,2.3140035599470137,3.6041023139655586,2.8079637825489043,805.9739032969959,805.9739032969959,greedy,2.8079637825489043,0.0,hard_fault_cluster
300,N1364,observe,-0.8589158058166504,2.004398988187313,3.255212044715881,0.16614905372262,1.3028593423217536,-0.8589158058166504,0.2166578620672226,1.4169515274465085,-0.9263347268104551,0.002166578620672226,-0.0230465829372406,0.0010539945214986801,0.0010539945214986801,-0.23731697842478755,0.02236863225698471,0.10407739877700806,-0.002095423638820648,104103.4609375,42265.5859375,61837.875,103639.5625,42085.6328125,61553.92578125,0.004456128925085068,0.004257674794644117,0.004591833334416151,0.4456128925085068,2.4545750822871923,1.7428900304436683,2.2912911898456514,1.751350897848606,1.6342685915529729,1.6922745845094327,2.004398988187313,807.9783022851832,807.9783022851832,greedy,2.004398988187313,0.0,hard_fault_cluster
301,N5255,observe,-0.9711966514587402,0.9561732441186905,1.2763356685638427,0.014081390798091885,0.6215126086771489,-0.9711966514587402,0.21465684473514557,0.8990049481391907,1.3155162334442139,0.0021465684473514555,-0.0168570876121521,-0.0016354229301214218,-0.0016354229301214218,-0.8269312816858292,0.021474312990903854,0.10834844410419464,-0.004015237092971802,103641.734375,42097.37109375,61544.3671875,104089.6640625,42149.0234375,61940.640625,-0.0043219043873250484,-0.0012269731378182769,-0.006438825279474258,-0.43219043873250484,2.3604527208954096,0.8099353361129761,2.2006866545416415,0.8100314664840698,0.8760373741388321,1.1956875859200955,0.9561732441186905,808.9344755293018,808.9344755293018,greedy,0.9561732441186905,0.0,hard_fault_cluster
302,N2069,observe,-0.6792406439781189,3.142145875096321,3.6234930753707886,-0.24266446530818936,2.0423948188126086,-0.6792406439781189,0.22411836683750153,1.4365083664655687,1.2479991793632506,0.0022411836683750154,-0.021127790212631226,-0.00034084729850292206,-0.00034084729850292206,-3.2622658812999727,0.026347823441028595,0.1149856448173523,-0.002186983823776245,104089.625,42149.109375,61940.515625,103556.0625,41968.296875,61587.76171875,0.005125991068780422,0.004289829637855291,0.005695043131709099,0.5125991068780422,2.858559863641858,3.6389077985286713,2.690726723987609,3.7966410005092617,2.635277482867241,2.4833740828186275,3.142145875096321,812.0766214043981,812.0766214043981,greedy,3.142145875096321,0.0,hard_fault_cluster
303,N2314,observe,-0.5967791080474854,3.4648688018322,3.7647125720977783,-0.6755730450153348,2.25216472119093,-0.5967791080474854,0.228995218873024,1.4473556697368624,1.7553553640842436,0.00228995218873024,0.00947725772857666,-0.0206547062844038,-0.0206547062844038,-5.357635159492493,0.027052979916334152,0.13242517411708832,-0.006722494959831238,103556.4765625,41968.8359375,61587.640625,104612.0078125,42224.1875,62387.8203125,-0.010192807763814926,-0.006084313616156578,-0.012992536649107933,-1.0192807763814926,2.9136385042220354,2.780275623798371,2.7573831197805703,2.8839224028587345,2.7524043500423434,2.0687263293098663,3.4648688018322,815.5414902062303,815.5414902062303,greedy,3.4648688018322,0.0,hard_fault_cluster
304,N2066,observe,-0.6128509640693665,5.288134849071502,3.9512969255447388,0.8340746057033539,3.437287651896477,-0.6128509640693665,0.22701860964298248,5.974274271726609,4.40593374967575,0.0022701860964298246,-0.007617741823196411,-0.009049860760569572,-0.009049860760569572,-0.9061124074459077,0.026776324957609177,0.12747330963611603,-0.005327768623828888,104611.515625,42223.6328125,62387.87890625,104542.25,42329.125,62213.125,0.0006621223874390125,-0.0024984157644212246,0.0028010874520987272,0.06621223874390125,2.8956012446433306,5.92252222776413,2.732124682981521,5.805818240642548,5.697348660230636,4.3491695126146075,5.288134849071502,820.8296250553018,820.8296250553018,greedy,5.288134849071502,0.0,hard_fault_cluster
305,N5508,observe,-0.5692751407623291,5.1613299489021305,5.999999999999999,0.042930964231491314,3.3548644667863847,-0.5692751407623291,0.23360930383205414,3.971404504776001,4.9474862575531,0.002336093038320541,0.018205463886260986,-0.026720291003584862,-0.026720291003584862,-4.808202917575836,0.026309862732887268,0.13764265179634094,-0.0070843324065208435,104541.984375,42328.79296875,62213.1875,105277.2421875,42501.0703125,62776.171875,-0.0070331343449652195,-0.0040699802339077,-0.009049276821315289,-0.703313434496522,2.837875286117196,5.619637937545777,2.682708526495844,5.619637937545777,4.897299313545227,5.283244553804398,5.1613299489021305,825.9909550042039,825.9909550042039,greedy,5.1613299489021305,0.0,hard_fault_cluster
306,N5242,observe,-0.7326367497444153,3.7495568968355655,3.967741537094116,0.7821095212548972,2.4372119829431176,-0.7326367497444153,0.23106078803539276,5.398226070031524,5.8936591148376465,0.0023106078803539275,0.0010287463665008545,-0.01290370337665081,-0.01290370337665081,-0.27344577454030516,0.024193130433559418,0.12859965860843658,-0.007745727896690369,105277.7578125,42501.765625,62775.9921875,105414.109375,42639.40625,62774.703125,-0.0012951601529493928,-0.0032384684309363365,2.0534322175080888e-05,-0.12951601529493928,2.6374701280146837,3.53486420288682,2.4738523145206273,3.4745295204222204,4.169747993722558,4.810336195919662,3.7495568968355655,829.7405119010394,829.7405119010394,greedy,3.7495568968355655,0.0,hard_fault_cluster
307,N4351,observe,-0.8029372692108154,6.145997187495232,4.318715098500251,0.7321980312466623,3.994898171871901,-0.8029372692108154,0.22915269434452057,6.0128910973668095,4.402347224950789,0.0022915269434452055,-0.011004418134689331,-0.0068143922835588455,-0.0068143922835588455,-0.783252747356892,0.02354273945093155,0.1209365576505661,-0.005551725625991821,105413.8359375,42639.35546875,62774.48046875,105200.5546875,42688.609375,62511.9453125,0.0020232757087796926,-0.0011551278876140714,0.004182195756584406,0.20232757087796926,2.5766122471541166,6.365675169825554,2.4098585206083953,6.365675169825554,6.234469549357891,4.219939673542977,6.145997187495232,835.8865090885347,835.8865090885347,greedy,6.145997187495232,0.0,hard_fault_cluster
308,N2067,observe,-0.6017491817474365,5.271357646305114,5.999999999999999,0.11995035241357989,3.4263824700983245,-0.6017491817474365,0.23335297405719757,2.945493511436507,3.5871271848678585,0.0023335297405719757,-0.015267401933670044,-0.008209219202399254,-0.008209219202399254,-2.6384775590430944,0.026501532644033432,0.1263609230518341,-0.0042422860860824585,105200.4765625,42688.3828125,62512.09375,104676.4453125,42488.328125,62188.1171875,0.0049812630750238895,0.004686396569013596,0.005182622000575066,0.49812630750238895,2.8752970192581415,5.0939720824547114,2.706439203117043,5.248436851818115,4.321456335857511,4.908946618307382,5.271357646305114,841.1578667348398,841.1578667348398,greedy,5.271357646305114,0.0,hard_fault_cluster
309,N2308,observe,-0.5805890560150146,4.456100535392761,5.570111560821533,-0.20885624885559056,2.896465348005295,-0.5805890560150146,0.23496387898921967,2.671487507224083,2.0479014710945194,0.0023496387898921966,0.014464586973190308,-0.027793901041150093,-0.027793901041150093,-4.951951473355294,0.02723526582121849,0.13790197670459747,-0.006390787661075592,104676.8515625,42488.84375,62188.0078125,105115.90625,42459.88671875,62656.015625,-0.004194381646811962,0.0006815207889303565,-0.007525692228227854,-0.4194381646811962,2.9306965600699186,4.476011062860489,2.7753190766088665,4.671438957452774,4.115286865830422,3.452008701073028,4.456100535392761,845.6139672702326,845.6139672702326,greedy,4.456100535392761,0.0,hard_fault_cluster
310,N5523,observe,-0.554646909236908,4.413206708431245,5.059710454940795,0.3184908092021944,2.8685843604803094,-0.554646909236908,0.2387542873620987,5.0974079191684725,5.999999999999999,0.002387542873620987,0.02488875389099121,-0.03287948668003082,-0.03287948668003082,-4.434137855768204,0.02493039146065712,0.1416148990392685,-0.008447617292404175,105115.1796875,42459.0,62656.1796875,105542.25,42553.8515625,62988.3984375,-0.004062879364937544,-0.0022339564748108387,-0.005302250385284424,-0.4062879364937544,2.69891394674778,4.266253864765168,2.544507846236229,4.219525921344758,5.048668247461318,5.381634360849857,4.413206708431245,850.0271739786639,850.0271739786639,greedy,4.413206708431245,0.0,hard_fault_cluster
311,N14360,observe,-0.7580098509788513,2.4782406777143478,3.2724964857101435,0.483146461546421,1.6108564405143262,-0.7580098509788513,0.23522554337978363,3.209141083061695,4.110018491744995,0.0023522554337978363,0.0003751516342163086,-0.01608561910688877,-0.01608561910688877,0.09662653177976599,0.022904425859451294,0.12821711599826813,-0.008624747395515442,105542.625,42554.62890625,62987.9921875,105559.0625,42780.3046875,62778.7578125,-0.00015574276039842516,-0.0053032017312943935,0.003321813652291894,-0.015574276039842516,2.5095825102180243,2.7662361711263657,2.345227567013353,2.7325315326452255,2.7534268721938133,3.8897274669259785,2.4782406777143478,852.5054146563782,852.5054146563782,greedy,2.4782406777143478,0.0,hard_fault_cluster
312,N4402,observe,-0.8057195544242859,5.157309290766716,5.999999999999999,0.04011650353670134,3.3522510389983657,-0.8057195544242859,0.2326454073190689,3.423018096387386,4.2067081212997435,0.002326454073190689,-0.010055869817733765,-0.010781863704323769,-0.010781863704323769,-4.70864169806242,0.022430982440710068,0.12087704241275787,-0.00683816522359848,105558.8984375,42780.140625,62778.7578125,105201.09375,42716.109375,62484.984375,0.0033896213863044977,0.001496751792728901,0.004679503850638866,0.33896213863044977,2.464961787685752,5.853724537491799,2.298564129974693,5.853724537491799,4.953388573229313,5.152630584910512,5.157309290766716,857.662723947145,857.662723947145,greedy,5.157309290766716,0.0,hard_fault_cluster
313,N2063,observe,-0.7818512916564941,4.0144341960549355,4.834824800491333,0.23050285682082175,2.609382227435708,-0.7818512916564941,0.2334568053483963,2.4024740971624854,3.2005280494689936,0.002334568053483963,-0.012601315975189209,-0.007432637736201286,-0.007432637736201286,-0.639971948415041,0.02222200483083725,0.11839884519577026,-0.00633065402507782,105201.0,42715.828125,62485.171875,104908.3046875,42543.921875,62364.3828125,0.0027822484262287617,0.004024415742605925,0.0019330836366862059,0.27822484262287617,2.44822465069592,3.0975869581103326,2.2787065249867737,3.1474211141467094,3.0545959226787094,3.9225501884147524,4.0144341960549355,861.6771581431999,861.6771581431999,greedy,4.0144341960549355,0.0,hard_fault_cluster
314,N2319,observe,-0.560875654220581,4.900678059458732,5.999999999999999,-0.19932194054126717,3.1854407386481762,-0.560875654220581,0.24859483540058136,2.814803622663021,3.901757216453552,0.002485948354005814,0.014289706945419312,-0.02491883747279644,-0.02491883747279644,-4.897134501636028,0.025121010839939117,0.1380498856306076,-0.008150361478328705,104908.6953125,42544.3984375,62364.296875,105016.5625,42368.16796875,62648.390625,-0.0010282006114721298,0.0041422718204557896,-0.004555390682071447,-0.10282006114721298,2.7357770819216967,4.117266665101052,2.568020083475858,4.261250649094582,4.339038254320622,4.767595532014966,4.900678059458732,866.5778362026587,866.5778362026587,greedy,4.900678059458732,0.0,hard_fault_cluster
315,N4393,observe,-0.7867333889007568,4.150637403130531,4.166676497459411,0.893771159350872,2.6979143120348454,-0.7867333889007568,0.23768095672130585,5.775360541045665,5.999999999999999,0.0023768095672130583,-0.010141640901565552,-0.008460285142064095,-0.008460285142064095,-0.11874799698591243,0.0215652734041214,0.12141439318656921,-0.00749148428440094,105016.21875,42368.0,62648.21484375,105030.53125,42540.23046875,62490.3046875,-0.00013628846500068903,-0.004065107554197311,0.002520585199818015,-0.013628846500068903,2.3857480119913816,5.963134499192238,2.2138325083069503,5.766494675278664,4.743908907473086,5.016469970420002,4.150637403130531,870.7284736057892,870.7284736057892,greedy,4.150637403130531,0.0,hard_fault_cluster
316,N2061,observe,-0.7627342343330383,5.530602771043777,5.999999999999999,0.30142193973064424,3.594891801178455,-0.7627342343330383,0.23922930657863617,3.3051858037710184,3.7204324722290036,0.002392293065786362,-0.013871461153030396,-0.005202377215027809,-0.005202377215027809,-1.2047231668233873,0.021424200385808945,0.11856989562511444,-0.006700702011585236,105030.5,42539.97265625,62490.53125,104804.0625,42422.71875,62381.34765625,0.002155921421945095,0.002756322966888547,0.0017472022445872426,0.2155921421945095,2.376446967944503,4.781300464868545,2.2009267709217966,4.930105987787247,4.321293392777443,4.676848039999604,5.530602771043777,876.2590763768329,876.2590763768329,greedy,5.530602771043777,0.0,hard_fault_cluster
317,N6938,observe,-0.8514939546585083,5.260447484254837,5.747350025177001,0.3270657175779343,3.419290864765644,-0.8514939546585083,0.2376357465982437,3.312367545068264,3.7967683315277094,0.002376357465982437,-0.013494998216629028,0.0002969074994325638,0.0002969074994325638,-0.8303255334496498,0.020483102649450302,0.12002997100353241,-0.006436780095100403,104803.8828125,42422.7578125,62381.125,104930.2578125,42417.99609375,62512.26171875,-0.0012058236170560122,0.00011224444460822269,-0.002102185972034931,-0.12058236170560122,2.2862429190427065,4.114024519324303,2.1077934284694493,4.190188955664635,4.05921383947134,4.555369014665485,5.260447484254837,881.5195238610878,881.5195238610878,greedy,5.260447484254837,0.0,hard_fault_cluster
318,N2056,observe,-0.7915952801704407,5.4437727190554135,5.999999999999999,0.2406409033387899,3.538452267386019,-0.7915952801704407,0.2416778951883316,3.589756860956549,4.11644721031189,0.002416778951883316,-0.016598433256149292,0.0008826423436403275,0.0008826423436403275,-2.5382855018228296,0.021457113325595856,0.11742492020130157,-0.005657754838466644,104930.421875,42417.98828125,62512.43359375,104742.15625,42332.87890625,62409.2734375,0.0017941949190571904,0.002006445312872529,0.001650234218686819,0.17941949190571904,2.3882718700915575,5.171766209751368,2.2063514669425786,5.357835126072168,4.693243670836091,5.150608386043459,5.4437727190554135,886.9632965801433,886.9632965801433,greedy,5.4437727190554135,0.0,hard_fault_cluster
319,N4348,observe,-0.8694873452186584,5.320186352310703,5.999999999999999,0.15413044661749153,3.458121129001957,-0.8694873452186584,0.2351418286561966,3.4079481565626337,0.8235009908676147,0.002351418286561966,-0.02818775177001953,0.007383713498711586,0.007383713498711586,-1.1251192054944112,0.019571378827095032,0.10949654877185822,-0.004805915057659149,104742.09375,42333.0859375,62409.0078125,104443.9453125,42259.57421875,62184.37109375,0.002846500603482127,0.0017365074018016458,0.0035994278732687235,0.2846500603482127,2.1996634248644114,5.652596436319873,2.01776926824823,5.965013705072924,4.713021733309143,3.327696859900607,5.320186352310703,892.2834829324539,892.2834829324539,greedy,5.320186352310703,0.0,hard_fault_cluster
320,N2303,observe,-0.581198513507843,4.482657057046891,5.773693752288818,-0.3425424993038175,2.9137270870804794,-0.581198513507843,0.2482704073190689,2.4769730210304264,3.8110328435897824,0.0024827040731906893,0.002592146396636963,-0.015993645414710045,-0.015993645414710045,-5.047342332601548,0.025011543184518814,0.1335800439119339,-0.008745364844799042,104444.21875,42259.75,62184.47265625,104702.515625,42136.7109375,62565.8046875,-0.002473060507327318,0.002911495277658105,-0.00613227067515254,-0.24730605073273182,2.7334310803562403,2.763351254463196,2.559223508927971,2.8160875606536866,3.8597693920135496,4.608850104808807,4.482657057046891,896.7661399895009,896.7661399895009,greedy,4.482657057046891,0.0,hard_fault_cluster
321,N2068,observe,-0.652137041091919,5.778812766075134,5.519498014450073,0.8835956239700318,3.7562282979488373,-0.652137041091919,0.2233685702085495,6.146211004257202,5.999999999999999,0.002233685702085495,-0.006516844034194946,-0.013136835768818855,-0.013136835768818855,-0.328057556152344,0.03136137127876282,0.13155630230903625,-0.0032352209091186523,106102.890625,42682.609375,63420.28125,106139.34375,43077.11328125,63062.234375,-0.0003435639082454145,-0.00924273207783699,0.0056456211023032665,-0.03435639082454145,3.3463688623160124,6.3946251606941225,3.1886950614862144,6.3946251606941225,6.042747914791107,6.02778614461422,5.778812766075134,902.544952755576,902.544952755576,greedy,5.778812766075134,0.0,hard_fault_cluster
322,N6944,observe,-0.8800064325332642,4.612956586480141,5.105518245697021,0.41937910169363035,2.998421781212092,-0.8800064325332642,0.22068943083286285,4.481819294393063,5.171683311462402,0.0022068943083286287,-0.00458487868309021,-0.004989674314856529,-0.004989674314856529,-0.5924226865172388,0.026535682380199432,0.1217460185289383,-0.003482624888420105,106139.203125,43077.09375,63062.109375,106310.75,43141.23046875,63169.515625,-0.0016162442043423653,-0.001488882233388722,-0.001703182002529502,-0.16162442043423653,2.8692679945379496,2.895398970246315,2.707493177149445,2.8608478266000748,4.512510575354099,5.033131873980164,4.612956586480141,907.1579093420561,907.1579093420561,greedy,4.612956586480141,0.0,hard_fault_cluster
323,N4372,observe,-0.6577011346817017,3.65132407695055,4.309953641891479,0.42246625825762746,2.3733606500178577,-0.6577011346817017,0.2453310340642929,2.8788365989923475,3.55855176448822,0.002453310340642929,0.021083027124404907,-0.0021617505699396133,-0.0021617505699396133,0.780116836130619,0.019098196178674698,0.08229498565196991,0.0040496475994586945,106311.0078125,43141.5078125,63169.5,105848.5,43031.33984375,62817.1640625,0.004350516479462385,0.002553642028942704,0.005577627569437027,0.4350516479462385,2.152988901361823,2.6612492066621782,1.9706119387410581,2.684556100964546,3.078814919292927,4.101229697540402,3.65132407695055,910.8092334190067,910.8092334190067,greedy,3.65132407695055,0.0,hard_fault_cluster
324,N2064,observe,-0.6552294492721558,1.4771475285291675,3.4550854444503782,-0.5325990825891492,0.960145893543959,-0.6552294492721558,0.2535220980644226,1.2051776841282846,3.2550506591796875,0.002535220980644226,0.012007385492324829,-0.0034539978951215744,-0.0034539978951215744,-4.187344420254231,0.017631269991397858,0.08045221865177155,0.0025289691984653473,105848.234375,43030.9609375,62817.26953125,105533.796875,42839.9609375,62693.8359375,0.002970644738525152,0.004438664298504591,0.0019649628084152937,0.2970644738525152,2.013195099309087,1.2876371902227401,1.825644024182111,1.2832246345281602,2.1093501672148705,3.2470575734972953,1.4771475285291675,912.2863809475358,912.2863809475358,greedy,1.4771475285291675,0.0,hard_fault_cluster
325,N2309,observe,-0.4610849618911743,2.543129110336304,4.218736267089843,-0.3939077854156492,1.6530339217185976,-0.4610849618911743,0.2621123790740967,1.771902346611023,3.4842067718505856,0.002621123790740967,0.03462901711463928,-0.01954449899494648,-0.01954449899494648,-4.36835629940033,0.020563408732414246,0.10179935395717621,-0.0030076801776885986,105534.203125,42840.4375,62693.765625,105568.6328125,42623.8203125,62944.8125,-0.0003262419777456671,0.005056371912360191,-0.00400433549657464,-0.03262419777456671,2.2989087533205748,2.903288860321045,2.116982843261212,3.0068796348571776,2.871989941596985,3.96679346203804,2.543129110336304,914.8295100578721,914.8295100578721,greedy,2.543129110336304,0.0,hard_fault_cluster
326,N6932,observe,-0.6982552409172058,6.557168984413146,5.999999999999999,1.020018289089203,4.262159839868545,-0.6982552409172058,0.259587824344635,6.407168984413147,5.999999999999999,0.00259587824344635,0.011130988597869873,-0.012401500716805458,-0.012401500716805458,1.1021785724163053,0.016212161630392075,0.09456910192966461,-0.003017701208591461,105568.0859375,42623.3984375,62944.6875,105832.59375,42768.96484375,63063.625,-0.002505565993487835,-0.003415175946429372,-0.0018895558314397931,-0.2505565993487835,1.868402486667037,6.600105000138283,1.6830127439461648,6.600105000138283,6.15,6.0975,6.557168984413146,921.3866790422852,921.3866790422852,greedy,6.557168984413146,0.0,hard_fault_cluster
327,N4354,observe,-0.7226861119270325,6.233105036616325,5.999999999999999,0.7931735256314278,4.051518273800611,-0.7226861119270325,0.2625657916069031,4.803372079133987,4.511430382728577,0.002625657916069031,-0.008046239614486694,-0.004454938694834709,-0.004454938694834709,1.2843825149536132,0.013729505240917206,0.0854886919260025,-0.002106122672557831,105832.7421875,42769.1875,63063.5546875,105607.2890625,42798.0078125,62809.28125,0.0021302776876837015,-0.0006738569354638457,0.004032018594443798,0.21302776876837015,1.631061377003789,6.743132171332837,1.4374782373197377,6.743132171332837,5.3504916548728945,5.316319550639019,6.233105036616325,927.6197840789015,927.6197840789015,greedy,6.233105036616325,0.0,hard_fault_cluster
328,N2316,observe,-0.5193585753440857,4.8949517667293545,5.999999999999999,-0.20504823327064492,3.1817186483740807,-0.5193585753440857,0.2720761299133301,2.863668918609619,3.980231976509094,0.002720761299133301,0.0228593647480011,-0.023991061374545097,-0.023991061374545097,-4.913218578100205,0.018295370042324066,0.1049937754869461,-0.006083585321903229,105606.4296875,42796.46875,62809.9609375,105583.203125,42565.84765625,63017.359375,0.00021993511472828686,0.0053887879475951195,-0.0033019990660250187,0.021993511472828686,2.0776220727711916,4.154836697578431,1.8915582713671029,4.3039426279068,4.317715847492218,4.906515300869941,4.8949517667293545,932.5147358456309,932.5147358456309,greedy,4.8949517667293545,0.0,hard_fault_cluster
329,N2062,observe,-0.6528932452201843,5.024344661831856,4.740756225585937,1.0173984715342523,3.2658240301907067,-0.6528932452201843,0.271853506565094,6.105620339512825,5.999999999999999,0.0027185350656509398,-0.00824815034866333,-0.01281668059527874,-0.01281668059527874,0.7332068324089049,0.013830095529556274,0.0938635915517807,-0.005645819008350372,105583.765625,42567.0859375,63016.68359375,105631.703125,42665.39453125,62966.30859375,-0.00045402339310385287,-0.0023094979114830494,0.0007993914769031107,-0.04540233931038529,1.6420463789254427,6.316790484189987,1.4477687594480813,6.316790484189987,5.245618653297424,5.509652124643325,5.024344661831856,937.5390805074627,937.5390805074627,greedy,5.024344661831856,0.0,hard_fault_cluster
330,N2057,observe,-0.6529158353805542,6.349495306611061,5.999999999999999,0.8746467146277428,4.12717194929719,-0.6529158353805542,0.27697592973709106,5.983833895623683,5.7395734786987305,0.0027697592973709106,-0.014953970909118652,-0.010288255289196968,-0.010288255289196968,0.2073314872384069,0.012741625308990479,0.08998098969459534,-0.005157157778739929,105631.859375,42665.48046875,62966.3828125,105567.453125,42681.55859375,62885.8984375,0.0006097237346693873,-0.0003768415190279484,0.0012782118283212185,0.060972373466938734,1.540850205346942,6.509770610928536,1.3408344495110214,6.509770610928536,6.048292399942875,5.985817338004709,6.349495306611061,943.8885758140738,943.8885758140738,greedy,6.349495306611061,0.0,hard_fault_cluster
331,N6941,observe,-0.7398624420166016,5.883317685127258,5.112262344360351,0.5483223795890808,3.824156495332718,-0.7398624420166016,0.27375489473342896,4.433822578191758,4.550406575202942,0.0027375489473342894,-0.017385214567184448,-0.009070346131920815,-0.009070346131920815,-0.22853246331214927,0.011709161102771759,0.09207731485366821,-0.005832992494106293,105567.28125,42681.6015625,62885.6796875,105641.6796875,42667.9296875,62973.75,-0.000704749021679163,0.0003203224332537502,-0.0014004828408360481,-0.0704749021679163,1.435600658878684,5.877303688526154,1.237087247427553,6.146766560077667,5.088499808311463,4.749782323613763,5.883317685127258,949.771893499201,949.771893499201,greedy,5.883317685127258,0.0,hard_fault_cluster
332,N5245,observe,-0.6859111785888672,6.162153974920512,5.999999999999999,0.743507782444358,4.0054000836983334,-0.6859111785888672,0.27987754344940186,5.330861153826117,5.23141131401062,0.0027987754344940188,-0.020076483488082886,-0.010040586814284325,-0.010040586814284325,0.10195114888250822,0.012284521013498306,0.08868636190891266,-0.004945769906044006,105638.640625,42663.6015625,62975.0390625,105456.3828125,42600.046875,62856.3359375,0.0017252949764952064,0.0014896700158715248,0.0018849234329536557,0.17252949764952064,1.4982890579849482,6.484861014038325,1.29591134050861,6.484861014038325,5.625743466988206,5.539528500232846,6.162153974920512,955.9340474741216,955.9340474741216,greedy,6.162153974920512,0.0,hard_fault_cluster
333,N4390,observe,-0.7653104662895203,6.088883170485496,4.852402067184448,0.6922182193398475,3.9577740608155727,-0.7653104662895203,0.2691679000854492,4.706898291409016,1.7242441892623899,0.002691679000854492,-0.03365352749824524,-0.0028288383036851883,-0.0028288383036851883,0.7798972770571706,0.010326787829399109,0.08090963959693909,-0.004503302276134491,105459.453125,42604.5703125,62854.88671875,105260.359375,42585.59375,62674.765625,0.001887870137579739,0.0004454114241525531,0.002865665825083852,0.1887870137579739,1.299017844721675,5.537734007239342,1.099263548385352,5.764609836935997,5.150763230025769,3.265683768317104,6.088883170485496,962.0229306446071,962.0229306446071,greedy,6.088883170485496,0.0,hard_fault_cluster
334,N6947,observe,-0.8019893765449524,3.8637639820575718,3.9280578613281247,-0.33713576197624184,2.5114465883374217,-0.8019893765449524,0.2643216848373413,2.236491665244103,2.0507298827171323,0.002643216848373413,-0.033322811126708984,-0.005434973165392876,-0.005434973165392876,-4.987016786932945,0.0113786980509758,0.08696532249450684,-0.005384854972362518,105260.140625,42585.359375,62674.78125,105190.2734375,42457.6640625,62732.609375,0.00066375732421875,0.0029985730070620775,-0.0009226697729900479,0.066375732421875,1.3967565167695284,2.6255966818332674,1.202591483015567,2.6722606813907626,3.5941394478082653,2.8438452538847923,3.8637639820575718,965.8866946266646,965.8866946266646,greedy,3.8637639820575718,0.0,hard_fault_cluster
335,N4381,observe,-0.8079167008399963,5.744544959068298,4.8017922878265376,0.4511814713478088,3.733954223394394,-0.8079167008399963,0.25776171684265137,3.774689173698425,1.983257871866226,0.0025776171684265136,-0.04340800642967224,-0.0007245223969221115,-0.0007245223969221115,0.06269635200500456,0.01135319098830223,0.08169308304786682,-0.004471346735954285,105190.4921875,42457.8984375,62732.59375,104825.5546875,42357.515625,62468.0390625,0.0034693011548370123,0.0023642906453460455,0.004217180889099836,0.34693011548370123,1.3923562932759523,4.8792427015304565,1.1995783974416554,5.027166743278503,4.604701960086823,3.22570275887847,5.744544959068298,971.6312395857329,971.6312395857329,greedy,5.744544959068298,0.0,hard_fault_cluster
336,N2320,observe,-0.5640299916267395,4.602900713682176,5.904012823104858,-0.3805434286594389,2.9918854638934143,-0.5640299916267395,0.2723658084869385,2.553641474246979,3.9491070985794066,0.002723658084869385,-0.004331678152084351,-0.01881556771695614,-0.01881556771695614,-5.081227079629898,0.01881048083305359,0.1059204488992691,-0.006172411143779755,104825.0703125,42356.8359375,62468.234375,104960.109375,42197.51953125,62762.59375,-0.0012882325099781156,0.00376129150390625,-0.00471214484423399,-0.12882325099781156,2.1345983240753412,4.162697424888611,1.9444356434978545,4.292934765815735,3.826907050609589,4.354498553201556,4.602900713682176,976.2341402994151,976.2341402994151,greedy,4.602900713682176,0.0,hard_fault_cluster
337,N6920,observe,-0.7680237293243408,3.5942392975091932,2.4150038719177243,0.874792020022869,2.3362555433809757,-0.7680237293243408,0.26411616802215576,5.611022426187992,4.402408879995345,0.0026411616802215574,-0.024625957012176514,-0.00800677202641964,-0.00800677202641964,-1.4046295788884164,0.014956742525100708,0.09931474924087524,-0.006218031048774719,104960.171875,42197.89453125,62762.2734375,105333.6796875,42414.1171875,62919.5625,-0.003558567026630044,-0.0051240152679383755,-0.0025061084888875484,-0.3558567026630044,1.751783648505807,5.740758947730065,1.5597016015090048,5.740758947730065,4.260157309472561,3.1367347683757543,3.5942392975091932,979.8283795969243,979.8283795969243,greedy,3.5942392975091932,0.0,hard_fault_cluster
338,N4405,observe,-0.8023166656494141,6.29939386844635,4.59312754869461,0.8395757079124452,4.094606014490127,-0.8023166656494141,0.25850772857666016,5.831372773647308,3.824829864501953,0.0025850772857666016,-0.03696516156196594,-0.0016539450734853745,-0.0016539450734853745,0.10860839128494248,0.013127010315656662,0.09044080972671509,-0.005341246724128723,105333.859375,42414.3515625,62919.51171875,105162.6875,42478.703125,62683.984375,0.0016250413609668612,-0.0015172120183706284,0.0037433116231113672,0.16250413609668612,1.569554815068841,6.498516263961792,1.37691447744146,6.498516263961792,5.966782534122467,4.061887607723475,6.29939386844635,986.1277734653706,986.1277734653706,greedy,6.29939386844635,0.0,hard_fault_cluster
339,N6914,observe,-0.8501574397087097,4.006234502792359,3.890918284654617,-0.47199037075042705,2.6040524268150333,-0.8501574397087097,0.2540853023529053,1.9972839534282687,1.920976346731186,0.002540853023529053,-0.03333708643913269,-0.0032977666705846786,-0.0032977666705846786,-5.165979334115982,0.013671785593032837,0.09428167343139648,-0.005559556186199188,105162.46875,42478.44921875,62684.015625,105185.84375,42425.7109375,62760.1328125,-0.00022227512090466917,0.001241530291736126,-0.0012142998166382313,-0.022227512090466917,1.6179660949856043,3.011934921741486,1.4298754432238638,3.0882437682151798,3.398974984884262,2.3866798897087573,4.006234502792359,990.134007968163,990.134007968163,greedy,4.006234502792359,0.0,hard_fault_cluster
340,N14412,observe,-0.8094574809074402,5.417632064223289,5.12463698387146,0.2223424449563027,3.521460841745138,-0.8094574809074402,0.24570487439632416,3.108616457879543,1.382498240470886,0.0024570487439632416,-0.036866992712020874,0.0030041132122278214,0.0030041132122278214,-1.0356494161486627,0.014934748411178589,0.09007370471954346,-0.0027942657470703125,105185.6015625,42425.6484375,62759.953125,104845.609375,42366.125,62479.484375,0.003232307266443968,0.0014030059101060033,0.004468912724405527,0.3232307266443968,1.7421838287264109,4.471987653374672,1.5556520880199969,4.404044509530068,4.277254225313664,3.1138963748514654,5.417632064223289,995.5516400323863,995.5516400323863,greedy,5.417632064223289,0.0,hard_fault_cluster
341,N4366,observe,-0.8167749047279358,2.5374669641256338,3.256151103973388,-0.45266493856906864,1.649353526681662,-0.8167749047279358,0.23989443480968475,1.4634099781513215,1.3683012604713438,0.0023989443480968474,-0.042881548404693604,0.00395611859858036,0.00395611859858036,-5.283614028096199,0.01567661017179489,0.08581861853599548,-0.0023223981261253357,104846.1875,42366.5,62479.68359375,104296.921875,42169.125,62127.80078125,0.005238775163888931,0.004658751655369997,0.005631955806165934,0.5238775163888931,1.8115115705877542,2.0648090267181396,1.6286236555315554,2.096552863121033,2.778288793563843,2.17627895668149,2.5374669641256338,998.089106996512,998.089106996512,greedy,2.5374669641256338,0.0,hard_fault_cluster
342,N14410,observe,-0.7715880870819092,2.1882713720202447,3.6134410381317137,-0.013764174282550778,1.4223763918131591,-0.7715880870819092,0.2304820567369461,1.2987209841609002,-0.6105658888816834,0.0023048205673694613,-0.03911283612251282,0.007951268926262856,0.007951268926262856,-0.6425733256340027,0.018162786960601807,0.0858549028635025,4.930049180984497e-05,104296.375,42168.80078125,62127.5703125,103803.140625,41976.59765625,61826.5390625,0.004729161038994789,0.004557946231216192,0.0048453728668391705,0.4729161038994789,2.0547120217233896,1.8502247190475463,1.875887027475983,1.8583380794525144,1.3004444390535355,1.1616904382407667,2.1882713720202447,1000.2773783685323,1000.2773783685323,greedy,2.1882713720202447,0.0,hard_fault_cluster
343,N14498,observe,-0.7305140495300293,2.000662516057491,3.2493045330047607,0.1685549081861973,1.3004306354373694,-0.7305140495300293,0.23235078155994415,1.700966949760914,1.7049825072288511,0.0023235078155994415,-0.03947672247886658,0.007664719596505165,0.007664719596505165,-0.3661795860528946,0.021120306104421616,0.09129372239112854,0.00042937323451042175,103803.296875,41976.6796875,61826.6171875,103432.890625,41775.484375,61657.40625,0.003568347543478012,0.004793026018887758,0.0027368622832000256,0.3568347543478012,2.352046111598611,1.572663277387619,2.172034485731274,1.5603797256946563,1.645786041021347,2.4428059309720993,2.000662516057491,1002.2780408845897,1002.2780408845897,greedy,2.000662516057491,0.0,hard_fault_cluster
344,N6928,observe,-0.8096557855606079,1.7915127649903297,2.440878617763519,0.18881567522883416,1.1644832972437145,-0.8096557855606079,0.22233475744724274,1.710444550216198,0.9040860891342162,0.002223347574472427,-0.039261579513549805,0.011487184092402458,0.011487184092402458,-0.3151068896055222,0.019428439438343048,0.08600844442844391,0.00036658719182014465,103433.0234375,41775.4453125,61657.578125,103116.90625,41682.59375,61434.3125,0.0030562500469386578,0.0022226348519325256,0.0036210573744028807,0.3056250046938658,2.17666588537395,1.1643644952774048,2.001299429219216,1.1429911518096922,1.567042952775955,1.6010727223753929,1.7915127649903297,1004.06955364958,1004.06955364958,greedy,1.7915127649903297,0.0,hard_fault_cluster
345,N4369,observe,-0.827282190322876,1.348208163678646,1.277937400341034,0.03942154958844185,0.87633530639112,-0.827282190322876,0.21556855738162994,1.1083186030387877,0.97476816624403,0.0021556855738162992,-0.038761675357818604,0.0129899512976408,0.0129899512976408,-0.49100882261991496,0.019293423742055893,0.08313645422458649,0.0006154552102088928,103117.1484375,41682.8515625,61434.296875,102666.25,41511.7578125,61154.49609375,0.004372681491076946,0.00410465570166707,0.004554471932351589,0.4372681491076946,2.15790088288486,0.9148728913068771,1.986482001375407,0.8988131648302079,0.9586422964930535,0.716431258674711,1.348208163678646,1005.4177618132587,1005.4177618132587,greedy,1.348208163678646,0.0,hard_fault_cluster
346,N6935,observe,-0.8904827833175659,1.218565958738327,0.8761908118787687,0.10842750251293183,0.7920678731799127,-0.8904827833175659,0.21295146644115448,1.073381422460079,0.9307195620262063,0.0021295146644115448,-0.0361858606338501,0.015600087121129036,0.015600087121129036,0.6258765591681004,0.018041186034679413,0.08841054141521454,-0.0009208843111991882,102665.921875,41511.4609375,61154.4609375,102921.578125,41515.47265625,61406.1015625,-0.0024901763536036015,-9.664123354014009e-05,-0.004114836920052767,-0.24901763536036015,2.032670157030225,0.7440167242288589,1.8612564918585122,0.7213046902418137,0.4979688063263893,0.29458538846761445,1.218565958738327,1006.636327771997,1006.636327771997,greedy,1.218565958738327,0.0,hard_fault_cluster
347,N4387,observe,-0.8612427711486816,1.9876405388116836,2.2050774097442627,0.16777799934148788,1.2919663502275944,-0.8612427711486816,0.21228383481502533,1.6622221976518632,1.009073108434677,0.002122838348150253,-0.038836926221847534,0.015580439940094948,0.015580439940094948,-0.27514343738555913,0.019129306077957153,0.08603538572788239,8.879601955413818e-05,102921.734375,41515.68359375,61406.046875,102467.515625,41394.16015625,61073.359375,0.004413244314491749,0.0029271694365888834,0.005417829845100641,0.4413244314491749,2.1407948825508356,1.3613757979869843,1.9698966764844954,1.3396861684322359,1.593070575594902,1.349031106121838,1.9876405388116836,1008.6239683108087,1008.6239683108087,greedy,1.9876405388116836,0.0,hard_fault_cluster
348,N6917,observe,-0.9063060879707336,1.4552483260631561,1.7394268393516539,-0.014020556211471578,0.9459114119410515,-0.9063060879707336,0.21185483038425446,1.1553869009017945,1.1130481333599165,0.0021185483038425445,-0.03580427169799805,0.017282458022236824,0.017282458022236824,-0.1236755394935608,0.018259961158037186,0.090642049908638,-0.0010918229818344116,102467.28125,41393.9140625,61073.37109375,102762.484375,41428.9609375,61333.52734375,-0.00288094999268651,-0.0008466673316434026,-0.0042597330175340176,-0.288094999268651,2.05513340421021,0.8551618033647537,1.8832804379053414,0.8292074078321456,0.8519801557064057,0.8008523933276683,1.4552483260631561,1010.0792166368718,1010.0792166368718,greedy,1.4552483260631561,0.0,hard_fault_cluster
349,N4363,observe,-0.8830240368843079,2.6806678749620914,3.7586506366729733,0.2116144713014364,1.7424341187253594,-0.8830240368843079,0.2112734168767929,1.9698662258684636,1.0419141054153442,0.002112734168767929,-0.03844901919364929,0.018160933628678322,0.018160933628678322,0.0597600638866424,0.019321631640195847,0.08905667066574097,-0.0002671182155609131,102762.703125,41429.1875,61333.51953125,102342.59375,41334.828125,61007.765625,0.004088150337338448,0.0022776061668992043,0.005311188753694296,0.40881503373384476,2.161597514525056,1.7855600792169573,1.9895217516459525,1.766658337712288,1.9307856917381288,2.259537870436907,2.6806678749620914,1012.7598845118339,1012.7598845118339,greedy,2.6806678749620914,0.0,hard_fault_cluster
350,N6926,observe,-0.9257616400718689,1.8995590858161449,2.6817096233367916,0.055526099279522866,1.2347134057804943,-0.9257616400718689,0.21088673174381256,1.3288979165256025,1.1168792009353636,0.0021088673174381256,-0.03547486662864685,0.019275957718491554,0.019275957718491554,0.021012832522392222,0.01892060786485672,0.09444914758205414,-0.0014389380812644958,102342.3671875,41334.59375,61007.7734375,102665.15625,41383.80078125,61281.3515625,-0.003154012141749263,-0.0011904564453288913,-0.0044843158684670925,-0.3154012141749263,2.122223475947976,1.102275546491146,1.949601458851248,1.0786627730727196,1.0423868298530576,1.385505960062146,1.8995590858161449,1014.65944359765,1014.65944359765,greedy,1.8995590858161449,0.0,hard_fault_cluster
351,N1190,observe,-0.6869192719459534,4.929858788847923,5.651964330673217,0.17673147112131102,3.2044082127511504,-0.6869192719459534,0.12672419846057892,-0.9088375356793406,-3.156949198246002,0.0012672419846057892,0.18197667598724365,0.04406985640525818,0.04406985640525818,5.173536697626115,0.006203200668096542,0.08718624711036682,0.008121687918901443,102665.953125,41380.01953125,61285.9375,105614.625,42149.63671875,63464.9921875,-0.028721028938889503,-0.018598763272166252,-0.03555554151535034,-2.8721028938889503,0.7911141216754913,-0.19936871737241746,0.6630185805261135,-0.20575368613004685,0.3284624785184863,-0.2064993889629836,4.929858788847923,1019.5893023864979,1019.5893023864979,greedy,4.929858788847923,0.0,hard_fault_cluster
352,N1171,control1,-0.7430408000946045,3.3428059697151187,3.751893305778503,0.6808548688888549,2.1728238803148274,-0.7430408000946045,0.09721280634403229,1.8494718062877653,-1.240892744064331,0.0009721280634403229,0.16099518537521362,0.06254950165748596,0.06254950165748596,2.159596014022827,0.010189611464738846,0.07167693972587585,0.0038429349660873413,105574.0703125,42075.4140625,63498.65625,104892.96875,42168.609375,62724.359375,0.006451409310102463,-0.002214958891272545,0.012193909846246243,0.6451409310102463,1.1787234544754028,3.794141254425049,1.0589017234742641,3.65345166683197,2.9139704406261444,1.9990807864069942,3.3428059697151187,1022.932108356213,1022.932108356213,greedy,3.3428059697151187,0.0,hard_fault_cluster
353,N14409,observe,-0.8382624387741089,2.1279434964060786,1.8124480485916137,0.1822153468430042,1.3831632726639511,-0.8382624387741089,0.09073717892169952,1.1960825145244598,0.655521011352539,0.0009073717892169953,0.17631956934928894,0.058025509119033813,0.058025509119033813,3.067149179428816,0.01062081754207611,0.07773219048976898,0.008504748344421387,106540.1875,42854.4609375,63685.7265625,107462.015625,43565.2734375,63896.7421875,-0.008652398362755775,-0.0165866632014513,-0.0033133896067738533,-0.8652398362755775,1.2108444422483444,1.3400462214648723,1.0992724262177944,1.503094846457243,1.1769917264580727,0.9066288020275534,2.1279434964060786,1025.0600518526192,1025.0600518526192,greedy,2.1279434964060786,0.0,hard_fault_cluster
354,N14411,observe,-0.855448842048645,3.436266598105431,2.3071908950805664,0.6347699919342995,2.2335732887685302,-0.855448842048645,0.09872390329837799,4.705497844517231,3.6643066585063933,0.00098723903298378,0.1811850368976593,0.05950905382633209,0.05950905382633209,3.516384075433016,0.006845615804195404,0.0795009583234787,0.009922567754983902,107461.953125,43565.2109375,63896.74609375,107974.7734375,43820.7421875,64154.03125,-0.004772110376507044,-0.005865488667041063,-0.00402657687664032,-0.4772110376507044,0.8427945375442505,-0.11857920274138456,0.7241198197007179,-0.23051303014159208,2.732603149116039,1.8021389542578254,3.436266598105431,1028.4963184507246,1028.4963184507246,greedy,3.436266598105431,0.0,hard_fault_cluster
355,N4338,observe,-0.667405366897583,7.604114550352096,4.402347224950789,1.7528801852464675,4.942674457728863,-0.667405366897583,0.12346090376377106,7.59417775273323,4.423259836435317,0.0012346090376377107,0.15161630511283875,0.06687525659799576,0.06687525659799576,5.24927184343338,0.016603823751211166,0.08272796869277954,0.007244415581226349,107975.21875,43821.0703125,64154.14453125,106928.9765625,43490.3984375,63438.578125,0.009689651429653168,0.007545955944806337,0.011153860948979855,0.9689651429653168,1.8507185354828835,7.425528535842895,1.7079664152115583,7.425528535842895,6.8503160119056705,4.69756935812533,7.604114550352096,1036.1004330010767,1036.1004330010767,greedy,7.604114550352096,0.0,hard_fault_cluster
356,N6911,observe,-0.733342170715332,1.4103206861764193,1.510168433189392,0.02763692181557418,0.9167084460146725,-0.733342170715332,0.11955723166465759,0.7580631528049707,0.584871457144618,0.001195572316646576,0.15109404921531677,0.06415123492479324,0.06415123492479324,0.7415146966278553,0.015241406857967377,0.08486221730709076,0.006188094615936279,106928.859375,43490.171875,63438.6875,106801.671875,43343.0703125,63458.6015625,0.001189458998851478,0.0033824092242866755,-0.00031391039374284446,0.11894589988514781,1.7078491523861885,2.2184530854225155,1.5700678024441004,2.1040995717048645,0.5869067490100861,0.5543196452502162,1.4103206861764193,1037.510753687253,1037.510753687253,greedy,1.4103206861764193,0.0,hard_fault_cluster
357,N14413,observe,-0.8019737601280212,1.4458269003313033,1.51874178647995,-0.13191967573948205,0.9397874852153472,-0.8019737601280212,0.11324334144592285,0.4677008152240887,0.3318045228719711,0.0011324334144592286,0.18207305669784546,0.06405562907457352,0.06405562907457352,0.5329488883190788,0.008915476500988007,0.08386649191379547,0.009217966347932816,106801.234375,43342.8671875,63458.36328125,107251.96875,43491.625,63760.33984375,-0.004220310598611832,-0.0034321174025535583,-0.004758656490594149,-0.42203105986118317,1.068846620619297,0.08789498663740233,0.9358723927289248,0.08176280862884597,0.3318407833343372,0.24750224119401543,1.4458269003313033,1038.9565805875843,1038.9565805875843,greedy,1.4458269003313033,0.0,hard_fault_cluster
358,N4335,observe,-0.7336513996124268,1.7454683303833007,1.5957053124904632,0.11511846005916593,1.1345544147491455,-0.7336513996124268,0.12449927628040314,0.8976849064230918,0.5033220157027244,0.0012449927628040314,0.17028984427452087,0.0665222629904747,0.0665222629904747,0.9022848339378833,0.011731080710887909,0.08615434169769287,0.008312027901411057,107252.578125,43492.0234375,63760.55078125,106903.6796875,43253.7265625,63649.953125,0.003253054106608033,0.005479093641042709,0.0017345781670883298,0.3253054106608033,1.3641296103596687,2.364903832674026,1.2208634559065104,2.2222259771823882,0.7064089119434356,0.5756675327196717,1.7454683303833007,1040.7020489179677,1040.7020489179677,greedy,1.7454683303833007,0.0,hard_fault_cluster
359,N4475,observe,-0.8225927352905273,1.3137853667140007,2.9288308262825007,-0.056937779486179396,0.8539604883641004,-0.8225927352905273,0.12096396088600159,0.496826645731926,-1.3278564751148223,0.0012096396088600158,0.18205776810646057,0.06434883177280426,0.06434883177280426,0.5401548762619495,0.007880594581365585,0.0861676037311554,0.008940208703279495,106911.75,43248.66015625,63663.0859375,107519.203125,43510.0625,64009.140625,-0.005681818351149559,-0.006044172216206789,-0.00543571962043643,-0.5681818351149559,0.9733722507953644,0.07137086398899556,0.83438765630126,0.04077061235904694,0.23229156136512757,-0.2690104851126668,1.3137853667140007,1042.0158342846817,1042.0158342846817,greedy,1.3137853667140007,0.0,hard_fault_cluster
360,N1179,observe,-0.8882750868797302,0.95053830742836,2.638531708717346,-0.06767876744270324,0.617849899828434,-0.8882750868797302,0.11689881980419159,0.3220823898911475,-1.442408913373947,0.001168988198041916,0.18244591355323792,0.06303784996271133,0.06303784996271133,0.6453610007464886,0.005309905856847763,0.08603885769844055,0.007781662046909332,107510.7578125,43514.421875,63996.3359375,108309.8515625,43826.7578125,64483.09375,-0.007432686630636454,-0.007177756633609533,-0.007606026250869036,-0.7432686630636454,0.7109272554516792,0.6442554759979248,0.575974753126502,0.5494871306419372,0.038835552334785486,-0.39475689098238914,0.95053830742836,1042.96637259211,1042.96637259211,greedy,0.95053830742836,0.0,hard_fault_cluster
361,N6949,observe,-0.7124820947647095,6.793114833533764,4.4072258949279774,1.1851803834736347,4.415524641796947,-0.7124820947647095,0.13247013092041016,5.7281225845217705,3.0184897772967814,0.0013247013092041015,0.1682153046131134,0.07153122872114182,0.07153122872114182,2.6699941849708555,0.012953318655490875,0.08520539104938507,0.007322303950786591,108303.0390625,43825.8671875,64477.171875,107390.78125,43577.4765625,63813.3046875,0.008423197083175182,0.00566767156124115,0.010296158492565155,0.8423197083175182,1.4993332251906395,7.106847803592682,1.3463322054594755,7.106847803592682,6.303604340553283,4.200279256193025,6.793114833533764,1049.7594874256438,1049.7594874256438,greedy,6.793114833533764,0.0,hard_fault_cluster
362,N2108,observe,-0.8437020182609558,0.8303214624524117,2.6635756731033324,-0.218306140601635,0.5397089505940676,-0.8437020182609558,0.13695164024829865,0.28071722686290745,-1.3337807595729827,0.0013695164024829865,0.18262600898742676,0.03886794298887253,0.03886794298887253,0.274424055069685,0.010871775448322296,0.09259980916976929,-0.0003846287727355957,107401.9453125,43579.2421875,63822.703125,109323.96875,44043.53515625,65280.4296875,-0.017895611003041267,-0.010653994046151638,-0.02284025028347969,-1.7895611003041267,1.2629971280694008,0.5932806932926178,1.1311324406415224,0.5932806932926178,0.16079690754413606,-0.31548201009631127,0.8303214624524117,1050.5898088880963,1050.5898088880963,greedy,0.8303214624524117,0.0,hard_fault_cluster
363,N4343,observe,-0.712936520576477,6.83921142610925,4.402347224950789,1.2174479982764752,4.445487426971012,-0.712936520576477,0.14017416536808014,6.733795634836134,4.402347224950789,0.0014017416536808013,0.17084288597106934,0.05319064110517502,0.05319064110517502,2.680936485528946,0.01540619507431984,0.08675633370876312,0.0037848837673664093,109308.09375,44041.2734375,65266.8203125,108663.640625,44152.74609375,64510.8984375,0.0058957492001354694,-0.0025310951750725508,0.01158202439546585,0.5895749200135469,1.733984313905239,5.449247076511384,1.5889607090502977,5.269634773731232,6.372921043634415,4.378470440804959,6.83921142610925,1057.4290203142054,1057.4290203142054,greedy,6.83921142610925,0.0,hard_fault_cluster
364,N6937,observe,-0.6674191355705261,3.4849348098039625,2.5676265239715574,0.6246773001551628,2.2652076263725758,-0.6674191355705261,0.1364869773387909,2.7648680280148983,1.5730502426624298,0.001364869773387909,0.1707208752632141,0.05866461992263794,0.05866461992263794,1.5007618531584739,0.015856176614761353,0.085927814245224,0.006247546523809433,108663.6171875,44152.6484375,64510.96875,107832.2578125,43916.453125,63915.8046875,0.007650760933756828,0.005349516402930021,0.009225781075656414,0.7650760933756828,1.780769258737564,6.316212646365165,1.6344055607914925,6.316212646365165,3.197313429415226,2.4978619989007713,3.4849348098039625,1060.9139551240094,1060.9139551240094,greedy,3.4849348098039625,0.0,hard_fault_cluster
365,N14406,observe,-0.865487813949585,0.9837941586971283,2.5468776583671566,0.05380990147590642,0.6394662031531334,-0.865487813949585,0.21535636484622955,1.2661677330732344,1.398110294342041,0.0021535636484622954,-0.021828502416610718,-0.005955284461379051,-0.005955284461379051,0.5589991474151611,0.027897153049707413,0.1077130138874054,0.0009719878435134888,107831.9765625,43916.38671875,63915.58984375,106927.40625,43541.359375,63386.046875,0.008388701826334,0.008539576083421707,0.00828503631055355,0.8388701826334,2.9991163853555918,3.5146347668766973,2.842065575066954,3.560688081085682,2.2037369668483735,3.015966652929783,0.9837941586971283,1061.8977492827064,1061.8977492827064,greedy,0.9837941586971283,0.0,hard_fault_cluster
366,N1188,observe,-0.8179408311843872,0.4146147042512895,2.624308085441589,-0.5863308280706405,0.26949955776333817,-0.8179408311843872,0.13318732380867004,-0.30592042803764335,-1.439772045612335,0.0013318732380867004,0.18998250365257263,0.03510994464159012,0.03510994464159012,-0.019139827489852823,0.006898917257785797,0.08960133790969849,0.004065033048391342,106929.515625,43538.08984375,63391.421875,109355.71875,44142.2421875,65213.48046875,-0.022689741104841232,-0.013876409269869328,-0.02874298393726349,-2.2689741104841232,0.8581889942288399,-3.864985804408789,0.7319660428911448,-4.021015267223119,-0.5081547439098358,-0.750300583541393,0.4146147042512895,1062.3123639869577,1062.3123639869577,greedy,0.4146147042512895,0.0,hard_fault_cluster
367,N6946,observe,-0.662721574306488,6.75566635610885,4.469505983591079,1.1589664492761949,4.391183131470752,-0.662721574306488,0.13885867595672607,6.268688486836617,3.9973112821578978,0.0013885867595672607,0.17657223343849182,0.049739062786102295,0.049739062786102295,2.2762536418437955,0.012841377407312393,0.08460673689842224,0.007887285202741623,109351.6953125,44144.875,65206.8203125,108710.21875,44265.27734375,64444.9453125,0.005866178311407566,-0.002727436600252986,0.011683977209031582,0.5866178311407566,1.4727354794740677,6.909101164340973,1.3312871754169464,6.909101164340973,6.204512113332749,4.3511180402338505,6.75566635610885,1069.0680303430665,1069.0680303430665,greedy,6.75566635610885,0.0,hard_fault_cluster
368,N4415,observe,-0.6471869945526123,2.73602686469967,2.022293752431869,0.36826425693085185,1.7784174620547855,-0.6471869945526123,0.13451480865478516,2.147191339186975,1.435888308286667,0.0013451480865478516,0.1735447347164154,0.05400165170431137,0.05400165170431137,5.961824462413787,0.014979545027017593,0.08467598259449005,0.006939154118299484,108710.296875,44265.46484375,64444.8359375,107876.015625,43998.515625,63877.50390625,0.007674353662878275,0.00603064289316535,0.008803374134004116,0.7674353662878275,1.6864709630608559,3.010598911643028,1.5450836177915335,2.9603663820028303,2.2447549402713776,1.6927076365798712,2.73602686469967,1071.8040572077662,1071.8040572077662,greedy,2.73602686469967,0.0,hard_fault_cluster
369,N4422,observe,-0.9125961065292358,1.1294879564642908,2.2440789580345153,0.44360717624425905,0.734167171701789,-0.9125961065292358,0.2091316133737564,4.6706159427762035,5.999999999999999,0.002091316133737564,-0.024153709411621094,-0.009747622534632683,-0.009747622534632683,-4.997630434334278,0.026838071644306183,0.10352891683578491,-0.00016275793313980103,107876.078125,43998.5859375,63877.48828125,106903.703125,43598.453125,63305.24609375,0.009013814851641655,0.009094219654798508,0.008958432823419571,0.9013814851641655,2.883191155269742,5.003465462327004,2.733653162140399,5.003465462327004,3.709250462055206,3.4441952592134477,1.1294879564642908,1072.9335451642305,1072.9335451642305,greedy,1.1294879564642908,0.0,hard_fault_cluster
370,N18498,observe,-0.7647110223770142,1.163603215664625,2.8943057537078856,-0.16519662812352182,0.7563420901820063,-0.7647110223770142,0.1234903335571289,0.2383305102586747,-1.4511483699083327,0.0012349033355712892,0.1749812364578247,0.05151066929101944,0.05151066929101944,0.484882817491889,0.011653237044811249,0.08672827482223511,0.005305584520101547,106903.953125,43598.51171875,63305.4453125,107136.9296875,43564.3828125,63572.546875,-0.0021793071646243334,0.0007827997906133533,-0.004219250753521919,-0.21793071646243334,1.3403247073292732,-1.0635927355289458,1.209073955193162,-1.2141754066944122,-0.033122539520263714,-0.4415296506881711,1.163603215664625,1074.097148379895,1074.097148379895,greedy,1.163603215664625,0.0,hard_fault_cluster
371,N4546,observe,-0.7960069179534912,1.1864267267286779,2.879128587245941,-0.12394370064139365,0.7711773723736407,-0.7960069179534912,0.11704444885253906,0.2646690785884857,-1.481751999258995,0.0011704444885253906,0.19272097945213318,0.05444704741239548,0.05444704741239548,0.4657032320648432,0.007197096943855286,0.08654166758060455,0.005983226001262665,107135.0234375,43561.66015625,63573.36328125,107418.6875,43628.3046875,63790.3828125,-0.002647724933922291,-0.0015298896469175816,-0.003413686528801918,-0.2647724933922291,0.8912011906504631,-0.46702076375484464,0.7625825684517622,-0.5663669842481613,0.017368066310882585,-0.408710756897926,1.1864267267286779,1075.2835751066239,1075.2835751066239,greedy,1.1864267267286779,0.0,hard_fault_cluster
372,N4560,observe,-0.6693629026412964,1.5247755765463806,3.0809772491455076,-0.030696797416021576,0.9911041247551474,-0.6693629026412964,0.1386614739894867,0.6610620244886377,-1.2715321302413938,0.001386614739894867,0.19657593965530396,0.05320324748754501,0.05320324748754501,0.0914031544304453,0.008759118616580963,0.08978334069252014,0.007696337997913361,107419.703125,43630.328125,63789.375,107091.1171875,43461.359375,63629.7578125,0.003058898262679577,0.0038727361243218184,0.0025022535119205713,0.3058898262679577,1.067776583135128,0.8097848707076628,0.9238780420273542,0.8328126543399412,0.607805036008358,-0.024926726594567017,1.5247755765463806,1076.8083506831701,1076.8083506831701,greedy,1.5247755765463806,0.0,hard_fault_cluster
373,N4831,observe,-0.9058922529220581,0.2496834367513659,2.3972548246383667,-0.4755545645952223,0.16229423388838785,-0.9058922529220581,0.21621452271938324,0.7574482917785648,0.5465700745582581,0.002162145227193832,-0.020032405853271484,-0.0010545607656240463,-0.0010545607656240463,0.3331174397468566,0.026103854179382324,0.1077195554971695,-0.0002557486295700073,107087.5234375,43446.75,63640.7734375,106213.390625,43130.859375,63082.53125,0.0081627881154418,0.007270753849297762,0.00877176970243454,0.8162788115441799,2.8255453798919916,2.5264549723267553,2.664175408426672,2.56879825502634,1.6802720069885253,2.236151477098465,0.2496834367513659,1077.0580341199216,1077.0580341199216,greedy,0.2496834367513659,0.0,hard_fault_cluster
374,N6919,observe,-0.915076494216919,3.210840901732445,2.7683137357234955,0.1008063355088234,2.0870465861260894,-0.915076494216919,0.211936816573143,2.021512645483017,1.5426962435245515,0.0021193681657314303,-0.025453031063079834,0.001551913097500801,0.001551913097500801,-0.6620956665277482,0.026105374097824097,0.10352866351604462,0.0005193017423152924,106215.6875,43145.77734375,63069.9140625,105482.375,42902.140625,62580.23046875,0.006903994362801313,0.005646826699376106,0.007764139212667942,0.6903994362801313,2.8240261394530535,2.2486422944068907,2.6639095922000706,2.261872022151947,2.6473913550376893,1.9056927637010814,3.210840901732445,1080.268875021654,1080.268875021654,greedy,3.210840901732445,0.0,hard_fault_cluster
375,N4418,observe,-0.919120728969574,1.6755393028259276,1.6688969790935517,-0.10527111291885377,1.0891005468368529,-0.919120728969574,0.20786325633525848,0.972587561607361,1.1246041476726532,0.002078632563352585,-0.029579967260360718,0.00538179837167263,0.00538179837167263,-0.5383680176734924,0.025495566427707672,0.10044912993907928,0.0005505196750164032,105482.34375,42902.17578125,62580.171875,104716.6796875,42597.421875,62119.2578125,0.007258694153279066,0.0071034603752195835,0.007365177385509014,0.7258694153279066,2.7628016974776983,1.3583507931232452,2.6028679064475,1.3695390379428862,0.9356711506843567,0.7294793277978897,1.6755393028259276,1081.9444143244798,1081.9444143244798,greedy,1.6755393028259276,0.0,hard_fault_cluster
376,N3751,observe,-0.39785051345825195,3.6968034908175467,4.379141640663146,0.3954920490086077,2.4029222690314054,-0.39785051345825195,0.15314924716949463,0.16355315133929238,-2.270670109987259,0.0015314924716949463,0.21274816989898682,0.04318266361951828,0.04318266361951828,5.123877968788147,0.014064013957977295,0.09536188840866089,0.008113093674182892,104716.7578125,42597.30859375,62119.44921875,105217.84375,42487.140625,62730.703125,-0.004785155411809683,0.0025862660259008408,-0.009839976206421852,-0.4785155411809683,1.6027333065867424,0.14735441401600824,1.4554843734949827,0.14735441401600824,0.30329094380140303,-0.22286088652908773,3.6968034908175467,1085.6412178152973,1085.6412178152973,greedy,3.6968034908175467,0.0,hard_fault_cluster
377,N13016,control0,-0.9785709381103516,0.11963286129641346,0.23911429718136787,0.06775662181782535,0.07776135984266874,-0.9785709381103516,0.06518463790416718,0.022552292503532953,-0.040249412262346594,0.0006518463790416717,0.18264779448509216,0.054834768176078796,0.054834768176078796,0.5888209660927533,0.006874650716781616,0.08108881115913391,-0.004704982042312622,105218.0625,42487.47265625,62730.59375,105027.3359375,42446.9375,62580.3984375,0.0018126788781955838,0.0009540495811961591,0.002394291339442134,0.18126788781955838,0.8074844777584076,-0.08407079207303468,0.7174699231982231,-0.08710854279401246,-0.028745247999904674,-0.047380519657453976,0.11963286129641346,1085.7608506765937,1085.7608506765937,greedy,0.11963286129641346,0.0,hard_fault_cluster
378,N4427,observe,-0.9444470405578613,0.1696978888940069,2.2749190390110012,-0.4069895156193522,0.11030362778110447,-0.9444470405578613,0.19560937583446503,0.8146874341415242,2.8673353433609003,0.0019560937583446504,-0.025144904851913452,0.0017868075519800186,0.0017868075519800186,0.041854058089666024,0.02229836955666542,0.09947490692138672,-0.0033394619822502136,105026.8984375,42446.671875,62580.2265625,104054.15625,42181.34375,61872.8125,0.009261839091777802,0.006250858306884766,0.011304114945232868,0.9261839091777802,2.427233139052987,5.744171319408343,2.2791860015131533,5.744171319408343,1.7836107204435392,2.4731707557837943,0.1696978888940069,1085.9305485654877,1085.9305485654877,greedy,0.1696978888940069,0.0,hard_fault_cluster
379,N4345,observe,-0.8937460780143738,2.0739192813634872,2.16845840215683,-0.12481439411640163,1.3480475328862667,-0.8937460780143738,0.20232386887073517,1.1556858092546465,1.3351489782333372,0.0020232386887073517,-0.03106755018234253,0.007434653118252754,0.007434653118252754,-0.8351785838603973,0.022379830479621887,0.09792524576187134,-0.002391517162322998,104054.1875,42181.3671875,61872.8203125,103500.265625,42004.0859375,61496.18359375,0.005323398392647505,0.004202833399176598,0.0060872724279761314,0.5323398392647505,2.4477415699511766,1.5256977140903472,2.2904226784594357,1.531446224451065,1.2403896421194074,1.060569507703185,2.0739192813634872,1088.0044678468512,1088.0044678468512,greedy,2.0739192813634872,0.0,hard_fault_cluster
380,N3742,observe,-0.3536735773086548,3.821655084844678,4.3332978010177605,0.5218554285261778,2.484075805149041,-0.3536735773086548,0.15919722616672516,0.8954378997534512,-1.766246351227164,0.0015919722616672515,0.21656033396720886,0.03757715970277786,0.03757715970277786,5.251875372910872,0.012449443340301514,0.09863349795341492,0.003222234547138214,103500.2421875,42003.91796875,61496.32421875,104468.265625,42145.84765625,62322.421875,-0.009352861903607845,-0.0033789630979299545,-0.013433285057544708,-0.9352861903607845,1.4417187198996544,0.5719955929368733,1.2941379304975271,0.5341866084188222,0.6833544123917819,0.2270637040026489,3.821655084844678,1091.8261229316959,1091.8261229316959,greedy,3.821655084844678,0.0,hard_fault_cluster
381,N13014,control0,-0.9436342716217041,0.08386767963925648,1.5301299248822033,0.08258666872093726,0.05451399176551672,-0.9436342716217041,0.0684967041015625,0.08274313916756909,1.800018445279238,0.000684967041015625,0.18572986125946045,0.04973841458559036,0.04973841458559036,0.5734568461193931,0.005183208733797073,0.08290894329547882,-0.008646048605442047,104468.640625,42146.234375,62322.40234375,104260.609375,42103.2890625,62157.32421875,0.001991327153518796,0.0010189596796408296,0.0026487766299396753,0.1991327153518796,0.6365559920668602,0.07096598694702151,0.5478796530514956,0.0709655909457524,0.00036376812431626604,1.4137002525125215,0.08386767963925648,1091.9099906113352,1091.9099906113352,greedy,0.08386767963925648,0.0,hard_fault_cluster
382,N3744,observe,-0.6569668650627136,1.5231658801436423,2.9994753837585444,0.046662039905786525,0.9900578220933676,-0.6569668650627136,0.11781024932861328,0.7412952944636345,-1.2421947598457335,0.0011781024932861327,0.18682178854942322,0.04736246168613434,0.04736246168613434,1.0872100681066514,0.008050739765167236,0.08776786923408508,-0.0010706260800361633,104260.21875,42102.9453125,62157.2734375,104208.75,42110.0078125,62098.7421875,0.0004936566692776978,-0.00016774360847193748,0.0009416637476533651,0.04936566692776978,0.9702466875314713,1.5341546332836151,0.8463671542704105,1.2420975840091706,0.4674768120050431,-0.11614007219672168,1.5231658801436423,1093.4331564914787,1093.4331564914787,greedy,1.5231658801436423,0.0,hard_fault_cluster
383,N4563,observe,-0.5993272662162781,1.3897501021623613,3.1395402550697327,-0.2368344932794571,0.9033375664055349,-0.5993272662162781,0.1364065259695053,0.4061090014874936,-1.2990640938282012,0.001364065259695053,0.20244652032852173,0.04485110193490982,0.04485110193490982,0.5693214950710536,0.007090672850608826,0.09229964017868042,0.001824747771024704,104208.09375,42109.2265625,62098.8671875,104553.984375,42245.34375,62308.640625,-0.003319229930639267,-0.0032324788626283407,-0.0033780557569116354,-0.3319229930639267,0.8903249129652977,0.5903264537453652,0.7543816920369864,0.5274876341223717,0.42723408117890366,-0.1422978472337123,1.3897501021623613,1094.8229065936412,1094.8229065936412,greedy,1.3897501021623613,0.0,hard_fault_cluster
384,N19325,control0,-1.0364922285079956,0.05939750776509754,0.2109052749350667,0.02923688881914131,0.0386083800473134,-1.0364922285079956,0.05979672074317932,-0.030823078455287034,-0.07239798828959465,0.0005979672074317932,0.1842285692691803,0.04968053847551346,0.04968053847551346,0.5812505306414095,0.002937495708465576,0.08390398323535919,-0.010271109640598297,104554.875,42246.4140625,62308.4609375,103901.2265625,41972.9296875,61928.296875,0.006251726299524307,0.00647355243563652,0.006101323291659355,0.6251726299524307,0.4032268300652504,-0.19879216937406455,0.3211188856512308,-0.2094889679370681,-0.05770744501496665,0.10349938865780133,0.05939750776509754,1094.8823041014064,1094.8823041014064,greedy,0.05939750776509754,0.0,hard_fault_cluster
385,N4562,observe,-0.7214836478233337,1.3800225503742694,2.7318304896354673,0.17395986907184124,0.8970146577432752,-0.7214836478233337,0.10163938999176025,1.1560471899807454,-1.0026655793190002,0.0010163938999176024,0.20385244488716125,0.041958026587963104,0.041958026587963104,2.775703659057617,0.010559163987636566,0.09234888851642609,0.00030316412448883057,105699.234375,42595.328125,63103.90625,105698.5390625,42874.4375,62824.1015625,6.5782169258454815e-06,-0.006552581675350666,0.004434030968695879,0.0006578216925845481,1.19951381534338,4.081198132038117,1.0918157529085875,3.890122497081757,0.9153478324413299,0.17497609108686474,1.3800225503742694,1096.2623266517805,1096.2623266517805,greedy,1.3800225503742694,0.0,hard_fault_cluster
386,N13043,control0,-1.0339610576629639,0.2276294338898151,0.2966756075620651,0.09300641300244022,0.14795913202837982,-1.0339610576629639,0.046551093459129333,0.11591650030313758,0.2037691850331612,0.00046551093459129333,0.19056585431098938,0.0479925200343132,0.046551093459129333,0.7118193525687092,0.006269361823797226,0.08521533012390137,-0.009482726454734802,105699.953125,42876.1484375,62823.8046875,104936.9921875,42559.1484375,62377.84375,0.007218176499009132,0.007393388077616692,0.007098597940057516,0.7218176499009132,0.7214797958731651,0.11146818673849337,0.6505720857530832,0.1114476494459086,0.11077698951412458,0.2913877473452885,0.2276294338898151,1096.4899560856704,1096.4899560856704,greedy,0.2276294338898151,0.0,hard_fault_cluster
387,N4423,observe,-0.6802903413772583,1.6150143664795906,0.7098374545574189,0.8900283497292548,1.0497593382117338,-0.6802903413772583,0.11356864869594574,2.5145433775661514,1.310063573718071,0.0011356864869594575,0.1537398397922516,0.0488068088889122,0.0488068088889122,5.163511586454697,0.016869310289621353,0.08976253867149353,-0.005913294851779938,104936.625,42558.9140625,62377.70703125,103915.09375,42222.65234375,61692.4375,0.0097347442060709,0.007901087403297424,0.010985808447003365,0.97347442060709,1.8493064865469933,4.733382562529296,1.7275248933583498,4.322504404913634,1.6025697085540742,1.1309880684944802,1.6150143664795906,1098.10497045215,1098.10497045215,greedy,1.6150143664795906,0.0,hard_fault_cluster
388,N6916,observe,-0.8852567672729492,0.3575935021042824,0.7194089651107788,-0.2670702293515206,0.2324357763677836,-0.8852567672729492,0.1903807371854782,0.9508043713867663,1.2874137997627257,0.0019038073718547822,-0.031817466020584106,0.015261882916092873,0.015261882916092873,0.14972895726561541,0.02460591495037079,0.09761802852153778,-0.0008865892887115479,103915.265625,42222.75,61692.515625,103440.6796875,42053.0234375,61387.65625,0.004567047115415335,0.004019789397716522,0.004941594321280718,0.45670471154153347,2.66623411513865,4.882102586925029,2.5120021500624716,4.77175865381956,1.677949709445238,1.2688452470675111,0.3575935021042824,1098.4625639542542,1098.4625639542542,greedy,0.3575935021042824,0.0,hard_fault_cluster
389,N2836,observe,-0.8338522911071777,1.6257954949047417,-0.2877071619033813,0.3053826399380341,1.0567670716880821,-0.8338522911071777,0.1816166490316391,1.7504919671919197,2.2383916735649105,0.001816166490316391,0.02414277195930481,0.018737634643912315,0.018737634643912315,0.3931655070930719,0.025683149695396423,0.10059769451618195,0.00032150745391845703,103440.609375,42053.00390625,61387.609375,102941.5,41849.40234375,61092.09375,0.004825081676244736,0.0048415460623800755,0.004813929554075003,0.48250816762447357,2.7686692532151937,1.3381788567826154,2.61840354045853,1.3504541472718121,1.5004119634628295,0.6333186802268027,1.6257954949047417,1100.0883594491588,1100.0883594491588,greedy,1.6257954949047417,0.0,hard_fault_cluster
390,N14470,observe,-0.3536774516105652,2.3331345185637473,3.1937550067901608,0.08047616496682167,1.5165374370664357,-0.3536774516105652,0.15840528905391693,0.875976213812828,2.2905132710933684,0.0015840528905391694,0.2128838300704956,0.03757642209529877,0.03757642209529877,1.2493056763708592,0.012232445180416107,0.10300031304359436,0.0008522979915142059,102941.484375,41849.46484375,61092.015625,104061.0,42023.890625,62037.11328125,-0.010875262320041656,-0.0041679334826767445,-0.015470067970454693,-1.0875262320041656,1.4192262291908264,-0.2896453085541726,1.2722399458289146,-0.32453041702508933,0.7260617643594742,1.3198865236341952,2.3331345185637473,1102.4214939677227,1102.4214939677227,greedy,2.3331345185637473,0.0,hard_fault_cluster
391,N13041,control0,-0.9091087579727173,0.17348296076757833,0.2768933743238449,0.10127738744718953,0.11276392449892592,-0.9091087579727173,0.07372027635574341,0.12029421224098767,0.2161026225541718,0.000737202763557434,0.18506506085395813,0.05121466517448425,0.05121466517448425,0.6218591582398222,0.004744336009025574,0.08624906837940216,-0.008766882121562958,104061.359375,42024.05859375,62037.30078125,103863.6875,42012.5859375,61851.1015625,0.0018995703430846334,0.0002730021078605205,0.0030014074873179197,0.18995703430846334,0.599368542432785,0.1003128925290366,0.5056673362851143,0.10028784629641449,0.10628502253821352,0.29608110226377904,0.17348296076757833,1102.5949769284903,1102.5949769284903,greedy,0.17348296076757833,0.0,hard_fault_cluster
392,N6922,observe,-0.6161237359046936,1.5597062126453964,0.8316130459308624,0.8389050380047409,1.0138090382195077,-0.6161237359046936,0.11464804410934448,1.7677131585264578,0.3971214830875397,0.0011464804410934448,0.18045207858085632,0.052117250859737396,0.052117250859737396,1.197500178301707,0.010661900043487549,0.08789943158626556,-0.004035763442516327,103863.421875,42012.37109375,61851.046875,102934.3125,41749.921875,61184.38671875,0.008945492096245289,0.006246950943022966,0.010778478346765041,0.8945492096245289,1.2329552993178368,5.920924686882645,1.1078813280910254,5.920924686882645,1.4726774054113776,0.9223926341556945,1.5597062126453964,1104.1546831411356,1104.1546831411356,greedy,1.5597062126453964,0.0,hard_fault_cluster
393,N4411,observe,-0.8647072315216064,0.4808114739134908,0.6957908034324646,-0.11837001424282784,0.312527458043769,-0.8647072315216064,0.19485507905483246,1.0810326519422233,1.1970462590456008,0.0019485507905483246,-0.0310116708278656,0.012393863871693611,0.012393863871693611,0.25519879834726455,0.02193305641412735,0.09806950390338898,-0.002818845212459564,102934.109375,41749.8125,61184.296875,102534.375,41629.05859375,60905.31640625,0.0038834004662930965,0.002892322139814496,0.004559674300253391,0.38834004662930965,2.400554584339261,5.069343077428639,2.2451178771443665,4.937992512471975,1.6738479961641133,1.2325014241086318,0.4808114739134908,1104.635494615049,1104.635494615049,greedy,0.4808114739134908,0.0,hard_fault_cluster
394,N14346,observe,-0.365576833486557,1.673085204540985,2.2898292183876037,-0.8463038406975102,1.0875053829516403,-0.365576833486557,-0.008113637566566467,-2.7256526457585277,-2.0814601451158525,-8.113637566566468e-05,0.3712259829044342,0.0008318070322275162,-0.008113637566566467,-1.9240368159598438,0.02625475823879242,0.11867326498031616,-0.0006616264581680298,102534.5859375,41629.3203125,60905.265625,102092.8671875,41459.56640625,60633.30078125,0.004307997412979603,0.004077748861163855,0.00446537509560585,0.4307997412979603,2.618193993344903,1.2347210289828945,2.623655366245657,1.39715399759938,0.40355369162280114,0.44431158892926764,1.673085204540985,1106.30857981959,1106.30857981959,greedy,1.673085204540985,0.0,hard_fault_cluster
395,N4339,observe,-0.3584214746952057,1.4459732907242142,3.68593168258667,-0.8440866095595992,0.9398826389707393,-0.3584214746952057,-0.0068130046129226685,-2.6733686342748113,-0.22107529640197754,-6.813004612922669e-05,0.37629780173301697,-0.0004103686660528183,-0.0068130046129226685,-1.8811929597950074,0.0254993699491024,0.11821597814559937,-0.0012723356485366821,102092.65625,41459.328125,60633.33203125,101656.59375,41276.83203125,60379.7578125,0.004271242767572403,0.004401810001581907,0.004182092845439911,0.4271242767572403,2.5427136216312647,1.0387062530941331,2.5481311515904963,1.1946990232891403,0.29527965276502094,1.7096611773758197,1.4459732907242142,1107.7545531103142,1107.7545531103142,greedy,1.4459732907242142,0.0,hard_fault_cluster
396,N14342,observe,-0.35199055075645447,1.3403824866283687,2.184859776496887,-0.9274262129794806,0.8712486163084396,-0.35199055075645447,-0.006199449300765991,-2.8460811474430376,-1.7654035329818725,-6.199449300765991e-05,0.38040590286254883,-0.001554800197482109,-0.006199449300765991,-1.9982698589144274,0.02475818246603012,0.11769308149814606,-0.0018425136804580688,101656.78125,41277.0625,60379.71875,101286.40625,41118.62109375,60167.78125,0.003643386997282505,0.003838485572487116,0.003510077716782689,0.3643386997282505,2.468063997104764,0.8721625471580774,2.47387968422845,1.0134260738361627,0.20498518962413087,0.47679306541569544,1.3403824866283687,1109.0949355969426,1109.0949355969426,greedy,1.3403824866283687,0.0,hard_fault_cluster
397,N2912,observe,-0.3479432761669159,0.6092526996639207,0.863784772157669,0.024257989739853658,0.39601425478154845,-0.3479432761669159,-0.006042063236236572,0.12189431006867378,0.4128557114629075,-6.0420632362365726e-05,0.38369977474212646,-0.0026531871408224106,-0.006042063236236572,0.7424613125640462,0.024046752601861954,0.117123082280159,-0.00237371027469635,101286.390625,41118.5703125,60167.82421875,100978.875,40986.73046875,59992.14453125,0.003036100184544921,0.003206333378329873,0.0029198278207331896,0.3036100184544921,2.3959800098091364,0.8474678841882268,2.4025014475919306,0.8470230130010168,0.40680050184600985,0.6845425502923899,0.6092526996639207,1109.7041882966066,1109.7041882966066,greedy,0.6092526996639207,0.0,hard_fault_cluster
398,N4523,observe,-0.3615928590297699,0.8234585449099541,-1.3545793831348418,0.19781345710158346,0.5352480541914701,-0.3615928590297699,-0.006654903292655945,0.8204017385840415,-1.3278564751148223,-6.654903292655944e-05,0.3855041563510895,0.0018182191997766495,-0.006654903292655945,0.7929969435930252,0.024645771831274033,0.11749909818172455,-0.0029622018337249756,100978.578125,40986.109375,59992.46875,100957.875,40987.3984375,59970.4765625,0.0002050249167950824,-3.145120354020037e-05,0.00036658247699961066,0.02050249167950824,2.459740499034524,0.9824877679347992,2.4633680121041834,0.9916954159736633,0.6105411678552628,-1.178148240894079,0.8234585449099541,1110.5276468415166,1110.5276468415166,greedy,0.8234585449099541,0.0,hard_fault_cluster
399,N14350,observe,-0.3622708022594452,0.7631968264351598,0.816594398021698,0.1307618299324531,0.4960779371828539,-0.3622708022594452,-0.007295712828636169,0.745910298184026,0.7338461518287658,-7.295712828636169e-05,0.3863033652305603,-0.0017255451530218124,-0.007295712828636169,0.8352833134192041,0.023827124387025833,0.11756165325641632,-0.002858594059944153,100958.1875,40988.078125,59970.109375,100785.078125,40919.03515625,59866.0390625,0.0017146640457212925,0.0016844646306708455,0.0017353696748614311,0.17146640457212925,2.3736911807209253,0.8469016565848142,2.380457124207169,0.8469376518297941,0.6949885462643578,1.0178897647757548,0.7631968264351598,1111.2908436679518,1111.2908436679518,greedy,0.7631968264351598,0.0,hard_fault_cluster
400,N2551,observe,-0.35733941197395325,1.644245774128067,0.8624266386032104,0.9688191717644805,1.0687597531832436,-0.35733941197395325,-0.007086858153343201,5.2691119621595135,4.590361261367797,-7.0868581533432e-05,0.3878934681415558,-0.003096027299761772,-0.007086858153343201,6.196968969851732,0.023195747286081314,0.11666935682296753,-0.0031575486063957214,100785.0625,40918.8984375,59866.16796875,100568.4453125,40822.4375,59746.0078125,0.0021492985542863607,0.0023573688231408596,0.002007146365940571,0.21492985542863607,2.3093918431550264,1.4123434023559094,2.317029007244855,1.4117729263007641,2.555909223854542,2.052352220788598,1.644245774128067,1112.9350894420797,1112.9350894420797,greedy,1.644245774128067,0.0,hard_fault_cluster
401,N14351,observe,-0.34896692633628845,0.7612121758924332,1.1592180728912354,0.13038559006119613,0.49478791433008157,-0.34896692633628845,-0.0065977126359939575,0.7441120386472904,1.0190280377864838,-6.597712635993957e-05,0.38942384719848633,-0.004137029871344566,-0.0065977126359939575,0.8334046888520241,0.022679854184389114,0.11604127287864685,-0.0034360364079475403,100568.4453125,40822.5625,59745.8828125,100384.8828125,40738.1328125,59646.75,0.0018252494046464562,0.0020682113245129585,0.0016592409228906035,0.18252494046464562,2.257250675931573,0.8457774148951284,2.265301732812077,0.8452766464720479,0.6933118459011894,1.3326908605473,0.7612121758924332,1113.6963016179723,1113.6963016179723,greedy,0.7612121758924332,0.0,hard_fault_cluster
402,N2589,observe,-0.3415861427783966,0.759856843394664,1.150407713651657,0.13012469640358176,0.4939069482065316,-0.3415861427783966,-0.006211414933204651,0.7428638341432815,1.6002690970897673,-6.21141493320465e-05,0.39072665572166443,-0.005006594583392143,-0.006211414933204651,0.832066459411908,0.022242877632379532,0.11553443968296051,-0.003688216209411621,100384.921875,40738.03515625,59646.8828125,100239.3203125,40669.703125,59569.6171875,0.001450432580895722,0.001677352120168507,0.0012953841360285878,0.1450432580895722,2.2130697537213564,0.8446304766296817,2.221483260858804,0.8441237537025882,0.6920369277297141,1.2816734357609494,0.759856843394664,1114.4561584613668,1114.4561584613668,greedy,0.759856843394664,0.0,hard_fault_cluster
403,N14355,observe,-0.3343069851398468,0.75988414489766,2.272817689180374,0.130023865625044,0.493924694183479,-0.3343069851398468,-0.005881458520889282,0.7427049940619327,2.2724566996097564,-5.881458520889282e-05,0.39185455441474915,-0.005749834701418877,-0.005881458520889282,0.8320569625185453,0.021879371255636215,0.1151237040758133,-0.0039045438170433044,100239.375,40669.8203125,59569.55078125,100122.578125,40614.2890625,59508.29296875,0.0011651796521618962,0.0013654166832566261,0.001028341008350253,0.11651796521618962,2.1763058323413134,0.8445841414609458,2.1850293022580445,0.844143990961602,0.6922298746503657,2.3737159592586976,0.75988414489766,1115.2160426062644,1115.2160426062644,greedy,0.75988414489766,0.0,hard_fault_cluster
404,N4358,observe,-0.3279312551021576,0.7595085579394436,1.2938118040561675,0.1299496272968645,0.49368056266063837,-0.3279312551021576,-0.005622953176498413,0.7425004513100247,1.2096307933330535,-5.622953176498413e-05,0.3928169012069702,-0.006390450522303581,-0.006390450522303581,0.8315851835956254,0.02156757190823555,0.11478124558925629,-0.004094354808330536,100122.2734375,40614.046875,59508.2265625,100030.53125,40570.0859375,59460.4453125,0.0009163015056401491,0.0010824071941897273,0.0008029352175071836,0.09163015056401491,2.144743787124753,0.8437544192465793,2.1537538398988545,0.8437600518855106,0.6918526951453714,1.1458211182579952,0.7595085579394436,1115.9755511642038,1115.9755511642038,greedy,0.7595085579394436,0.0,hard_fault_cluster
405,N2741,observe,-0.32177093625068665,0.7593752077998942,0.674798834323883,0.12997877749279724,0.49359388506993124,-0.32177093625068665,-0.005388975143432617,0.7424231942131881,0.6363727390766143,-5.388975143432617e-05,0.3936443030834198,-0.006943142041563988,-0.006943142041563988,0.8315387217602983,0.021304797381162643,0.11449581384658813,-0.004254639148712158,100030.6484375,40570.15625,59460.4921875,99957.546875,40535.1171875,59422.42578125,0.0007307916530407965,0.0008636659476906061,0.0006401966093108058,0.07307916530407965,2.1181476209312677,0.843626768758404,2.127396708820015,0.8436357809806941,0.6917601261797245,0.6509558063517762,0.7593752077998942,1116.7349263720037,1116.7349263720037,greedy,0.7593752077998942,0.0,hard_fault_cluster
406,N14487,observe,-0.12982411682605743,1.237211725115776,2.548901069164276,0.2294822987914085,0.8041876213252543,-0.12982411682605743,0.004084423184394836,0.919111293554306,2.3710208296775814,4.084423184394837e-05,0.37722983956336975,0.009236948564648628,0.004084423184394836,0.7413390919566154,0.027656428515911102,0.12753337621688843,0.00225873664021492,99957.6484375,40535.15625,59422.4921875,101421.5859375,40819.5546875,60602.03125,-0.014645577408373356,-0.007016093470156193,-0.019850043579936028,-1.4645577408373356,2.7789642233401537,1.6303394150733947,2.768973194528371,1.651600534915924,0.3068862110376357,1.7744760371744632,1.237211725115776,1117.9721380971193,1117.9721380971193,greedy,1.237211725115776,0.0,hard_fault_cluster
407,N18459,observe,-0.8518246412277222,3.317970210313797,0.2924095392227173,0.5440310388803482,2.156680636703968,-0.8518246412277222,0.2076248675584793,5.050289583206176,5.999999999999999,0.002076248675584793,-0.02143120765686035,0.008458049967885017,0.008458049967885017,-2.0111287176609043,0.020369891077280045,0.1118430346250534,-0.0072050541639328,101421.203125,40819.21875,60601.984375,102673.78125,41409.08203125,61264.703125,-0.012350259348750114,-0.014450626447796822,-0.010935595259070396,-1.2350259348750114,2.253072025254369,5.464566416740418,2.0910098371095955,5.464566416740418,3.744036066532135,1.8036234432458875,3.317970210313797,1121.2901083074332,1121.2901083074332,greedy,3.317970210313797,0.0,hard_fault_cluster
408,N2855,observe,-0.8341983556747437,6.315122351050377,4.798756277561187,0.8505856457352639,4.104829528182745,-0.8341983556747437,0.20876775681972504,5.485529242455959,4.0475959300994875,0.0020876775681972506,-0.031001269817352295,0.011302212253212929,0.011302212253212929,0.49666937857866267,0.020627588033676147,0.1017756462097168,-0.004640519618988037,102674.015625,41409.328125,61264.6875,102124.7734375,41320.5703125,60804.203125,0.005349378567188978,0.0021434256341308355,0.0075163100846111774,0.5349378567188978,2.2828287724405527,6.105690552592278,2.1177762956358492,6.090783478617668,5.624434979259968,4.070921347513795,6.315122351050377,1127.6052306584836,1127.6052306584836,greedy,6.315122351050377,0.0,hard_fault_cluster
409,N2779,observe,-0.832339346408844,3.360893382459108,3.5943982839584345,0.2773339355791177,2.18458069859842,-0.832339346408844,0.207953080534935,2.2755527218121645,3.178134262561798,0.00207953080534935,-0.03263106942176819,0.013031953945755959,0.013031953945755959,-0.06575227111945436,0.020399659872055054,0.09794947504997253,-0.00350971519947052,102124.796875,41320.59375,60804.203125,101743.765625,41235.01953125,60508.7421875,0.003731035627424717,0.0020709822420030832,0.004859218839555979,0.3731035627424717,2.2609510216861963,1.9584177926473059,2.095212245825678,1.9314573005132116,2.5720581807921916,2.7118569654325526,3.360893382459108,1130.9661240409428,1130.9661240409428,greedy,3.360893382459108,0.0,hard_fault_cluster
410,N2798,observe,-0.3948284685611725,1.6058907863873175,1.100934886932373,-1.916673004887707,1.0438290111517565,-0.3948284685611725,0.024040162563323975,-4.345421034371174,-1.1403006076812745,0.00024040162563323975,0.3334832489490509,-0.019232606515288353,-0.019232606515288353,-5.935323601003474,0.024695903062820435,0.11503487825393677,-0.0016528889536857605,101743.765625,41235.03125,60508.73828125,101416.75,41127.5390625,60289.2109375,0.0032141096889972687,0.002606817055493593,0.0036280271597206593,0.32141096889972687,2.474397862330079,1.0757669517773323,2.4707921952940524,1.2521967599171333,0.501221250445815,-0.018506648696202388,1.6058907863873175,1132.5720148273301,1132.5720148273301,greedy,1.6058907863873175,0.0,hard_fault_cluster
411,N18512,observe,-0.8981664180755615,1.2581125311553478,-0.8099081635475157,0.03910071082413197,0.8177731452509761,-0.8981664180755615,0.2056650072336197,0.9913908384740353,2.6725321531295774,0.002056650072336197,-0.025463998317718506,0.016208508983254433,0.016208508983254433,-0.11252404093742369,0.020118486136198044,0.10152371227741241,-0.004101119935512543,101416.4296875,41127.26171875,60289.16796875,101960.8125,41246.28125,60714.53125,-0.005367796868085861,-0.0028939328622072935,-0.007055385038256645,-0.5367796868085861,2.2337221298366785,0.7472548130154609,2.067316992674023,0.7301285329461098,0.7338197946548461,0.016980540752410678,1.2581125311553478,1133.8301273584855,1133.8301273584855,greedy,1.2581125311553478,0.0,hard_fault_cluster
412,N18399,observe,-0.8593186140060425,2.652523047817522,0.9207597732543944,0.23354943411046403,1.7241399810813893,-0.8593186140060425,0.20475704967975616,1.783991325412353,-0.7489820361137389,0.0020475704967975617,-0.03378024697303772,0.01695125736296177,0.01695125736296177,0.08793797389516833,0.020980216562747955,0.09630678594112396,-0.0026755258440971375,101961.265625,41246.67578125,60714.5859375,101454.3359375,41097.6796875,60356.65625,0.004971786867827177,0.0036123176105320454,0.005895283538848162,0.4971786867827177,2.3197299633175135,1.7158435482211645,2.153448733035475,1.696358050746494,2.014583754645719,0.2489094761425079,2.652523047817522,1136.482650406303,1136.482650406303,greedy,2.652523047817522,0.0,hard_fault_cluster
413,N2703,observe,-0.4479259252548218,1.856315689138137,3.236399310827255,-1.8278904151404274,1.2066051979397892,-0.4479259252548218,0.036314547061920166,-3.9344246801792178,-2.872748798131943,0.00036314547061920164,0.3170095980167389,-0.025048060342669487,-0.025048060342669487,-5.873044770194683,0.025421343743801117,0.11519728600978851,-0.0013905763626098633,101454.078125,41097.515625,60356.56640625,101154.3125,41013.3828125,60140.9296875,0.0029546928126364946,0.0020471508614718914,0.0035727135837078094,0.29546928126364946,2.5534008610993624,1.1556920528924093,2.5449509960599244,1.3238728881394493,0.7203550531528892,0.5025901735713707,1.856315689138137,1138.3389660954413,1138.3389660954413,greedy,1.856315689138137,0.0,hard_fault_cluster
414,N18505,observe,-0.9211266040802002,1.437568439973984,0.8897998571395874,0.15790742054930884,0.9344194859830897,-0.9211266040802002,0.20262287557125092,1.2264668483869172,0.9232693552970886,0.002026228755712509,-0.02681306004524231,0.019185999408364296,0.019185999408364296,0.27368712186813354,0.020470961928367615,0.1004919558763504,-0.00379297137260437,101154.109375,41013.12890625,60140.984375,101726.40625,41150.9921875,60575.41015625,-0.005657672882080078,-0.003361442591995001,-0.007223456632345915,-0.5657672882080078,2.2689050678163767,0.8969564080238343,2.1025484115816653,0.8775342106819153,1.059462231397629,0.648548323661089,1.437568439973984,1139.7765345354153,1139.7765345354153,greedy,1.437568439973984,0.0,hard_fault_cluster
415,N18407,observe,-0.8704412579536438,2.62200514189899,3.6351808547973627,0.2754998727515339,1.7043033422343437,-0.8704412579536438,0.20273582637310028,1.8160553831607102,-0.7701484084129333,0.0020273582637310027,-0.03470867872238159,0.019342707470059395,0.019342707470059395,0.3623483009636401,0.02136378362774849,0.09535355865955353,-0.00226777046918869,101726.75,41151.37109375,60575.375,101250.1875,41016.0,60234.19140625,0.004684731364250183,0.003289588959887624,0.005632380954921246,0.4684731364250183,2.3584568966180086,1.7452014696598053,2.191897996235639,1.7259781849384308,2.005175919085741,1.9333643474057323,2.62200514189899,1142.3985396773144,1142.3985396773144,greedy,2.62200514189899,0.0,hard_fault_cluster
416,N18405,observe,-0.8705099821090698,2.3669017225503923,3.3467708826065063,0.3420759555697441,1.538486119657755,-0.8705099821090698,0.19937975704669952,1.7496397092938423,-0.8590019106864928,0.001993797570466995,-0.03658679127693176,0.020312117412686348,0.020312117412686348,1.1090184316039085,0.02146095782518387,0.09326234459877014,-0.0020567849278450012,101250.1015625,41015.92578125,60234.17578125,100988.65625,40950.54296875,60038.1171875,0.002582173328846693,0.0015940835000947118,0.0032549393363296986,0.2582173328846693,2.3657876569777727,1.4942524696886539,2.2010187511332333,1.4746098782122135,1.7264615014195441,1.752199975922704,2.3669017225503923,1144.7654413998648,1144.7654413998648,greedy,2.3669017225503923,0.0,hard_fault_cluster
417,N14383,observe,-0.3736881613731384,3.018178486824036,5.999999999999999,-2.0818215131759636,1.9618160164356235,-0.3736881613731384,-0.0028125345706939697,-5.686601996421814,-5.976795864105224,-2.8125345706939698e-05,0.36374539136886597,0.0062427762895822525,-0.0028125345706939697,-5.835174508094788,0.02972891554236412,0.1204570084810257,0.0009910538792610168,102782.1875,41515.40625,61266.78125,102436.359375,41660.625,60775.734375,0.003364669857546687,-0.0034979484044015408,0.00801489595323801,0.3364669857546687,2.9763217959553003,2.4189049196243286,2.973749114666134,2.787435932159424,1.0286903858184822,1.2936715215444572,3.018178486824036,1147.783619886689,1147.783619886689,greedy,3.018178486824036,0.0,hard_fault_cluster
418,N18424,observe,-0.3687078654766083,1.4482870627660305,2.9661057114601133,0.022611089195124813,0.9413865907979199,-0.3687078654766083,-0.004375427961349487,0.2768144231289625,-1.7850585477426646,-4.3754279613494876e-05,0.37015897035598755,0.003551410511136055,-0.004375427961349487,0.6671858148742467,0.027949653565883636,0.11960181593894958,-5.020946264266968e-05,102436.546875,41660.7734375,60775.7734375,102048.1484375,41534.55859375,60513.58984375,0.0037916002329438925,0.003029584651812911,0.004313949029892683,0.37916002329438925,2.79414133913815,1.0190546687692403,2.7947593522258103,1.4235224202275276,1.0412651828490198,1.3068223688518632,1.4482870627660305,1149.231906949455,1149.231906949455,greedy,1.4482870627660305,0.0,hard_fault_cluster
419,N18408,observe,-0.366930216550827,1.0813653603196143,2.559177255630493,0.1116550849378109,0.7028874842077493,-0.366930216550827,-0.004492267966270447,0.8614892557263374,2.347046148777008,-4.492267966270447e-05,0.37528160214424133,0.0014248285442590714,-0.004492267966270447,1.0348969149589538,0.026482686400413513,0.11891210079193115,-0.0009915456175804138,102048.078125,41534.515625,60513.56640625,101696.3046875,41383.265625,60313.0390625,0.003447134280577302,0.0036415497306734324,0.003313758410513401,0.3447134280577302,2.64520120061934,0.9201698344945908,2.6475017801858485,0.7824857872724533,0.9433309048414231,2.188165088146925,1.0813653603196143,1150.3132723097744,1150.3132723097744,greedy,1.0813653603196143,0.0,hard_fault_cluster
420,N18465,observe,-0.45603951811790466,1.3435523009300232,0.9566413700580596,0.6220915412902832,0.8733089956045151,-0.45603951811790466,-0.008023098111152649,1.8329341624677182,1.4228257060050964,-8.023098111152649e-05,0.38300105929374695,0.005024457350373268,-0.008023098111152649,1.4668563391268252,0.027575016021728516,0.12422502040863037,0.0009719021618366241,101695.4140625,41382.484375,60312.9296875,102194.984375,41456.1875,60738.80078125,-0.004912417382001877,-0.001781022292561829,-0.007061024662107229,-0.4912417382001877,2.754502961412072,1.282623989582062,2.7567519419826567,1.2695654940605166,0.8907458335161209,1.2530925707519054,1.3435523009300232,1151.6568246107045,1151.6568246107045,greedy,1.3435523009300232,0.0,hard_fault_cluster
421,N14382,observe,-0.3897450864315033,1.7962297707796093,4.627125787734985,-1.6367086857557296,1.167549351006746,-0.3897450864315033,-0.005056321620941162,-4.514589793533087,-5.051648855209351,-5.056321620941162e-05,0.37704911828041077,0.003561669960618019,-0.005056321620941162,-5.897749515473842,0.02726057916879654,0.12099187076091766,-5.885958671569824e-05,102195.671875,41456.8125,60738.859375,101657.78125,41271.796875,60385.984375,0.005263340659439564,0.004462852142751217,0.0058097075670957565,0.5263340659439564,2.724563265219331,1.5489828282594682,2.725684253964573,1.8614757353067397,0.5605438113212586,0.9943534773588183,1.7962297707796093,1153.453054381484,1153.453054381484,greedy,1.7962297707796093,0.0,hard_fault_cluster
422,N18500,observe,-0.9487088918685913,1.2514712899923326,1.198951518535614,0.10183666616678237,0.8134563384950162,-0.9487088918685913,0.1958591789007187,1.0864100575447082,1.1220878839492798,0.001958591789007187,-0.025403141975402832,0.024125756695866585,0.024125756695866585,-0.40701026618480685,0.023073796182870865,0.10142955183982849,-0.0025109872221946716,101657.46875,41271.45703125,60386.0078125,102237.125,41418.4375,60818.69140625,-0.005702052731066942,-0.0035613104701042175,-0.007165295537561178,-0.5702052731066942,2.5273645538836718,1.2629430222511293,2.362375852186233,1.2585606145858765,1.106247064471245,1.0820616894960404,1.2514712899923326,1154.7045256714764,1154.7045256714764,greedy,1.2514712899923326,0.0,hard_fault_cluster
423,N18490,observe,-0.9852367043495178,1.7520451664924621,1.447069388628006,0.16841777741909023,1.1388293582201003,-0.9852367043495178,0.19894663989543915,1.5273472636938095,1.2899333655834198,0.0019894663989543913,-0.02306869626045227,0.020074287429451942,0.020074287429451942,-0.31635153591632853,0.02214805781841278,0.10393792390823364,-0.003680713474750519,102237.125,41418.5,60818.625,102786.34375,41604.8515625,61181.49609375,-0.00537200877442956,-0.004499234724789858,-0.005966446828097105,-0.537200877442956,2.433826709166169,1.36661416888237,2.269561013672501,1.3425431668758394,1.5106712698936462,1.218008087873459,1.7520451664924621,1156.456570837969,1156.456570837969,greedy,1.7520451664924621,0.0,hard_fault_cluster
424,N18422,observe,-0.961290180683136,2.9697752300649882,4.043382120132446,0.1719678589329124,1.9303538995422425,-0.961290180683136,0.2000541239976883,1.9757479822263124,-0.5629020929336548,0.0020005412399768828,-0.03423398733139038,0.01258099265396595,0.01258099265396595,-0.9513531186804176,0.02379845827817917,0.10067825019359589,-0.0033232644200325012,102786.59375,41604.88671875,61181.7109375,102780.0625,41718.15625,61061.90625,6.354184733936563e-05,-0.0027225054800510406,0.00195817812345922,0.006354184733936563,2.592480944469571,2.7873708287626506,2.4330046069808304,2.822171310558915,2.4889859000220897,2.2478408350143586,2.9697752300649882,1159.4263460680338,1159.4263460680338,greedy,2.9697752300649882,0.0,hard_fault_cluster
425,N18451,observe,-0.9227323532104492,2.333274209499359,3.344719099998474,0.32028071165084837,1.5166282361745835,-0.9227323532104492,0.20137883722782135,1.8281878873705864,-0.7584090709686278,0.0020137883722782133,-0.03462502360343933,0.020638490095734596,0.020638490095734596,0.5766983145475387,0.022855430841445923,0.09754280745983124,-0.0014887899160385132,102780.015625,41718.31640625,61061.69921875,102384.9609375,41605.88671875,60779.07421875,0.0038436916656792164,0.0026949718594551086,0.004628515336662531,0.38436916656792164,2.5075604114681482,1.977965378910303,2.3410474159754813,1.9785835744440554,1.8990518376231194,1.8643836944550278,2.333274209499359,1161.7596202775333,1161.7596202775333,greedy,2.333274209499359,0.0,hard_fault_cluster
426,N18450,observe,-0.9104055762290955,1.9543297484517097,3.031786704063415,0.32101212546229363,1.2703143364936114,-0.9104055762290955,0.19804756343364716,1.6112051606178281,-0.9029611110687255,0.0019804756343364716,-0.03524109721183777,0.022597143426537514,0.022597143426537514,1.072550526559353,0.022837232798337936,0.09594564139842987,-0.0009819790720939636,102384.671875,41605.6484375,60779.0234375,101941.046875,41436.21875,60504.828125,0.004332923796027899,0.004072275944054127,0.004511347971856594,0.4332923796027899,2.5043679866939783,1.6194429248571396,2.33888445654884,1.6068688362836838,1.563330952823162,1.6461651193350555,1.9543297484517097,1163.713950025985,1163.713950025985,greedy,1.9543297484517097,0.0,hard_fault_cluster
427,N18464,observe,-0.977009654045105,1.2942038461565972,1.1784652709960937,0.1263601590692997,0.8412325000017882,-0.977009654045105,0.19927604496479034,1.224706946313381,1.2019557893276214,0.0019927604496479037,-0.025238752365112305,0.02089732326567173,0.02089732326567173,-0.38439147353172304,0.022170547395944595,0.1020844429731369,-0.0026493072509765625,101941.1640625,41436.36328125,60504.80078125,102474.453125,41533.2578125,60941.1953125,-0.005231341812759638,-0.002338393824175,-0.007212560623884201,-0.5231341812759638,2.4372281078249216,1.1291007995605469,2.272098081652075,1.1152751922607422,1.1841829419136047,1.0931050875782966,1.2942038461565972,1165.0081538721415,1165.0081538721415,greedy,1.2942038461565972,0.0,hard_fault_cluster
428,N18559,observe,-0.9059101343154907,2.659694508835673,3.5862473249435425,0.3434759299829602,1.7288014307431876,-0.9059101343154907,0.20135049521923065,1.9667856719344854,0.12647771835327148,0.0020135049521923065,-0.03354993462562561,0.02160056121647358,0.02160056121647358,0.7179597422480583,0.022459574043750763,0.09634383022785187,-0.0011237114667892456,102474.75,41533.51171875,60941.2421875,101923.375,41363.9453125,60559.43359375,0.005380593705922365,0.004082640632987022,0.0062651922926306725,0.5380593705922365,2.4689084608107805,2.138496440052986,2.3016951684840024,2.130884545445442,2.083018110692501,2.3257506110519173,2.659694508835673,1167.6678483809771,1167.6678483809771,greedy,2.659694508835673,0.0,hard_fault_cluster
429,N18440,observe,-0.8998446464538574,2.423797410726547,3.3749203920364375,0.3579758542776107,1.5754683169722556,-0.8998446464538574,0.19788174331188202,1.8453970156610011,-0.7986783504486084,0.0019788174331188202,-0.035801202058792114,0.022225694730877876,0.022225694730877876,1.0796619264781473,0.022592004388570786,0.09436926245689392,-0.0009470134973526001,101922.71875,41363.27734375,60559.44140625,101544.203125,41241.19921875,60303.0,0.0037137512117624283,0.00295136496424675,0.0042345402762293816,0.37137512117624283,2.4793078768998384,1.7889503952860832,2.3142272983677685,1.7707491394877435,1.8463625244796276,1.8301356409117582,2.423797410726547,1170.0916457917037,1170.0916457917037,greedy,2.423797410726547,0.0,hard_fault_cluster
430,N18432,observe,-0.8972746133804321,2.7565377616882323,3.0437541007995605,0.9797461891174315,1.791749545097351,-0.8972746133804321,0.19453440606594086,2.2351663447916508,-0.9610172629356383,0.0019453440606594086,-0.03814956545829773,0.0241068247705698,0.0241068247705698,5.6765677155554295,0.02240023761987686,0.0925910621881485,-0.0010640397667884827,101544.3125,41241.41796875,60302.89453125,101234.375,41121.984375,60112.390625,0.003052238840609789,0.0028959624469280243,0.0031591171864420176,0.3052238840609789,2.458664992824197,2.05354171320796,2.294684069696814,2.03745227381587,1.509900988638401,1.611435642614961,2.7565377616882323,1172.848183553392,1172.848183553392,greedy,2.7565377616882323,0.0,hard_fault_cluster
431,N18481,observe,-0.9549720287322998,1.4631682706531137,1.243144905567169,0.19644573538098484,0.9510593759245239,-0.9549720287322998,0.19660143554210663,1.3083160845097153,1.0839270651340485,0.001966014355421066,-0.02729862928390503,0.022922659292817116,0.022922659292817116,0.9662190034985543,0.02189597114920616,0.09926117956638336,-0.00267154723405838,101234.3671875,41122.0078125,60112.359375,101815.859375,41253.19140625,60562.6640625,-0.005744019523262978,-0.003190106712281704,-0.007491049822419882,-0.5744019523262978,2.40912120975554,1.2022736698389054,2.244478138629347,1.1854806810617446,1.1716457679867744,1.1834024466574191,1.4631682706531137,1174.311351824045,1174.311351824045,greedy,1.4631682706531137,0.0,hard_fault_cluster
432,N18523,control0,-0.901089072227478,2.20110015720129,3.474860429763794,0.11713874474167824,1.4307151021808386,-0.901089072227478,0.18122105300426483,1.235550045967102,2.4380939185619352,0.0018122105300426483,-0.02615627646446228,0.01720762439072132,0.01720762439072132,-0.6794089153409004,0.02380644530057907,0.09713178873062134,-0.0017098486423492432,101815.46875,41252.59765625,60562.87109375,100849.046875,40726.390625,60122.65234375,0.009491896256804466,0.012755731120705605,0.0072687892243266106,0.9491896256804466,2.5790732074528933,2.0882259333133697,2.4302516994066536,2.112297042608261,1.931185683608055,3.3552706943452355,2.20110015720129,1176.5124519812464,1176.5124519812464,greedy,2.20110015720129,0.0,hard_fault_cluster
433,N18474,observe,-0.9807665944099426,5.828408740460873,4.74642287492752,0.5098861183226109,3.7884656812995674,-0.9807665944099426,0.19197921454906464,3.948053084313869,2.645309394598007,0.0019197921454906465,-0.023519277572631836,0.017659040167927742,0.017659040167927742,0.39043357372283904,0.022220291197299957,0.1026170551776886,-0.003205925226211548,100848.921875,40726.6171875,60122.30859375,101784.7734375,41170.0546875,60614.71875,-0.009279738180339336,-0.010888149961829185,-0.008190140128135681,-0.9279738180339336,2.431667374446988,3.3611867821216586,2.274438683409244,3.2914081490039826,4.3004468321800235,3.4173396696150307,5.828408740460873,1182.3408607217073,1182.3408607217073,greedy,5.828408740460873,0.0,hard_fault_cluster
434,N18457,observe,-0.7338401079177856,6.04452333599329,3.5809714794158927,0.6611663351953029,3.9289401683956386,-0.7338401079177856,0.11672116816043854,0.8806744909286497,1.361371511220932,0.0011672116816043854,0.12535360455513,0.05473325401544571,0.05473325401544571,5.994248527139425,0.0164683535695076,0.08865655958652496,-0.0033451542258262634,101784.421875,41169.234375,60615.18359375,102503.3125,41476.1171875,61027.19140625,-0.007062874734401703,-0.007454178296029568,-0.00679710553959012,-0.7062874734401703,1.8182897791266441,2.745787513256073,1.689698962494731,2.9246087193489076,2.322730013728142,2.1888855597376824,6.04452333599329,1188.3853840577005,1188.3853840577005,greedy,6.04452333599329,0.0,hard_fault_cluster
435,N18455,observe,-0.7255392074584961,1.2702059304807334,1.1934232175350188,0.05418551755603403,0.8256338548124768,-0.7255392074584961,0.099062979221344,0.716201093653217,0.4979566182941198,0.0009906297922134398,0.19199535250663757,0.060564860701560974,0.060564860701560974,1.3306052605062724,0.0077630579471588135,0.08389833569526672,0.001985657960176468,102504.0,41475.7109375,61028.29296875,103283.6796875,41812.796875,61470.8828125,-0.007606334052979946,-0.008127309381961823,-0.007252207491546869,-0.7606334052979946,0.9359336346387863,0.2669662891328335,0.8162127546966076,0.09368755318224428,0.6977886371314526,0.5586259350040927,1.2702059304807334,1189.6555899881812,1189.6555899881812,greedy,1.2702059304807334,0.0,hard_fault_cluster
436,N18436,observe,-0.7109301090240479,2.926300636678934,2.5347182989120483,1.071052900701761,1.902095413841307,-0.7109301090240479,0.14888198673725128,5.7740006119012826,5.999999999999999,0.0014888198673725127,0.060763537883758545,0.05183684825897217,0.05183684825897217,1.9580014047026633,0.022268928587436676,0.0911422073841095,-0.004922747611999512,103283.6796875,41814.3671875,61469.3125,102614.921875,41662.6015625,60952.3203125,0.006474961061030626,0.003629509126767516,0.008410573936998844,0.6474961061030626,2.427611693739891,6.15134837925434,2.2770725674927235,6.15134837925434,4.196152579784393,4.564320122599601,2.926300636678934,1192.58189062486,1192.58189062486,greedy,2.926300636678934,0.0,hard_fault_cluster
437,N18483,observe,-0.7137323021888733,0.7137836844427511,0.6847850859165191,0.08957639728905632,0.4639593948877882,-0.7137323021888733,0.10415907204151154,0.6624263611272909,0.5665078520774841,0.0010415907204151154,0.18969163298606873,0.06106878072023392,0.06106878072023392,0.75459400728927,0.009690802544355392,0.0846351683139801,0.0013959035277366638,102614.578125,41662.2265625,60952.3515625,103467.4609375,41975.2109375,61492.25,-0.008311516605317593,-0.007512425538152456,-0.00885771308094263,-0.8311516605317593,1.1343081071972847,0.3720631504256744,1.0103872176259756,0.1398337844584603,0.5446675340994261,0.5012828559981426,0.7137836844427511,1193.2956743093027,1193.2956743093027,greedy,0.7137836844427511,0.0,hard_fault_cluster
438,N14419,observe,-0.7571328282356262,0.6359521834769112,0.6851197898387908,0.034809848279037395,0.4133689192599923,-0.7571328282356262,0.10680113732814789,0.5454097061076028,0.5482325747609138,0.0010680113732814789,0.19479519128799438,0.05993209034204483,0.05993209034204483,0.6492103433609009,0.007499426603317261,0.08481933176517487,0.0028460100293159485,103467.3515625,41975.328125,61492.0234375,104309.6875,42298.765625,62010.921875,-0.008141079917550087,-0.007705419324338436,-0.008438467048108578,-0.8141079917550087,0.9166758880019188,-0.5969205948710441,0.7916259672492743,-0.9468862268328666,0.35757787227630616,0.37540523877367377,0.6359521834769112,1193.9316264927797,1193.9316264927797,greedy,0.6359521834769112,0.0,hard_fault_cluster
439,N18441,observe,-0.6454434394836426,3.5402898386120794,4.033670115470886,0.5795832888782023,2.3011883950978516,-0.6454434394836426,0.11952424049377441,2.612850785553455,3.0794211387634274,0.0011952424049377441,0.17188435792922974,0.0696985051035881,0.0696985051035881,1.964712496101856,0.01554282009601593,0.08459596335887909,-0.00043723732233047485,104309.953125,42298.796875,62011.15625,103452.484375,42068.578125,61383.90625,0.008220392279326916,0.005442678462713957,0.010115114971995354,0.8220392279326916,1.7435047551989555,6.367796390652656,1.6015876960009336,6.031868379712105,3.087527763843536,4.106893046498298,3.5402898386120794,1197.4719163313919,1197.4719163313919,greedy,3.5402898386120794,0.0,hard_fault_cluster
440,N5294,observe,-0.7391539812088013,0.6031457139728444,0.7113330781459808,0.014200960156776991,0.3920447140823489,-0.7391539812088013,0.11058865487575531,0.49998673932532256,0.7046433568000793,0.001105886548757553,0.19177547097206116,0.06103105843067169,0.06103105843067169,0.6091393065452575,0.009470008313655853,0.08569952845573425,0.0022667311131954193,103452.3125,42068.2890625,61384.0234375,104324.375,42372.3984375,61951.98046875,-0.008429608307778835,-0.0072289458476006985,-0.009252522140741348,-0.8429608307778835,1.1186205446720123,-0.5871760474145412,0.9899057596921921,-1.140004955381155,0.2822734728455544,0.4514917082339525,0.6031457139728444,1198.0750620453648,1198.0750620453648,greedy,0.6031457139728444,0.0,hard_fault_cluster
441,N5295,observe,-0.777802586555481,2.131367428479716,1.1512677431106566,0.7757667137961836,1.3853888285118157,-0.777802586555481,0.1123269647359848,4.671729495096951,3.986655133962631,0.0011232696473598481,0.1965118944644928,0.06012054532766342,0.06012054532766342,1.3148195898532866,0.007173158228397369,0.08579742908477783,0.0036564096808433533,104324.484375,42372.5390625,61951.94140625,105117.3046875,42646.8046875,62470.5,-0.007599561475217342,-0.006472721230238676,-0.008370336145162582,-0.7599561475217342,0.8897633329033852,-0.4723589539527893,0.760427700355649,-0.945694875717163,2.3748086482286452,1.7796973921358585,2.131367428479716,1200.2064294738445,1200.2064294738445,greedy,2.131367428479716,0.0,hard_fault_cluster
442,N18545,observe,-0.5574401021003723,3.757617690041661,4.274429297447204,0.5270674801990389,2.4424514985270798,-0.5574401021003723,0.14181241393089294,2.8239838812500238,3.2826048612594603,0.0014181241393089294,0.18399456143379211,0.06546676903963089,0.06546676903963089,1.9535846915841102,0.014474809169769287,0.08898119628429413,0.0033749565482139587,105116.65625,42645.015625,62471.640625,104365.2734375,42373.8828125,61991.390625,0.0071480851620435715,0.006357901729643345,0.007687488105148077,0.7148085162043571,1.6547600999474525,6.3809008198976525,1.4993007127195597,5.504231746792794,3.184611415863037,4.169997420310974,3.757617690041661,1203.964047163886,1203.964047163886,greedy,3.757617690041661,0.0,hard_fault_cluster
443,N2045,observe,-0.7242724895477295,0.7126564236357809,0.7770752549171447,0.011416818927973492,0.46322667536325757,-0.7242724895477295,0.1222870945930481,0.5260240541771054,0.49294401728548104,0.001222870945930481,0.19608944654464722,0.060755468904972076,0.060755468904972076,0.05366541884839534,0.007902175188064575,0.08758138120174408,0.0047063082456588745,104366.171875,42375.69921875,61990.4765625,105346.0,42740.6640625,62605.3359375,-0.00938836857676506,-0.008612597361207008,-0.00991861056536436,-0.938836857676506,0.9732600823044777,-1.1510650996584446,0.8359781596809626,-1.9549418572802097,0.3160530805587769,0.32018862091819755,0.7126564236357809,1204.6767035875218,1204.6767035875218,greedy,0.7126564236357809,0.0,hard_fault_cluster
444,N3918,observe,-0.6968948841094971,2.843317270502448,3.0073385477066035,1.118547916635871,1.8481562258265911,-0.6968948841094971,0.154903843998909,5.811327040940523,5.999999999999999,0.00154903843998909,0.09660407900810242,0.05548430234193802,0.05548430234193802,0.2090365451574323,0.022648997604846954,0.09409062564373016,-0.00430702418088913,105345.9375,42741.265625,62604.671875,104438.2734375,42491.0703125,61947.203125,0.008616033010184765,0.005853718146681786,0.010501911863684654,0.8616033010184765,2.4752879068255424,5.874092885255814,2.317496797069907,5.874092885255814,4.082442212104797,4.753587437868118,2.843317270502448,1207.5200208580243,1207.5200208580243,greedy,2.843317270502448,0.0,hard_fault_cluster
445,N1193,observe,-0.5196765661239624,1.7699087623506784,2.823644757270813,0.3688380899652839,1.150440695527941,-0.5196765661239624,0.14547592401504517,1.5654006353300063,2.557614719867706,0.0014547592401504517,0.19162341952323914,0.05998510867357254,0.05998510867357254,0.3943473191745579,0.014651723206043243,0.09323564171791077,0.0015424899756908417,104438.109375,42488.15625,61949.95703125,104578.9375,42402.5078125,62176.43359375,-0.0013484362279996276,0.002015819074586034,-0.003655798500403762,-0.13484362279996276,1.670633353292942,5.856619764454663,1.5165375787764788,5.915429664738476,1.9372516845352947,3.359213594947941,1.7699087623506784,1209.289929620375,1209.289929620375,greedy,1.7699087623506784,0.0,hard_fault_cluster
446,N18470,observe,-0.7006582021713257,1.5558639141963795,1.5732088565826416,0.07835046461550518,1.0113115442276468,-0.7006582021713257,0.12410230934619904,0.8192693311022594,0.6453349828720092,0.0012410230934619903,0.19755011796951294,0.060269296169281006,0.060269296169281006,0.22239362247288225,0.008072737604379654,0.0897790938615799,0.003869958221912384,104578.4140625,42404.8671875,62173.546875,105496.578125,42769.9921875,62726.58203125,-0.008779671043157578,-0.00861045066267252,-0.008895023725926876,-0.8779671043157578,0.9916453659534454,0.09575977356173099,0.8533666618168354,-0.040382308950647705,0.9103572070598602,0.8773425268754362,1.5558639141963795,1210.8457935345714,1210.8457935345714,greedy,1.5558639141963795,0.0,hard_fault_cluster
447,N3866,observe,-0.42322757840156555,1.4846641719341278,2.838683402538299,0.15638402819633485,0.965031711757183,-0.42322757840156555,0.1674024611711502,1.3393852770328523,2.6720463275909423,0.001674024611711502,0.2103026807308197,0.04254412651062012,0.04254412651062012,-1.3185418963432312,0.010612878948450089,0.1001725047826767,0.003653060644865036,105497.03125,42770.453125,62726.578125,106143.875,42833.484375,63310.390625,-0.006131392903625965,-0.001473710173740983,-0.009307258762419224,-0.6131392903625965,1.2712344825267792,2.7072025668621063,1.1137745417654514,3.232967246770859,1.6406109482049942,2.9478835880756376,1.4846641719341278,1212.3304577065055,1212.3304577065055,greedy,1.4846641719341278,0.0,hard_fault_cluster
448,N6965,observe,-0.5702608227729797,5.505976764857769,5.055394601821899,1.087098323851824,3.5788848971575495,-0.5702608227729797,0.1517305076122284,6.246513202786446,5.999999999999999,0.0015173050761222839,0.19037732481956482,0.052023254334926605,0.052023254334926605,1.0298153766989706,0.008762739598751068,0.09176811575889587,0.007919039577245712,106143.3984375,42833.08984375,63310.30859375,105926.6875,42791.62109375,63135.0703125,0.0020416807383298874,0.0009681475348770618,0.002767926547676325,0.20416807383298874,1.0800277218222618,4.979074740409851,0.9272124003618956,5.032252860069275,5.306144778430461,5.5489941059798,5.505976764857769,1217.8364344713632,1217.8364344713632,greedy,5.505976764857769,0.0,hard_fault_cluster
449,N18472,observe,-0.8514479994773865,1.6577491785399614,1.8863597393035887,0.14951538142748177,1.077536966050975,-0.8514479994773865,0.11402477324008942,0.9133842751849442,0.6598703324794769,0.001140247732400894,0.19169160723686218,0.05041193962097168,0.05041193962097168,0.8622566664637996,0.009450137615203857,0.09053534269332886,0.006989818066358566,107640.265625,43421.68359375,64218.5859375,108570.65625,44050.7421875,64519.91015625,-0.008643518202006817,-0.014487199485301971,-0.004692165181040764,-0.8643518202006817,1.1094504743814468,0.9455043629044667,0.986122939735651,0.48688244374934586,0.8801452677231283,1.0797952418751082,1.6577491785399614,1219.494183649903,1219.494183649903,greedy,1.6577491785399614,0.0,hard_fault_cluster
450,N18508,observe,-0.8972817659378052,1.6864287780597806,1.5353436231613158,0.04745322136208416,1.0961787057388575,-0.8972817659378052,0.11659872531890869,0.7778523989021777,0.47517617940902707,0.001165987253189087,0.19004246592521667,0.0512981116771698,0.0512981116771698,0.2547990937158465,0.007385324686765671,0.0893501490354538,0.006442494690418243,108570.359375,44050.6953125,64519.6640625,109049.078125,44273.50390625,64775.578125,-0.004409295041114092,-0.005058004055172205,-0.0039664506912231445,-0.4409295041114092,0.9064293056726456,0.2225135220773518,0.7805066779255867,0.16457999037578702,0.863866482488811,0.7149598701577634,1.6864287780597806,1221.1806124279628,1221.1806124279628,greedy,1.6864287780597806,0.0,hard_fault_cluster
451,N3876,observe,-0.7569051384925842,2.0497843146324155,2.6830208897590637,0.2954368811845779,1.33235980451107,-0.7569051384925842,0.13760271668434143,1.306419673860073,0.700249296426773,0.0013760271668434142,0.17878690361976624,0.055076681077480316,0.055076681077480316,1.0645930534601211,0.011836547404527664,0.08968541026115417,0.007874906063079834,109049.40625,44273.765625,64775.64453125,108491.671875,43981.7734375,64509.8984375,0.005114510655403137,0.006595151498913765,0.004102562088519335,0.5114510655403137,1.3763341382145882,3.4230734288692473,1.2318245898932219,2.6164990603923797,1.497794187068939,1.7837585508823395,2.0497843146324155,1223.2303967425953,1223.2303967425953,greedy,2.0497843146324155,0.0,hard_fault_cluster
452,N3910,observe,-0.5209635496139526,4.703130830451847,4.482693004608154,1.0118867202475668,3.0570350397937003,-0.5209635496139526,0.1671302169561386,5.917026717588306,4.656671297550201,0.0016713021695613861,0.20857158303260803,0.03735017031431198,0.03735017031431198,1.1238401877880095,0.013250328600406647,0.09710732102394104,0.0070678479969501495,108491.734375,43981.95703125,64509.78125,108283.046875,43743.5859375,64539.45703125,0.001923533622175455,0.0054197474382817745,-0.0004600198590196669,0.1923533622175455,1.5295132473111153,3.0073029637336735,1.3761529568582773,2.8737471938133243,4.461826628446579,4.238435700088739,4.703130830451847,1227.933527573047,1227.933527573047,greedy,4.703130830451847,0.0,hard_fault_cluster
453,N3862,observe,-0.5960904955863953,1.2261576294898988,2.5143372058868407,-0.383480381965637,0.7970024591684343,-0.5960904955863953,0.21229176223278046,1.0348677068948748,2.0841297149658202,0.0021229176223278045,0.10073885321617126,0.006980733945965767,0.006980733945965767,-0.25957487523555756,0.022045280784368515,0.1146906167268753,-0.0050014108419418335,108283.15625,43743.64453125,64539.51171875,108206.09375,43631.39453125,64574.6953125,0.0007116757915355265,0.002566087059676647,-0.0005451480974443257,0.07116757915355265,2.4238005746155977,5.351481004953385,2.259346202481538,5.910535761117935,2.3953229933977127,2.9096345676481725,1.2261576294898988,1229.159685202537,1229.159685202537,greedy,1.2261576294898988,0.0,hard_fault_cluster
454,N18413,observe,-0.8717317581176758,4.113646757602692,2.655841439962387,0.7916991114616394,2.6738703924417497,-0.8717317581176758,0.24458004534244537,4.996104845404625,3.626809388399124,0.002445800453424454,0.0038441717624664307,-0.01921570859849453,-0.01921570859849453,-0.8063442999124526,0.023253176361322403,0.12186406552791595,-0.007718510925769806,108206.078125,43631.4375,64574.64453125,107889.875,43759.4921875,64130.3828125,0.0029222306329756975,-0.0029349178075790405,0.006879816763103008,0.29222306329756975,2.550681972876191,6.061899877786637,2.381658720318228,6.061899877786637,4.657961630821228,3.587712801843882,4.113646757602692,1233.2733319601398,1233.2733319601398,greedy,4.113646757602692,0.0,hard_fault_cluster
455,N7032,observe,-0.9361286759376526,4.986705249920488,5.029887056350708,-0.1132947500795124,3.2413584124483172,-0.9361286759376526,0.24541084468364716,3.274255261383951,3.21993772983551,0.0024541084468364715,0.0015154480934143066,-0.015585893765091896,-0.015585893765091896,-4.88256868030876,0.02238757163286209,0.12234249711036682,-0.006888352334499359,107889.7421875,43759.25,64130.4921875,107674.4765625,43645.0234375,64029.453125,0.0019952370785176754,0.0026103409472852945,0.0015755229396745563,0.19952370785176754,2.4685821142047644,2.4310557381063704,2.296213401015848,2.416609360352159,4.513812224008143,3.673375961715356,4.986705249920488,1238.2600372100603,1238.2600372100603,greedy,4.986705249920488,0.0,hard_fault_cluster
456,N13053,control0,-0.9230623245239258,4.709076480567456,5.999999999999999,-0.39092351943254455,3.060899712368846,-0.9230623245239258,0.23684225976467133,2.1937313623726364,3.4460129737854004,0.002368422597646713,-0.003793954849243164,-0.02409815602004528,-0.02409815602004528,-5.006097260266543,0.02147030457854271,0.10868541896343231,-0.006870657205581665,107674.640625,43645.2734375,64029.3671875,107325.59375,43495.1875,63830.40625,0.0032416812609881163,0.0034387672785669565,0.003107338910922408,0.3241681260988116,2.359774561598897,2.269619083106518,2.2002164837904274,2.299858092963696,3.9007257573306564,4.110471742264926,4.709076480567456,1242.9691136906279,1242.9691136906279,greedy,4.709076480567456,0.0,hard_fault_cluster
457,N18414,observe,-0.9415168166160583,5.622051550727338,4.402925312519073,0.3654360855091365,3.65433350797277,-0.9415168166160583,0.24540652334690094,5.433077326091007,4.4046624183654774,0.0024540652334690094,-0.0028314590454101562,-0.016811339184641838,-0.016811339184641838,-4.540153604345396,0.020948655903339386,0.1128624826669693,-0.005758360028266907,107325.53125,43495.16796875,63830.3671875,107109.7265625,43357.21875,63752.5078125,0.002010748954489827,0.003171598771587014,0.0012197857722640038,0.20107489544898272,2.3234607744961977,4.295415636878461,2.1520143863745034,4.319371840339155,5.955128876818344,4.108120677217376,5.622051550727338,1248.5911652413552,1248.5911652413552,greedy,5.622051550727338,0.0,hard_fault_cluster
458,N7537,observe,-0.9617592096328735,4.9338014960289005,4.402498590946196,-0.1661985039710996,3.2069709724187856,-0.9617592096328735,0.24780847132205963,3.0245131850242615,2.523250967264175,0.0024780847132205965,-0.003634035587310791,-0.01554291881620884,-0.01554291881620884,-4.897767076492309,0.02119489386677742,0.11499001085758209,-0.005387797951698303,107109.671875,43357.22265625,63752.4453125,106957.5,43229.890625,63727.609375,0.0014207108179107308,0.002936812350526452,0.0003895683912560344,0.14207108179107308,2.351754939183593,2.53805648803711,2.1775557748042047,2.64017719745636,4.402331674098969,3.097884153649211,4.9338014960289005,1253.5249667373841,1253.5249667373841,greedy,4.9338014960289005,0.0,hard_fault_cluster
459,N7052,observe,-0.9800645112991333,4.956689083576203,4.403458392620086,-0.1433109164237974,3.221847904324532,-0.9800645112991333,0.24901758134365082,3.107876533269882,2.59520543217659,0.002490175813436508,-0.004802674055099487,-0.01462242566049099,-0.01462242566049099,-4.886496280431747,0.021387897431850433,0.11641080677509308,-0.005183190107345581,106957.4453125,43229.6875,63727.7578125,106851.75,43122.6328125,63729.12109375,0.0009881997248157859,0.0024764160625636578,-2.1392266717157327e-05,0.09881997248157859,2.373184898868203,2.7407935929298404,2.1973885321058333,2.7504180026054383,4.45357113480568,3.133677696436644,4.956689083576203,1258.4816558209604,1258.4816558209604,greedy,4.956689083576203,0.0,hard_fault_cluster
460,N3873,observe,-0.7384771108627319,5.267923599481583,4.902075719833373,0.11754651963710804,3.4241503396630293,-0.7384771108627319,0.25713658332824707,3.981938084959984,3.560073947906494,0.0025713658332824707,0.021457016468048096,-0.03371981531381607,-0.03371981531381607,-4.683854393362999,0.025465819984674454,0.1316143423318863,-0.007334902882575989,106851.6484375,43122.53515625,63729.11328125,106667.71875,42897.79296875,63769.921875,0.0017213555984199047,0.0052117109298706055,-0.0006403446313925087,0.17213555984199047,2.7699987664818764,4.401017452478409,2.602436190471053,4.481404758691788,5.181997695565224,4.08833880610764,5.267923599481583,1263.749579420442,1263.749579420442,greedy,5.267923599481583,0.0,hard_fault_cluster
461,N5519,observe,-0.6792869567871094,5.2514086097478865,4.371569287776946,0.45499675184488314,3.4134155963361263,-0.6792869567871094,0.257520854473114,5.52234282642603,4.563893365859984,0.0025752085447311402,0.027210265398025513,-0.03591931611299515,-0.03591931611299515,-4.486594304144383,0.023785222321748734,0.1357835978269577,-0.009495727717876434,106667.1171875,42896.54296875,63770.57421875,106743.828125,42853.359375,63890.46875,-0.0007191619952209294,0.0010066917166113853,-0.0018800917314365506,-0.07191619952209294,2.600123770534992,5.776143736243248,2.433922616764903,5.776143736243248,5.952373443543911,4.356080737411975,5.2514086097478865,1269.0009880301898,1269.0009880301898,greedy,5.2514086097478865,0.0,hard_fault_cluster
462,N3813,observe,-0.6363726258277893,4.7328744530677795,3.537169456481933,0.8319366896152497,3.076368394494057,-0.6363726258277893,0.2602860927581787,5.968209052085877,4.571482944488524,0.0026028609275817872,0.0317324697971344,-0.0364583358168602,-0.0364583358168602,-2.1594492220878605,0.022542744874954224,0.1385570913553238,-0.010913297533988953,106744.1796875,42854.6796875,63889.5,106790.5,42825.0546875,63965.44140625,-0.0004339375882409513,0.0006912897224538028,-0.0011886367574334145,-0.04339375882409513,2.478102244436741,6.13975989818573,2.310231426730752,6.13975989818573,6.1679498672485344,4.508394244760274,4.7328744530677795,1273.7338624832576,1273.7338624832576,greedy,4.7328744530677795,0.0,hard_fault_cluster
463,N7513,observe,-0.8455362915992737,4.508151733875275,2.623640501499176,1.1227120447158814,2.930298627018929,-0.8455362915992737,0.25872308015823364,6.240523213148117,4.458240437507628,0.0025872308015823364,0.0193728506565094,-0.024343518540263176,-0.024343518540263176,0.2443467247486113,0.02127942442893982,0.1348828375339508,-0.010437726974487305,106790.703125,42825.29296875,63965.40625,106849.7421875,42957.828125,63891.9140625,-0.0005528483306989074,-0.003094787010923028,0.0011489364551380277,-0.05528483306989074,2.3623220045119524,6.278619680404662,2.1865373332984746,6.02337080001831,5.776393985748291,4.027334115952253,4.508151733875275,1278.242014217133,1278.242014217133,greedy,4.508151733875275,0.0,hard_fault_cluster
464,N3800,observe,-0.9365531206130981,6.18249659538269,4.402347224950789,0.7577476167678833,4.0186227869987485,-0.9365531206130981,0.25894618034362793,5.605547049641609,3.9341304421424863,0.0025894618034362792,0.0038067996501922607,-0.01851019077003002,-0.01851019077003002,-0.43937630593776733,0.02104547619819641,0.12266869843006134,-0.007703743875026703,106849.6484375,42957.7109375,63891.9375,106793.8125,43143.8828125,63649.92578125,0.0005225655040703714,-0.004333840683102608,0.003787828842177987,0.05225655040703714,2.344983609393239,6.44245907664299,2.1646566172130406,6.44245907664299,5.92254892885685,4.082414771802724,6.18249659538269,1284.4245108125156,1284.4245108125156,greedy,6.18249659538269,0.0,hard_fault_cluster
465,N3879,observe,-0.6690364480018616,5.048232436180115,5.309199428558349,-0.05176756381988501,3.2813510835170745,-0.6690364480018616,0.2669553756713867,3.0242479801177975,2.451952838897705,0.002669553756713867,0.021502703428268433,-0.028755171224474907,-0.028755171224474907,-4.762074093818665,0.025266647338867188,0.1386961042881012,-0.00824420154094696,106793.65625,43143.6484375,63650.0078125,106356.8125,42782.53125,63574.27734375,0.004090540111064911,0.008370112627744675,0.0011897950898855925,0.4090540111064911,2.7648649383336306,5.142265434265137,2.5862147849984467,5.319683046340943,4.754306077957154,3.8361563535034664,5.048232436180115,1289.4727432486957,1289.4727432486957,greedy,5.048232436180115,0.0,hard_fault_cluster
466,N3810,observe,-0.8934796452522278,5.978954166173935,4.402347224950789,0.6152679163217545,3.886320208013058,-0.8934796452522278,0.25940263271331787,4.8887027293443674,3.2855430960655214,0.0025940263271331788,-0.0016468465328216553,-0.015320675447583199,-0.015320675447583199,-0.559812224507332,0.021836549043655396,0.12293466925621033,-0.007384903728961945,106356.90625,42782.6796875,63574.23046875,106557.4453125,43087.96875,63469.4765625,-0.001885529258288443,-0.007135809864848852,0.0016477416502311826,-0.1885529258288443,2.4277368616312742,6.429064549207688,2.244675393681973,6.429064549207688,5.491503068804741,3.7608454541489484,5.978954166173935,1295.4516974148696,1295.4516974148696,greedy,5.978954166173935,0.0,hard_fault_cluster
467,N3883,observe,-0.6544969081878662,4.352873241901397,4.770912194252014,-0.2165925383567808,2.829367607235908,-0.6544969081878662,0.269056499004364,2.3525281757116323,2.0813880562782288,0.0026905649900436403,0.012886524200439453,-0.02170446701347828,-0.02170446701347828,-4.915977864861488,0.02587899938225746,0.13968263566493988,-0.007966510951519012,106557.359375,43087.85546875,63469.50390625,106250.71875,42803.91796875,63446.8046875,0.0028777047991752625,0.006589733995497227,0.00035763977211900055,0.28777047991752625,2.835251970216632,4.6182454407215126,2.6497379462234676,4.823788481950761,4.183665144443512,3.442866881415248,4.352873241901397,1299.804570656771,1299.804570656771,greedy,4.352873241901397,0.0,hard_fault_cluster
468,N3907,observe,-0.6188326478004456,5.2608622193336485,5.022957301139831,0.11260355353355424,3.4195604425668717,-0.6188326478004456,0.27127522230148315,3.569050943851471,2.9277259349822993,0.0027127522230148316,0.016544759273529053,-0.021502597257494926,-0.021502597257494926,-4.613675451278687,0.025927118957042694,0.14583006501197815,-0.00803866982460022,106250.9609375,42804.0546875,63446.90625,106271.078125,42772.82421875,63498.2578125,-0.00018933652609121054,0.0007296147523447871,-0.0008093627402558923,-0.018933652609121054,2.8424845207482576,5.961358876228333,2.6551550519652665,5.961358876228333,5.362440705299377,4.1495234365761275,5.2608622193336485,1305.0654328761045,1305.0654328761045,greedy,5.2608622193336485,0.0,hard_fault_cluster
469,N7489,observe,-0.8653993010520935,5.585997527837753,4.4023472428321835,0.34019826948642734,3.6308983930945393,-0.8653993010520935,0.2648053765296936,3.799841034412384,2.5601641297340394,0.002648053765296936,0.005411028861999512,-0.01276114396750927,-0.01276114396750927,-1.7972867405414583,0.022662151604890823,0.13774646818637848,-0.009353391826152802,106270.8984375,42772.9296875,63497.96875,106437.1640625,42885.515625,63551.6484375,-0.00156454520765692,-0.00263217743486166,-0.0008453764603473246,-0.156454520765692,2.5182593930512667,6.338063182830811,2.3292262186296284,6.338063182830811,5.226413404941559,3.6564947910606866,5.585997527837753,1310.6514304039422,1310.6514304039422,greedy,5.585997527837753,0.0,hard_fault_cluster
470,N18560,control0,-0.8870974779129028,3.475263121724129,4.943767881393432,-0.34216930568218196,2.258921029120684,-0.8870974779129028,0.25708359479904175,1.7429237306118013,3.0910536646842957,0.0025708359479904175,-0.0015023350715637207,-0.01828370802104473,-0.01828370802104473,-5.07121252477169,0.021677233278751373,0.12285540997982025,-0.008994296193122864,106436.7265625,42884.8046875,63551.921875,106425.453125,42946.90625,63478.546875,0.00010591679892968386,-0.0014481018297374249,0.001154567813500762,0.010591679892968386,2.4065232146531343,3.7958490848541264,2.2274232995696366,4.062020349502564,3.6133622586727143,4.448685468137263,3.475263121724129,1314.1266935256663,1314.1266935256663,greedy,3.475263121724129,0.0,hard_fault_cluster
471,N18487,observe,-0.9715640544891357,3.9868260274641223,3.4603780686855314,0.021452002050355162,2.5914369178516794,-0.9715640544891357,0.2572665810585022,2.6789161280263216,2.14550718665123,0.002572665810585022,0.0017247498035430908,-0.0176271740347147,-0.0176271740347147,-2.845346780093387,0.02094871550798416,0.12617093324661255,-0.008715592324733734,106425.828125,42947.48046875,63478.34375,106536.2109375,42954.46875,63581.7421875,-0.001037180656567216,-0.00016271691129077226,-0.0016288773622363806,-0.10371806565672159,2.3345109578222036,3.722649153303355,2.154781402554363,3.8907391153089703,3.7436955537181347,2.6694738723593767,3.9868260274641223,1318.1135195531303,1318.1135195531303,greedy,3.9868260274641223,0.0,hard_fault_cluster
472,N3903,observe,-0.6653714776039124,5.1983875930309305,5.27477810382843,0.06887131512165082,3.3789519354701048,-0.6653714776039124,0.27088260650634766,3.3461007356643675,2.68158677816391,0.0027088260650634764,0.009673625230789185,-0.021609054878354073,-0.021609054878354073,-4.6453158223629,0.027326956391334534,0.1400526911020279,-0.0067728012800216675,106536.171875,42954.421875,63581.75,106228.65625,42811.4140625,63417.2421875,0.002886490197852254,0.0033292919397354126,0.002587343333289027,0.2886490197852254,2.981969190761447,5.955623002052308,2.7950140270404518,5.955623002052308,5.251236927509308,4.203599628135562,5.1983875930309305,1323.3119071461613,1323.3119071461613,greedy,5.1983875930309305,0.0,hard_fault_cluster
473,N3887,observe,-0.6332945227622986,5.324547404050827,4.842203450202941,0.15718318283557906,3.460955812633038,-0.6332945227622986,0.2759590148925781,3.8783369481563565,3.6196021795272824,0.002759590148925781,0.008670806884765625,-0.01940094865858555,-0.01940094865858555,-4.5970249843597415,0.028243333101272583,0.14549045264720917,-0.006535202264785767,106228.71875,42811.4375,63417.28125,106205.34375,42802.7421875,63402.60546875,0.00022004407946951687,0.00020310723630245775,0.00023141612473409623,0.022004407946951687,3.080891376361251,5.93119898557663,2.8884728266857564,5.93119898557663,5.3877823710441595,4.255620240420104,5.324547404050827,1328.6364545502122,1328.6364545502122,greedy,5.324547404050827,0.0,hard_fault_cluster
474,N3891,observe,-0.6180712580680847,5.1979387819767,4.7294570088386525,0.06855714738369005,3.378660208284855,-0.6180712580680847,0.2807062268257141,3.424950659275055,3.3632134675979612,0.0028070622682571413,0.0064210593700408936,-0.01763290725648403,-0.01763290725648403,-4.660848544836044,0.02898654341697693,0.15024617314338684,-0.005730204284191132,106205.34375,42802.74609375,63402.6015625,106196.171875,42801.4140625,63394.7578125,8.635982521809638e-05,3.112022750428878e-05,0.00012371338380035013,0.008635982521809638,3.161727661266923,5.920261592864991,2.9644226715900004,5.920261592864991,5.164099776744843,4.090914686471224,5.1979387819767,1333.834393332189,1333.834393332189,greedy,5.1979387819767,0.0,hard_fault_cluster
475,N3895,observe,-0.6092535853385925,4.191038298606872,3.8754584193229675,0.037008891105652,2.724174894094467,-0.6092535853385925,0.2850373387336731,3.076321357488632,3.337068796157837,0.002850373387336731,0.003428429365158081,-0.01580994389951229,-0.01580994389951229,-4.804434496164322,0.0294315367937088,0.1536552608013153,-0.005220472812652588,106196.09375,42801.375,63394.71875,106196.3984375,42807.2578125,63389.140625,-2.8691026727756253e-06,-0.0001374444691464305,8.79903745953925e-05,-0.0002869102672775625,3.212381074205041,5.179117057323456,3.0104605280794203,5.400782964229584,4.620272469520569,3.739488885253668,4.191038298606872,1338.0254316307958,1338.0254316307958,greedy,4.191038298606872,0.0,hard_fault_cluster
476,N18458,observe,-0.925909698009491,1.0193907646927984,1.4604301750659943,-0.5082813890185206,0.662603997050319,-0.925909698009491,0.26844531297683716,1.0580377233913172,1.5421664416790009,0.0026844531297683717,0.0040579140186309814,-0.017580704763531685,-0.017580704763531685,-5.510358484215103,0.024158526211977005,0.14189061522483826,-0.009163394570350647,106196.4765625,42807.3125,63389.1640625,106728.796875,43050.6875,63678.109375,-0.005012598820030689,-0.005685360636562109,-0.004558275919407606,-0.5012598820030689,2.666717229411006,1.4468642072472724,2.478568773251027,1.5227943258080634,1.9360594403231517,1.4945103986526374,1.0193907646927984,1339.0448223954886,1339.0448223954886,greedy,1.0193907646927984,0.0,hard_fault_cluster
477,N7055,observe,-0.9339815974235535,3.2134228825569155,2.8137891709804532,0.02967036366462715,2.088724873661995,-0.9339815974235535,0.2664054036140442,2.286553835868835,1.7581421792507173,0.002664054036140442,-0.009251594543457031,-0.009597888216376305,-0.009597888216376305,-2.8523374915122988,0.023299090564250946,0.12810562551021576,-0.007271341979503632,106728.7734375,43050.81640625,63677.95703125,106514.28125,43110.9140625,63403.3671875,0.0020096939988434315,-0.0013959702337160707,0.00431216461583972,0.20096939988434315,2.5867165718227625,5.387883172035218,2.3941109352745116,5.843028721809387,3.840767109394074,2.732570383548737,3.2134228825569155,1342.2582452780455,1342.2582452780455,greedy,3.2134228825569155,0.0,hard_fault_cluster
478,N7255,observe,-0.8952059745788574,1.6619501382112507,1.944003164768219,-0.3841322511434553,1.080267589837313,-0.8952059745788574,0.26264166831970215,1.2378378152847291,1.3876130878925323,0.0026264166831970214,-0.018490701913833618,-0.003426535055041313,-0.003426535055041313,-5.313058274388314,0.022856589406728745,0.1219884604215622,-0.006331518292427063,106514.359375,43111.0390625,63403.32421875,106299.9609375,43100.89453125,63199.06640625,0.0020128595642745495,0.00023531168699264526,0.0032215630635619164,0.20128595642745495,2.5448740739375353,2.4466770935058597,2.3504627239890397,2.574416975975037,2.628792184591293,1.9712219086289404,1.6619501382112507,1343.9201954162568,1343.9201954162568,greedy,1.6619501382112507,0.0,hard_fault_cluster
479,N7208,observe,-0.8705013990402222,1.6746075868606567,1.6275640606880186,0.0647910398244858,1.088494931459427,-0.8705013990402222,0.2584746479988098,1.429921567440033,1.1952938497066496,0.002584746479988098,-0.02575051784515381,0.0028678718954324722,0.0028678718954324722,-1.483932020664215,0.02221934124827385,0.11734876036643982,-0.00580953061580658,106299.953125,43100.890625,63199.06640625,106047.4375,43031.54296875,63015.890625,0.0023755007423460484,0.0016089611453935504,0.0028983938973397017,0.23755007423460484,2.4832766447216272,1.8387778794765473,2.2872697548009455,1.868306747674942,2.1455895036458967,1.6878030006587503,1.6746075868606567,1345.5948030031175,1345.5948030031175,greedy,1.6746075868606567,0.0,hard_fault_cluster
480,N18493,observe,-0.9759987592697144,0.8782272613607347,0.9692107558250427,-0.07532701129093763,0.5708477198844776,-0.9759987592697144,0.24807022511959076,0.8481524283532054,0.8445726305246353,0.0024807022511959074,-0.01849198341369629,0.00021032430231571198,0.00021032430231571198,-1.6366441264841707,0.021635767072439194,0.12132130563259125,-0.006963074207305908,106047.265625,43031.28125,63015.984375,106174.6640625,42967.3046875,63207.359375,-0.001201336388476193,0.0014867454301565886,-0.0030369278974831104,-0.1201336388476193,2.411857256665826,1.0394508827291429,2.225646844599396,1.051540886219591,1.1588602454867214,0.9244058352871798,0.8782272613607347,1346.4730302644782,1346.4730302644782,greedy,0.8782272613607347,0.0,hard_fault_cluster
481,N18501,observe,-1.1547094583511353,1.5554078668355942,1.9498017728328705,-0.5665012270212171,1.0110151134431362,-1.1547094583511353,0.22365258634090424,0.9862042546272278,1.3962296068668365,0.0022365258634090422,-0.005797326564788818,-0.0048940833657979965,-0.0048940833657979965,-4.155057885050773,0.02700858563184738,0.12600192427635193,-0.0048302337527275085,107062.734375,43218.3828125,63844.34765625,107828.4765625,43743.296875,64085.1796875,-0.007152275647968054,-0.012145619839429855,-0.003772174706682563,-0.7152275647968054,2.9196170661598444,2.023086202144623,2.7555481889285147,2.1014000535011292,2.10069574713707,1.600829530209303,1.5554078668355942,1348.0284381313138,1348.0284381313138,greedy,1.5554078668355942,0.0,hard_fault_cluster
482,N18491,observe,-1.1826412677764893,1.1092805854976178,1.2669286966323852,-0.0974446780979633,0.7210323805734515,-1.1826412677764893,0.22658421099185944,0.9808942232280969,1.1140057027339934,0.0022658421099185943,-0.006860256195068359,-0.0034127216786146164,-0.0034127216786146164,-1.442675320878625,0.024811189621686935,0.12343604862689972,-0.005817048251628876,107828.1328125,43743.1796875,64084.953125,108054.0234375,43846.6875,64207.3359375,-0.0020949137397110462,-0.002366261789575219,-0.0019096964970231056,-0.20949137397110462,2.7042904514819384,1.3241167329251766,2.5369118344970047,1.334754803031683,1.3676893230527638,1.1656333598308264,1.1092805854976178,1349.1377187168114,1349.1377187168114,greedy,1.1092805854976178,0.0,hard_fault_cluster
483,N14388,observe,-1.0076262950897217,3.0379051834344866,4.255041337013244,0.0397484919428826,1.9746383692324163,-1.0076262950897217,0.23506133258342743,1.764415752887726,2.7521391987800596,0.002350613325834274,-0.017527252435684204,0.00043878890573978424,0.00043878890573978424,-1.116107209324837,0.0265042744576931,0.11655409634113312,-0.0032166019082069397,108054.0390625,43846.90625,64207.1328125,107500.390625,43745.82421875,63754.5625,0.005123810842633247,0.0023053400218486786,0.007048598490655422,0.5123810842633247,2.885927567258477,2.769981904029846,2.709302476141602,2.809010190963745,2.8895393908023834,3.4820999230444434,3.0379051834344866,1352.175623900246,1352.175623900246,greedy,3.0379051834344866,0.0,hard_fault_cluster
484,N14385,observe,-0.9610322713851929,2.244993585348129,2.6345103502273557,0.22399167120456698,1.4592458304762839,-0.9610322713851929,0.23578138649463654,1.7195785403251649,2.831599628925323,0.0023578138649463652,-0.024253278970718384,0.004942769184708595,0.004942769184708595,-0.39339468359947205,0.02577228844165802,0.1125984936952591,-0.002618737518787384,107500.34375,43745.80859375,63754.5390625,107082.0546875,43620.12109375,63461.93359375,0.0038910487201064825,0.0028731324709951878,0.0045895627699792385,0.38910487201064825,2.817952999845147,1.8564368975162506,2.6374098830856383,1.8540874969959258,2.0792422115802767,2.6382356219738723,2.244993585348129,1354.420617485594,1354.420617485594,greedy,2.244993585348129,0.0,hard_fault_cluster
485,N14384,observe,-0.9399033188819885,1.5200861260294916,1.632940149307251,0.2092574878036976,0.9880559819191695,-0.9399033188819885,0.2337447553873062,1.371277080476284,1.8674113154411316,0.0023374475538730623,-0.02924540638923645,0.009167158976197243,0.009167158976197243,-0.2648780906200409,0.024902626872062683,0.10957476496696472,-0.0024611130356788635,107082.046875,43620.1171875,63461.93359375,106636.328125,43431.4921875,63204.8359375,0.004162404220551252,0.004324266221374273,0.004051210358738899,0.41624042205512524,2.7331746015697718,1.3231670069694519,2.550990665797144,1.2560249853134156,1.578654161095619,1.7988337540626524,1.5200861260294916,1355.9407036116236,1355.9407036116236,greedy,1.5200861260294916,0.0,hard_fault_cluster
486,N7201,observe,-0.9339266419410706,1.4999649949371816,1.444447898864746,0.19793263487517831,0.9749772467091681,-0.9339266419410706,0.22924433648586273,1.2126158468425274,0.883717918395996,0.002292443364858627,-0.03392377495765686,0.012020500376820564,0.012020500376820564,-0.2943273070454598,0.02441529557108879,0.10743804275989532,-0.0026062503457069397,106636.34375,43431.56640625,63204.77734375,106184.3046875,43218.3984375,62965.90625,0.004239071160554886,0.0049081346951425076,0.0037793202791363,0.4239071160554886,2.6827943939715624,1.2629105067253115,2.50184576632455,1.2008145785331727,1.4805865317583085,1.3103117515146732,1.4999649949371816,1357.4406686065608,1357.4406686065608,greedy,1.4999649949371816,0.0,hard_fault_cluster
487,N18503,observe,-1.0343880653381348,0.9647083371877669,0.899036818742752,0.0831096813082695,0.6270604191720486,-1.0343880653381348,0.22330205142498016,0.8482305273413657,0.6527904093265533,0.0022330205142498017,-0.021556824445724487,0.012113461270928383,0.012113461270928383,-0.4390267249941826,0.023616813123226166,0.11402934789657593,-0.004584714770317078,106184.2109375,43218.1484375,62966.0625,106259.3515625,43123.375,63135.9765625,-0.0007076440379023552,0.0021929084323346615,-0.0026985022705048323,-0.07076440379023552,2.597096825018525,0.9782081490755081,2.4205351904965937,0.9296461111307144,0.9362084403634072,0.7847849974781275,0.9647083371877669,1358.4053769437487,1358.4053769437487,greedy,0.9647083371877669,0.0,hard_fault_cluster
488,N7194,observe,-0.9484738707542419,1.6583075240254401,2.500286877155304,0.22649245128035547,1.077899890616536,-0.9484738707542419,0.22573454678058624,1.4055000856518747,1.0032023370265961,0.0022573454678058626,-0.03101310133934021,0.01296517439186573,0.01296517439186573,-0.28256216526031497,0.024558179080486298,0.10900276899337769,-0.003109276294708252,106259.3203125,43123.58984375,63135.73046875,105811.96875,42974.859375,62837.10546875,0.004209998529404402,0.0034489352256059647,0.004729888867586851,0.4209998529404402,2.6945176292210817,1.612975468635559,2.5154928383417428,1.549027636051178,1.7245343297719955,1.9306225392222405,1.6583075240254401,1360.0636844677742,1360.0636844677742,greedy,1.6583075240254401,0.0,hard_fault_cluster
489,N15115,observe,-0.8644970655441284,1.913716708868742,1.9493612527847288,0.3448347944766283,1.2439158607646823,-0.8644970655441284,0.22863729298114777,1.7098735861480236,1.1811277627944945,0.002286372929811478,-0.03616419434547424,0.016473786905407906,0.016473786905407906,0.2018094718456268,0.025937519967556,0.11004890501499176,-0.0021910667419433594,105812.25,42974.94140625,62837.3046875,105280.375,42740.03515625,62540.3359375,0.005026591941714287,0.00546612124890089,0.0047259945422410965,0.5026591941714287,2.8388630766421556,1.7235521697998046,2.655029766727239,1.695120325088501,2.00035437643528,1.8883104495704175,1.913716708868742,1361.977401176643,1361.977401176643,greedy,1.913716708868742,0.0,hard_fault_cluster
490,N7173,observe,-0.9099695086479187,1.5865879500284792,1.312828242778778,0.26147950937971476,1.0312821675185115,-0.9099695086479187,0.22208406031131744,1.3199968004599214,0.9124618768692017,0.0022208406031131744,-0.037219107151031494,0.019382642582058907,0.019382642582058907,0.86100799202919,0.02508820965886116,0.10686323046684265,-0.002709701657295227,105280.078125,42739.9453125,62540.12890625,105084.9609375,42649.015625,62435.9453125,0.0018533153925091028,0.002127510728314519,0.0016658678650856018,0.18533153925091028,2.7502876687794924,1.4389055180549624,2.56918764160946,1.3808928775787355,1.4273343861103058,1.215873450115323,1.5865879500284792,1363.5639891266715,1363.5639891266715,greedy,1.5865879500284792,0.0,hard_fault_cluster
491,N7166,observe,-0.906624972820282,1.5679757997393609,1.2840191721916199,0.3276517654955387,1.0191842698305846,-0.906624972820282,0.2190321534872055,1.3340417908132076,0.8729095935821533,0.002190321534872055,-0.03863394260406494,0.02093897946178913,0.02093897946178913,2.362022670507431,0.024682722985744476,0.1045520156621933,-0.003047563135623932,105084.953125,42649.0078125,62435.9453125,104804.390625,42504.87890625,62299.51171875,0.002669863635674119,0.0033794199116528034,0.002185177057981491,0.2669863635674119,2.7082434315234423,1.514283152371645,2.5282650818116963,1.4611714799702167,1.3192254930734635,1.1756411977112293,1.5679757997393609,1365.1319649264108,1365.1319649264108,greedy,1.5679757997393609,0.0,hard_fault_cluster
492,N18506,observe,-0.9957742691040039,1.018724072910845,0.5411539761349557,0.255584198590368,0.6621706473920493,-0.9957742691040039,0.21407441794872284,1.09263911312446,0.844582736492157,0.0021407441794872284,-0.02792137861251831,0.022187935188412666,0.022187935188412666,0.8931256503798067,0.02403760328888893,0.11148849129676819,-0.004865407943725586,104804.09375,42504.515625,62299.578125,105003.265625,42509.96875,62493.296875,-0.0019004207570105791,-0.0001282951852772385,-0.003109471406787634,-0.1900420757010579,2.6400226820260286,0.9764067638292908,2.462825917173177,0.9658067274466157,0.8416818232275547,0.6315414903088823,1.018724072910845,1366.1506889993216,1366.1506889993216,greedy,1.018724072910845,0.0,hard_fault_cluster
493,N1191,observe,-0.7609623670578003,2.0573066681623455,2.2431068897247313,0.08535856872796999,1.3372493343055247,-0.7609623670578003,0.125798299908638,-1.2431648617982864,-3.0143886923789975,0.00125798299908638,0.19695040583610535,0.04015745967626572,0.04015745967626572,4.622847695052624,0.0034410208463668823,0.09519287943840027,0.002971857786178589,105003.1875,42507.96875,62495.21875,107003.8515625,42964.375,64039.4765625,-0.019053364172577858,-0.01073695719242096,-0.02471001446247101,-1.9053364172577858,0.510057844221592,-1.7172708582878116,0.38559102453291416,-1.7363903594017032,-0.9983763098716736,-1.4174382773041723,2.0573066681623455,1368.2079956674838,1368.2079956674838,greedy,2.0573066681623455,0.0,hard_fault_cluster
494,N18497,observe,-0.7747488021850586,1.056173273921013,1.0676268696784974,0.006511462032794967,0.6865126280486585,-0.7747488021850586,0.12176014482975006,0.6341187819838524,-1.3278564751148223,0.0012176014482975007,0.19367876648902893,0.04493039846420288,0.04493039846420288,0.7824193732440472,0.0018531978130340576,0.08866257965564728,0.005495008081197739,107001.640625,42965.8125,64035.828125,107690.109375,43630.3046875,64059.8046875,-0.006434188690036535,-0.015465602278709412,-0.00037442418397404253,-0.6434188690036535,0.3520103245973587,0.8644351959228516,0.226992417126894,0.8644351959228516,0.7685289978981018,-0.2952776618488131,1.056173273921013,1369.264168941405,1369.264168941405,greedy,1.056173273921013,0.0,hard_fault_cluster
495,N7152,observe,-0.6223549246788025,4.369088073074817,3.099902367591858,0.5954830519855022,2.839907247498631,-0.6223549246788025,0.13801923394203186,2.5930262820422647,1.1482510805130004,0.0013801923394203186,0.1759885549545288,0.057526879012584686,0.057526879012584686,1.8661648607254029,0.010464683175086975,0.08764533698558807,0.003987807780504227,107690.234375,43630.6015625,64059.6328125,106967.4609375,43496.3046875,63471.15625,0.0067115966230630875,0.0030780432280153036,0.009186387062072754,0.6711596623063087,1.242014430463314,5.147643409967423,1.0953548457473516,5.25540255188942,3.4695884823799132,2.3791986984239384,4.369088073074817,1373.6332570144798,1373.6332570144798,greedy,4.369088073074817,0.0,hard_fault_cluster
496,N2046,observe,-0.7305943965911865,2.1187497006356715,1.4007722854614257,0.6120452509820461,1.3771873054131865,-0.7305943965911865,0.12109324336051941,3.46889009475708,0.8414895296096803,0.0012109324336051941,0.19368410110473633,0.05369976907968521,0.05369976907968521,1.1865368923544883,0.0055287182331085205,0.08818109333515167,0.00521530956029892,106967.3125,43495.95703125,63471.3515625,107248.84375,43597.46875,63651.37109375,-0.002631937153637409,-0.0023338196333497763,-0.0028362327720969915,-0.2631937153637409,0.7276648357510567,0.17148981392383575,0.5965700764209032,0.11815788373351097,2.011400528252125,0.6270272476226093,2.1187497006356715,1375.7520067151154,1375.7520067151154,greedy,2.1187497006356715,0.0,hard_fault_cluster
497,N18510,observe,-0.7659389972686768,2.0683464549481867,2.787356376647949,0.6578373454511165,1.3444251957163214,-0.7659389972686768,0.12002062797546387,3.75192366503179,1.1090876102447509,0.0012002062797546386,0.19805550575256348,0.05382867902517319,0.05382867902517319,1.0949898203462363,0.0033670365810394287,0.08813402056694031,0.006465096026659012,107248.6484375,43597.3515625,63651.296875,107575.3125,43735.03125,63840.28125,-0.00304585718549788,-0.003157982835546136,-0.0029690577648580074,-0.304585718549788,0.5105529651045799,0.04502300430089237,0.38016598485410213,-0.013824139945209007,2.0699102278798818,0.9254416481219234,2.0683464549481867,1377.8203531700635,1377.8203531700635,greedy,2.0683464549481867,0.0,hard_fault_cluster
498,N14386,observe,-0.9253690838813782,1.443550499081612,0.9209370374679564,0.4565515834093096,0.9383078244030478,-0.9253690838813782,0.22646428644657135,4.7510496318340305,4.338044974207877,0.0022646428644657133,-0.030090391635894775,-0.0006746035069227219,-0.0006746035069227219,-2.8428321635723117,0.022938676178455353,0.11008696258068085,-0.005243092775344849,107575.4453125,43735.3671875,63840.078125,106821.71875,43494.58203125,63327.140625,0.007006492465734482,0.005505502223968506,0.008034725673496723,0.7006492465734482,2.519657300785184,5.3650517022609705,2.3503150385804474,5.3650517022609705,3.90366575717926,2.7118106154724955,1.443550499081612,1379.263903669145,1379.263903669145,greedy,1.443550499081612,0.0,hard_fault_cluster
499,N14379,observe,-0.9046753644943237,0.9290445864200594,0.8204120218753814,0.12497613310813908,0.6038789811730386,-0.9046753644943237,0.226579949259758,2.2600183874368667,2.6007474422454835,0.00226579949259758,-0.031162619590759277,0.005668038502335548,0.005668038502335548,-0.024525299668312073,0.023419752717018127,0.10734447836875916,-0.0035751163959503174,106821.8125,43494.625,63327.1875,106296.09375,43291.9140625,63004.18359375,0.0049214549362659454,0.004660597536712885,0.0051005566492676735,0.49214549362659454,2.5742232594639063,5.139219096899033,2.400037268642336,5.7751352345943445,2.595569860935211,2.0385670298337932,0.9290445864200594,1380.1929482555652,1380.1929482555652,greedy,0.9290445864200594,0.0,hard_fault_cluster
500,N1195,observe,-0.7915565371513367,2.042953836917877,3.1830489277839655,0.25447609722614273,1.3279199939966202,-0.7915565371513367,0.13507133722305298,-0.762312815487385,-2.7335415601730344,0.0013507133722305297,0.19716668128967285,0.03527173399925232,0.03527173399925232,4.679504843652249,0.0029980018734931946,0.09443867206573486,0.0017339587211608887,106295.140625,43288.8828125,63006.26171875,108406.3125,43764.76171875,64641.546875,-0.019861415028572083,-0.010993096977472305,-0.02595432847738266,-1.9861415028572083,0.47014325857162476,-1.5180434679985049,0.3423859551548958,-1.563770959377289,-0.8424911975860594,-0.9676192784309383,2.042953836917877,1382.235902092483,1382.235902092483,greedy,2.042953836917877,0.0,hard_fault_cluster
501,N5697,observe,-0.6429682970046997,5.994565927982331,4.183446705341339,0.8138932693004609,3.896467853188515,-0.6429682970046997,0.14422641694545746,3.458507757782936,1.7374320328235626,0.0014422641694545747,0.17851942777633667,0.050969503819942474,0.050969503819942474,3.9174259150028226,0.011338908225297928,0.08978022634983063,0.002157464623451233,108406.265625,43767.6875,64638.578125,107711.34375,43840.37109375,63870.96875,0.006410347763448954,-0.0016606679419055581,0.01187540590763092,0.6410347763448954,1.3290867432951927,4.638663268685341,1.1826898027211428,4.82457921564579,4.21673264503479,2.9789641248434786,5.994565927982331,1388.2304680204654,1388.2304680204654,greedy,5.994565927982331,0.0,hard_fault_cluster
502,N5678,observe,-0.6261486411094666,2.072868114709854,1.488445484638214,0.3647976517677307,1.3473642745614054,-0.6261486411094666,0.14280374348163605,1.7320736154913903,1.155401349067688,0.0014280374348163605,0.17248961329460144,0.056402914226055145,0.056402914226055145,5.734764419943095,0.014175180345773697,0.0903187245130539,0.0013265088200569153,107711.3125,43840.359375,63870.95703125,106996.078125,43613.625,63382.45703125,0.006640290375798941,0.005171818193048239,0.007648233789950609,0.6640290375798941,1.6167246922850609,2.292862307280302,1.4673196990042925,2.2625985257327557,1.653719963133335,1.3223899540305137,2.072868114709854,1390.3033361351752,1390.3033361351752,greedy,2.072868114709854,0.0,hard_fault_cluster
503,N18416,observe,-0.6806859970092773,4.491772287338973,4.249570417404175,1.062105746343732,2.9196519867703326,-0.6806859970092773,0.13764497637748718,5.881832567974925,2.3999999999999995,0.0013764497637748718,0.1745329201221466,0.05564793944358826,0.05564793944358826,1.9320519045740363,0.010910652577877045,0.09186956286430359,0.0037583857774734497,106996.0234375,43613.6015625,63382.421875,106676.375,43375.08984375,63301.2890625,0.0029874795582145452,0.005468746181577444,0.0012800522381439805,0.2987479558214545,1.28435817360878,0.9458081145212054,1.1393884867429733,0.7982103247568011,4.03539267219603,2.20300523692742,4.491772287338973,1394.7951084225142,1394.7951084225142,greedy,4.491772287338973,0.0,hard_fault_cluster
504,N7250,observe,-0.9462504982948303,0.11619111895561224,1.0083343625068664,-0.5258918404579163,0.07552422732114795,-0.9462504982948303,0.22097907960414886,0.5637787431478501,1.1644037187099456,0.0022097907960414885,-0.02819538116455078,4.970468580722809e-05,4.970468580722809e-05,0.2624255067110061,0.02387639880180359,0.10829846560955048,-0.0032584816217422485,106676.4609375,43375.2265625,63301.234375,106078.0625,43152.40234375,62925.66015625,0.005609470419585705,0.005137131083756685,0.0059331264346838,0.5609470419585705,2.608668664470315,2.7261323499679566,2.442897076252848,2.7382089424133302,1.4268195033073425,1.2603767098113894,0.11619111895561224,1394.9112995414698,1394.9112995414698,greedy,0.11619111895561224,0.0,hard_fault_cluster
505,N7138,observe,-0.9345076680183411,0.2921481996774674,0.7633634328842163,-0.32072187662124624,0.1898963297903538,-0.9345076680183411,0.2202058583498001,0.9299200996756554,1.2339900091290474,0.002202058583498001,-0.03171929717063904,0.004188979044556618,0.004188979044556618,0.29701508283615113,0.023581434041261673,0.10502330958843231,-0.0027889758348464966,106078.0546875,43152.36328125,62925.69140625,105592.96875,42946.2890625,62646.67578125,0.0045729149132966995,0.004775502718985081,0.004434049595147371,0.45729149132966995,2.582538241520524,1.518043100386858,2.4142421134747565,1.5012869115173817,1.3532062292098999,1.0128679165430368,0.2921481996774674,1395.2034477411473,1395.2034477411473,greedy,0.2921481996774674,0.0,hard_fault_cluster
506,N7159,observe,-0.9238611459732056,1.6957264233380556,1.419380509853363,0.2853873847052455,1.102222175169736,-0.9238611459732056,0.21769459545612335,1.4659179229289292,1.3387205839157104,0.0021769459545612335,-0.033450543880462646,0.007381292060017586,0.007381292060017586,1.204189721941948,0.023421019315719604,0.10220076143741608,-0.0024122297763824463,105592.9296875,42946.27734375,62646.65234375,105197.6953125,42760.234375,62437.4609375,0.003743000328540802,0.004331992939114571,0.0033392272889614105,0.3743000328540802,2.5671778190881014,1.4592311441898347,2.3983709034509957,1.446124440431595,1.4981839060783386,1.2018115993123502,1.6957264233380556,1396.8991741644854,1396.8991741644854,greedy,1.6957264233380556,0.0,hard_fault_cluster
507,N3805,observe,-0.6819643378257751,2.77996409535408,3.417289519309997,0.5712787753343582,1.806976661980152,-0.6819643378257751,0.2381584793329239,2.439901401102543,3.0745403528213497,0.002381584793329239,-0.018226027488708496,0.013498732820153236,0.013498732820153236,3.3455167339742182,0.03162406012415886,0.1272524893283844,-0.00018305331468582153,105197.421875,42759.9609375,62437.4609375,104950.765625,42501.890625,62448.87109375,0.0023446986451745033,0.006035326048731804,-0.0001827453525038436,0.23446986451745033,3.414063224568963,3.0033625356853006,3.225320315454155,2.99702036306262,2.241971541941166,3.0322815022617577,2.77996409535408,1399.6791382598394,1399.6791382598394,greedy,2.77996409535408,0.0,hard_fault_cluster
508,N3817,observe,-0.6507275700569153,4.230928007885813,4.4307538032531735,0.7255088727548717,2.7501032051257788,-0.6507275700569153,0.24635683000087738,4.01001630667597,4.324477005004883,0.0024635683000087736,-0.016637831926345825,0.0181183610111475,0.0181183610111475,2.1510388189181686,0.03454264998435974,0.14123956859111786,0.0003675296902656555,104950.7578125,42501.8828125,62448.875,105171.1875,42548.30078125,62622.8828125,-0.002100315410643816,-0.0010921391658484936,-0.0027864042203873396,-0.2100315410643816,3.718740189447999,3.268659116253257,3.5203837961889803,3.211887265667319,3.615932164154947,3.925355906700715,4.230928007885813,1403.9100662677251,1403.9100662677251,greedy,4.230928007885813,0.0,hard_fault_cluster
509,N3899,observe,-0.18291820585727692,4.261607749387622,5.999999999999999,-0.8383922506123783,2.7700450371019545,-0.18291820585727692,0.0688650906085968,-4.841538100708276,-5.999999999999999,0.000688650906085968,0.38728252053260803,0.021085100248456,0.021085100248456,1.3989465247280897,0.0392436757683754,0.15521827340126038,0.01261630654335022,105171.25,42548.30859375,62622.9453125,105455.203125,42657.56640625,62797.6328125,-0.0026999120600521564,-0.0025678533129394054,-0.0027895127423107624,-0.26999120600521564,4.0143177676945925,4.447245350405574,3.946855124551803,4.697905293032527,1.0467025682330138,0.7853566693514592,4.261607749387622,1408.1716740171128,1408.1716740171128,greedy,4.261607749387622,0.0,hard_fault_cluster
510,N18547,observe,-0.32245001196861267,3.498351958394051,5.058696699142455,-1.601648041605949,2.2739287729561335,-0.32245001196861267,0.05607709288597107,-5.366967661529779,-4.402347224950789,0.0005607709288597106,0.3814863860607147,0.01673234812915325,0.01673234812915325,-2.4312992432713507,0.035591259598731995,0.14660313725471497,0.006866186857223511,105454.125,42656.4453125,62797.6796875,105718.34375,42840.3515625,62877.9921875,-0.0025055326987057924,-0.004311335738748312,-0.0012789086904376745,-0.25055326987057924,3.631935400888324,3.4406383818387987,3.5773283201269805,3.849890906214714,1.1478396296501168,1.3236838193237785,3.498351958394051,1411.6700259755069,1411.6700259755069,greedy,3.498351958394051,0.0,hard_fault_cluster
511,N18544,observe,-0.20568694174289703,3.7370907306671146,5.999999999999999,-1.3629092693328857,2.4291089749336248,-0.20568694174289703,0.07943633198738098,-5.200489577203989,-2.3999999999999995,0.0007943633198738098,0.38838455080986023,0.018579931929707527,0.018579931929707527,-0.9242016288638115,0.03799968957901001,0.15481199324131012,0.011179611086845398,105719.28125,42841.10546875,62878.171875,105743.4453125,42795.953125,62947.4921875,-0.00022856816940475255,0.0010539491195231676,-0.0011024543782696128,-0.022856816940475255,3.8979852218180895,3.9449472600221633,3.824473023880273,4.217125385403633,1.1405361294746406,2.3163484841585165,3.7370907306671146,1415.407116706174,1415.407116706174,greedy,3.7370907306671146,0.0,hard_fault_cluster
512,N5811,observe,-0.49315759539604187,2.8669723063707355,4.4023191511631,-2.233027693629264,1.8635319991409782,-0.49315759539604187,0.046995729207992554,-5.824679078310728,-4.200065138546051,0.0004699572920799255,0.3760015368461609,0.006441520527005196,0.006441520527005196,-5.849724924266338,0.03340645134449005,0.14073601365089417,0.0033961720764636993,105743.7421875,42796.52734375,62947.21484375,105952.59375,43002.640625,62949.953125,-0.0019750725477933884,-0.00481612142175436,-4.350122981122695e-05,-0.19750725477933884,3.394082384184003,2.1732310754060746,3.3540044468827546,2.5532702666521074,0.9678892254829414,0.7866512388341658,2.8669723063707355,1418.274089012545,1418.274089012545,greedy,2.8669723063707355,0.0,hard_fault_cluster
513,N3796,observe,-0.44110187888145447,3.4222487628459923,4.441266649961471,-1.6777512371540069,2.2244616958498953,-0.44110187888145447,0.04913489520549774,-5.436783758997917,-3.8971885442733756,0.0004913489520549775,0.3644823431968689,0.009349251165986061,0.009349251165986061,-2.176816110610962,0.03570624813437462,0.13995777070522308,0.0066834427416324615,106779.328125,43209.9453125,63569.3828125,106718.8984375,43486.640625,63232.2578125,0.0005659305606968701,-0.006403509993106127,0.005303260404616594,0.05659305606968701,3.6291089598089457,2.068279334306717,3.585245850030333,2.3076033079624176,0.95876693725586,0.9240168068557981,3.4222487628459923,1421.696337775391,1421.696337775391,greedy,3.4222487628459923,0.0,hard_fault_cluster
514,N14438,observe,-0.4136451780796051,1.6652045965194704,2.6333356261253353,-1.2867098689079284,1.0823829877376558,-0.4136451780796051,0.04291518032550812,-4.302605267763138,-3.015408331155777,0.00042915180325508117,0.36792996525764465,0.005687350407242775,0.005687350407242775,-1.8723736882209778,0.0350046306848526,0.13795648515224457,0.003918316215276718,106718.65625,43486.5703125,63232.08203125,106315.328125,43337.1484375,62978.1796875,0.0037793591618537903,0.0034360464196652174,0.004015403799712658,0.37793591618537903,3.549065599218011,1.4687326812744141,3.5126137011684477,1.6543028140068055,0.2998850107192994,0.43099702775478366,1.6652045965194704,1423.3615423719104,1423.3615423719104,greedy,1.6652045965194704,0.0,hard_fault_cluster
515,N15456,observe,-0.39809831976890564,1.4381555171776563,0.9412327110767363,0.3826048227120191,0.9348010861654766,-0.39809831976890564,0.03411213308572769,1.9815399962477385,1.538628476858139,0.0003411213308572769,0.3711191713809967,0.00314178504049778,0.00314178504049778,1.120255655348301,0.0333067812025547,0.1355675905942917,0.0025233179330825806,106315.6015625,43336.8515625,62978.75,105923.078125,43149.87109375,62773.20703125,0.003692058613523841,0.0043145837262272835,0.003263687714934349,0.3692058613523841,3.3679320383816957,1.1715779374539852,3.3399915997870266,1.1682198713719845,1.5474172711372374,1.2418507152050733,1.4381555171776563,1424.799697889088,1424.799697889088,greedy,1.4381555171776563,0.0,hard_fault_cluster
516,N7116,observe,-0.391771525144577,1.323966734969872,1.0073920071125029,0.24334475890296745,0.8605783777304169,-0.391771525144577,0.026053130626678467,1.2091156521084483,1.9182408452033997,0.00026053130626678465,0.37359291315078735,0.000887090340256691,0.000887090340256691,1.0154054734110831,0.031840357929468155,0.133302241563797,0.0012715458869934082,105923.0,43150.3359375,62772.66015625,105573.515625,42970.90625,62602.609375,0.00329941906966269,0.004158245399594307,0.0027089943177998066,0.329941906966269,3.2109760139137506,1.047292152196169,3.1907708481885493,1.054102876931429,1.2983889773488044,1.5109348545223473,1.323966734969872,1426.123664624058,1426.123664624058,greedy,1.323966734969872,0.0,hard_fault_cluster
517,N7054,observe,-0.35771170258522034,1.323451667651534,1.0289037704467774,0.24149660680443044,0.8602435839734971,-0.35771170258522034,0.022016577422618866,1.12499237511307,0.7771926164627074,0.00022016577422618867,0.37642601132392883,-0.0004613008350133896,-0.0004613008350133896,1.026174847483635,0.03087550774216652,0.13186098635196686,0.0005293749272823334,105573.40625,42970.7890625,62602.61328125,105218.40625,42784.296875,62434.109375,0.003362589282914996,0.004339975770562887,0.002691643312573433,0.3362589282914996,3.1091060508042574,1.0204805608093739,3.0929395933635533,1.0210837598145008,1.2820803925395012,1.051207845285535,1.323451667651534,1427.4471162917096,1427.4471162917096,greedy,1.323451667651534,0.0,hard_fault_cluster
518,N18529,observe,-0.31966960430145264,2.441805740594864,1.1160212576389312,1.2117945158481598,1.5871737313866616,-0.31966960430145264,0.024664290249347687,5.752139736711979,4.451322627067565,0.00024664290249347686,0.3797011375427246,0.0008681211620569229,0.0008681211620569229,6.389259192198515,0.030383676290512085,0.1330018788576126,0.000411156564950943,105217.46875,42783.171875,62434.296875,105022.765625,42624.4921875,62398.27734375,0.0018504828913137317,0.003708927659317851,0.0005769190029241145,0.18504828913137317,3.063900040462613,1.6775195388495923,3.0447507319040596,1.6469441442191601,3.055269922316074,2.237064081951976,2.441805740594864,1429.8889220323044,1429.8889220323044,greedy,2.441805740594864,0.0,hard_fault_cluster
519,N18528,observe,-0.250060111284256,1.9876891314983367,1.4607706308364867,0.47588796138763423,1.2919979354739188,-0.250060111284256,0.036814749240875244,1.8780887588858604,1.6461022019386289,0.00036814749240875243,0.38219135999679565,-0.00029907189309597015,-0.00029907189309597015,1.1466687089204788,0.03124520182609558,0.1352275013923645,0.00162559375166893,105023.03125,42624.7421875,62398.2890625,104900.53125,42557.40234375,62343.125,0.0011664108606055379,0.0015798299573361874,0.0008840637165121734,0.11664108606055379,3.1610358599573374,1.377048628628254,3.133649101946503,1.378433602154255,1.6601966321468353,1.5863773968070745,1.9876891314983367,1431.8766111638029,1431.8766111638029,greedy,1.9876891314983367,0.0,hard_fault_cluster
520,N18546,observe,-0.28109148144721985,1.8218463838100434,1.266692793369293,0.4545356994867325,1.1842001494765282,-0.28109148144721985,0.034153133630752563,1.6472154949605464,1.2701343297958374,0.0003415313363075256,0.3817346692085266,0.000806054100394249,0.000806054100394249,1.15150372415781,0.030043810606002808,0.13389329612255096,0.000330902636051178,104899.59375,42556.2734375,62343.31640625,104860.9296875,42490.34375,62370.5859375,0.0003685816191136837,0.0015492354286834598,-0.00043740906403400004,0.03685816191136837,3.0393402483314276,1.153419121056795,3.0131208575330675,1.1521245677769183,1.424308754503727,1.2808782421797513,1.8218463838100434,1433.6984575476129,1433.6984575476129,greedy,1.8218463838100434,0.0,hard_fault_cluster
521,N18558,observe,-0.3187923729419708,1.6632107228040696,1.1363126456737518,0.3837266460061073,1.0810869698226453,-0.3187923729419708,0.026963554322719574,1.4482072196900844,0.7720031455159188,0.00026963554322719576,0.37914296984672546,-0.0018148776143789291,-0.0018148776143789291,1.0678507801890373,0.028911512345075607,0.1307254135608673,-0.0009989291429519653,104862.390625,42492.234375,62370.15625,104725.8984375,42444.7109375,62281.1875,0.0013016314478591084,0.0011184029281139374,0.0014264634810388088,0.13016314478591084,2.9162999112159014,1.0369714619219303,2.897438403684646,1.037009489685297,1.4770135894417764,1.1198405100777746,1.6632107228040696,1435.3616682704169,1435.3616682704169,greedy,1.6632107228040696,0.0,hard_fault_cluster
522,N7145,observe,-0.31914129853248596,1.5517907127738,2.0774438858032225,0.3821800579130649,1.00866396330297,-0.31914129853248596,0.0206790491938591,1.4402498219907283,0.714388564095134,0.000206790491938591,0.3799636662006378,-0.0031736548990011215,-0.0031736548990011215,1.043724700808525,0.028153978288173676,0.12896300852298737,-0.001649320125579834,104726.15625,42444.90234375,62281.25,104513.5625,42349.671875,62163.890625,0.0020299965981394053,0.0022436256986111403,0.0018843451980501413,0.20299965981394053,2.8329032231122255,1.0021567171812058,2.819774177391082,1.002156657576561,1.3906970620155334,1.5363970666458044,1.5517907127738,1436.9134589831906,1436.9134589831906,greedy,1.5517907127738,0.0,hard_fault_cluster
523,N18554,observe,-0.1328306794166565,2.450533511340618,3.0186185121536253,0.7096499225497244,1.5928467823714016,-0.1328306794166565,0.05444544553756714,2.4309688195586205,3.0029960751533507,0.0005444544553756714,0.39499956369400024,0.00399366207420826,0.00399366207420826,1.403710023164749,0.033977776765823364,0.14339281618595123,0.006204329431056976,104513.3125,42349.38671875,62163.921875,104435.0546875,42240.44140625,62194.61328125,0.000748783175367862,0.0025725357700139284,-0.0004937173216603696,0.0748783175367862,3.456216784194112,2.189869540929794,3.4123874534852803,2.268823581933975,1.9854966461658479,2.9352818769961595,2.450533511340618,1439.3639924945312,1439.3639924945312,greedy,2.450533511340618,0.0,hard_fault_cluster
524,N18548,observe,-0.25289657711982727,1.9190861135721207,1.506648325920105,0.39552659481763836,1.2474059738218786,-0.25289657711982727,0.04322955012321472,1.5027232412993907,1.2188434720039367,0.0004322955012321472,0.388548344373703,0.002464672550559044,0.002464672550559044,1.398307202756405,0.03109712526202202,0.13724835216999054,0.0018704459071159363,104433.96875,42239.25,62194.71875,104698.90625,42364.89453125,62334.015625,-0.002536890096962452,-0.0029745919164270163,-0.0022396896965801716,-0.2536890096962452,3.1554067488759756,1.247939609438181,3.1211360818706453,1.2592129935324192,1.369845424592495,1.300825950205326,1.9190861135721207,1441.2830786081033,1441.2830786081033,greedy,1.9190861135721207,0.0,hard_fault_cluster
525,N18550,observe,-0.2641727328300476,1.9051541805267334,2.8976475358009335,0.4006075209379196,1.2383502173423768,-0.2641727328300476,0.04027692973613739,1.5364384931325912,2.480542695522308,0.0004027692973613739,0.3870390057563782,0.001644255593419075,0.001644255593419075,1.2358450889587402,0.03040730580687523,0.13580019772052765,0.0007837079465389252,104699.1640625,42365.09375,62334.0703125,104774.609375,42394.01171875,62380.6015625,-0.0007205913425423205,-0.0006825895397923887,-0.0007464818190783262,-0.07205913425423205,3.0826517660170794,1.3480860877037049,3.051210877019912,1.364994673728943,1.4757001340389253,2.586037206351757,1.9051541805267334,1443.18823278863,1443.18823278863,greedy,1.9051541805267334,0.0,hard_fault_cluster
526,N6122,observe,-0.12921519577503204,2.786932796239853,3.361184430122375,0.6238461917638779,1.8115063175559045,-0.12921519577503204,0.0683588832616806,2.4447819080948827,3.0354732036590573,0.0006835888326168061,0.3976411521434784,0.00568455271422863,0.00568455271422863,1.614790809750557,0.035142578184604645,0.14729037880897522,0.0073728784918785095,104770.484375,42389.078125,62381.40234375,104880.28125,42403.40625,62476.875,-0.0010479752672836185,-0.0003380145353730768,-0.0015304666012525558,-0.10479752672836185,3.5883012544363737,2.486096829175949,3.532768677454442,2.5816693007946014,2.2085019081830977,3.535526240319013,2.786932796239853,1445.97516558487,1445.97516558487,greedy,2.786932796239853,0.0,hard_fault_cluster
527,N2094,observe,-0.38210323452949524,1.9342243301868438,1.1649020433425903,0.5647881853580474,1.2572458146214485,-0.38210323452949524,0.042094647884368896,1.7538234692811967,1.3218385100364685,0.000420946478843689,0.39326661825180054,0.00807068683207035,0.00807068683207035,2.8580290842056275,0.03195100650191307,0.143802672624588,0.008454889059066772,104884.9453125,42409.078125,62475.8671875,105416.46875,42629.703125,62786.765625,-0.005067680962383747,-0.005202305968850851,-0.004976296331733465,-0.5067680962383747,3.2452659849077463,1.4270365515351295,3.207641983870417,1.4503066220879555,1.2555237501859666,1.1703877729177476,1.9342243301868438,1447.9093899150569,1447.9093899150569,greedy,1.9342243301868438,0.0,hard_fault_cluster
528,N2095,observe,-0.9316797256469727,4.317873239517212,3.2595406293869016,0.43004584074020386,2.806617605686188,-0.9316797256469727,0.2307768315076828,3.9101738035678864,3.33874819278717,0.002307768315076828,-0.027098089456558228,0.024744512513279915,0.024744512513279915,-0.9201417529582978,0.027248922735452652,0.13216711580753326,-0.005826525390148163,105416.4921875,42629.7421875,62786.75,105699.140625,42735.2890625,62963.8515625,-0.0026812544092535973,-0.0024758975487202406,-0.002820683643221855,-0.2681254409253597,2.980413617566228,2.549757940769196,2.788772609550506,2.522936708927155,3.8664894282817843,2.8186978624016046,4.317873239517212,1452.227263154574,1452.227263154574,greedy,4.317873239517212,0.0,hard_fault_cluster
529,N5253,observe,-1.1201473474502563,6.36964339017868,2.3999999999999995,0.8887503731250763,4.1402682036161425,-1.1201473474502563,0.23586620390415192,4.9210192441940315,4.756954860687255,0.0023586620390415192,-0.039380431175231934,0.02943783439695835,0.02943783439695835,3.277509505748749,0.022792302072048187,0.11711283028125763,-0.00426667183637619,105698.9765625,42735.21484375,62963.76171875,106862.578125,43222.20703125,63640.3671875,-0.011008636094629765,-0.011395571753382683,-0.010745950974524021,-1.1008636094629765,2.544534245505929,5.167338533401489,2.3455562167800963,5.19506742477417,4.318298542499543,2.1768940526247023,6.36964339017868,1458.5969065447528,1458.5969065447528,greedy,6.36964339017868,0.0,hard_fault_cluster
530,N18461,observe,-0.28149500489234924,3.547628927230835,5.999999999999999,-1.5523710727691646,2.305958802700043,-0.28149500489234924,0.04569743573665619,-3.9714123225212097,-4.956459426879882,0.00045697435736656187,0.37815582752227783,0.004817890003323555,0.004817890003323555,-5.382484259605408,0.03355366736650467,0.1395101100206375,0.007074370980262756,106862.6171875,43222.3203125,63640.296875,105836.90625,42826.921875,63009.98046875,0.009598406963050365,0.009148014709353447,0.009904359467327595,0.9598406963050365,3.4058820623904467,3.874696965217591,3.367995568085462,4.299847478866577,2.8705909729003913,2.4958841323852545,3.547628927230835,1462.1445354719835,1462.1445354719835,greedy,3.547628927230835,0.0,hard_fault_cluster
531,N7131,observe,-0.41646242141723633,3.108028221130371,5.999999999999999,-1.9919717788696285,2.020218343734741,-0.41646242141723633,0.02496025711297989,-5.57157036781311,-5.999999999999999,0.00024960257112979886,0.37068891525268555,-0.0001938100904226303,-0.0001938100904226303,-5.632774600982666,0.031642064452171326,0.13417717814445496,0.001885823905467987,105837.3671875,42827.375,63009.9921875,105893.8359375,42928.55859375,62965.27734375,-0.0005335426540113986,-0.0023625914473086596,0.0007096468470990658,-0.053354265401139855,3.18897289223969,2.550220055580139,3.170398056972772,2.957515425682068,1.932112884521485,1.8858733749389653,3.108028221130371,1465.2525636931139,1465.2525636931139,greedy,3.108028221130371,0.0,hard_fault_cluster
532,N18471,observe,-0.9265854954719543,1.6906667090952396,0.9983541220426558,0.2548517217487096,1.0989333609119059,-0.9265854954719543,0.22127582132816315,1.7283503130078315,1.2052141744643448,0.0022127582132816315,-0.031799763441085815,0.02627580054104328,0.02627580054104328,-0.015698472708463695,0.027802642434835434,0.12158958613872528,-0.0033402368426322937,105893.53125,42928.2109375,62965.32421875,105981.046875,42900.6875,63080.359375,-0.0008264491916634142,0.000641150341834873,-0.0018269604770466685,-0.08264491916634142,3.02781586535275,1.480511522591114,2.842152148950845,1.4663663032650947,1.6041927345097065,1.0223261452000587,1.6906667090952396,1466.943230402209,1466.943230402209,greedy,1.6906667090952396,0.0,hard_fault_cluster
533,N15377,observe,-0.9061689376831055,4.313619777560234,3.019724434614181,0.6436253431439399,2.8038528554141524,-0.9061689376831055,0.22040705382823944,3.199933606684208,1.5922752618789673,0.0022040705382823946,-0.03777894377708435,0.02676115371286869,0.02676115371286869,0.9553832033276557,0.02684454247355461,0.1133825033903122,-0.002343907952308655,105981.015625,42900.45703125,63080.5546875,105625.109375,42791.4765625,62833.6328125,0.003358207643032074,0.0025403101462870836,0.003914389759302139,0.3358207643032074,2.9316224548965693,3.394698893018067,2.746246299240738,3.403088842816651,4.069024282693864,2.7791653612256058,4.313619777560234,1471.2568501797693,1471.2568501797693,greedy,4.313619777560234,0.0,hard_fault_cluster
534,N4552,observe,-0.36266449093818665,2.8667988777160653,4.41901615858078,-1.8639590263366697,1.8634192705154424,-0.36266449093818665,0.02474319189786911,-5.587058773040772,-4.38655207157135,0.0002474319189786911,0.36994731426239014,0.0059232767671346664,0.0059232767671346664,-5.811800365447998,0.031888995319604874,0.13481318950653076,0.0030280575156211853,105624.21875,42790.6640625,62833.5546875,105424.5390625,42679.6484375,62744.890625,0.0018904726020991802,0.002594389021396637,0.001411094213835895,0.18904726020991802,3.219566000625491,2.3051598119735717,3.1965661491267383,2.595656352043152,1.1654029846191412,1.0676443808525804,2.8667988777160653,1474.1236490574854,1474.1236490574854,greedy,2.8667988777160653,0.0,hard_fault_cluster
535,N1270,observe,-0.35685810446739197,2.584762609004975,3.9568487107753754,-1.974274909496307,1.6800956958532338,-0.35685810446739197,0.020039178431034088,-5.6309508949518206,-4.273191489279269,0.0002003917843103409,0.3693675100803375,0.001608649268746376,0.001608649268746376,-5.6836721956729885,0.030697636306285858,0.13129183650016785,0.0012836568057537079,105425.203125,42680.53515625,62744.66796875,105057.8125,42538.08984375,62519.7265625,0.0034848463255912066,0.0033374771010130644,0.0035850282292813063,0.34848463255912066,3.0914114583283663,2.277421681880951,3.075175587553531,2.596703259944916,1.7483297824859625,1.353423583991826,2.584762609004975,1476.7084116664903,1476.7084116664903,greedy,2.584762609004975,0.0,hard_fault_cluster
536,N2096,observe,-0.9047366380691528,1.6367306560277939,0.9505527138710022,0.33774165242910387,1.063874926418066,-0.9047366380691528,0.21802599728107452,1.7357217833399772,1.3336393892765046,0.002180259972810745,-0.03258886933326721,0.026132183149456978,0.026132183149456978,0.9404469409584999,0.026908360421657562,0.11733675003051758,-0.0035866573452949524,105057.859375,42538.0390625,62519.8203125,105237.6640625,42561.5703125,62676.09375,-0.0017114825313910842,-0.0005531813367269933,-0.0024995822459459305,-0.17114825313910842,2.9349942225962877,1.3374862331151962,2.751875587273389,1.3148005384206771,1.3400751307606695,0.9804582408023996,1.6367306560277939,1478.345142322518,1478.345142322518,greedy,1.6367306560277939,0.0,hard_fault_cluster
537,N7011,observe,-0.9221344590187073,2.9860488336533306,3.729972243309021,0.44975777674466366,1.940931741874665,-0.9221344590187073,0.21796070039272308,2.4879250030964615,1.6406211495399474,0.002179607003927231,-0.0307866632938385,0.02640034444630146,0.02640034444630146,0.7996217423677444,0.027070939540863037,0.11990205943584442,-0.003743588924407959,105237.796875,42561.7109375,62676.0859375,105219.7421875,42526.4765625,62693.265625,0.00017156086687464267,0.0008278421009890735,-0.00027410275652073324,0.017156086687464267,2.9514549989253283,2.362117046415806,2.76818421529606,2.3376185002923013,2.5239182949066166,2.9080178695917134,2.9860488336533306,1481.3311911561714,1481.3311911561714,greedy,2.9860488336533306,0.0,hard_fault_cluster
538,N5292,observe,-1.0058166980743408,4.10279294103384,3.2901083350181577,0.24353687301278112,2.666815411671996,-1.0058166980743408,0.21838100254535675,2.6579259440302847,1.7538585497066377,0.0021838100254535676,-0.02492627501487732,0.021905267611145973,0.021905267611145973,-5.3305719387531285,0.02589048072695732,0.12264515459537506,-0.005072206258773804,105219.4609375,42526.1015625,62693.359375,105667.671875,42726.734375,62940.9375,-0.004259772133082151,-0.004717874340713024,-0.0039490326307713985,-0.42597721330821514,2.829334342852235,2.079464547634125,2.649119640234858,2.074852435588837,2.861150461435318,1.9619551285216583,4.10279294103384,1485.4339840972052,1485.4339840972052,greedy,4.10279294103384,0.0,hard_fault_cluster
539,N2097,observe,-1.1149283647537231,5.92350564301014,3.177067923545837,0.5764539501070977,3.850278667956591,-1.1149283647537231,0.22754205763339996,3.8309175640344617,3.4099440574645996,0.002275420576334,-0.034175485372543335,0.02719714678823948,0.02719714678823948,1.6405028057098388,0.023670505732297897,0.11210572719573975,-0.002552606165409088,105667.8203125,42726.96875,62940.8515625,106759.046875,43188.45703125,63570.5859375,-0.010326952673494816,-0.010800866410136223,-0.01000517699867487,-1.0326952673494816,2.621789777651429,6.150163751840592,2.4307353743351996,6.356718307733535,3.963595771789551,2.2891449517011644,5.92350564301014,1491.3574897402154,1491.3574897402154,greedy,5.92350564301014,0.0,hard_fault_cluster
540,N2098,observe,-1.153571605682373,2.0556458830833435,-0.5993026256561278,0.4183593499660491,1.3361698240041733,-1.153571605682373,0.23011688888072968,1.8327403336763382,2.8920273303985593,0.0023011688888072966,-0.042440265417099,0.02963845618069172,0.02963845618069172,1.8388562044501304,0.02251669019460678,0.10537068545818329,-0.0014095902442932129,106759.046875,43188.4609375,63570.58984375,107680.71875,43631.9140625,64048.80859375,-0.008633197285234928,-0.010267861187458038,-0.0075226412154734135,-0.8633197285234928,2.5114243645220995,1.735356513261795,2.3166078557260334,1.7238339579105377,1.2655591756105424,0.19261346414685243,2.0556458830833435,1493.4131356232988,1493.4131356232988,greedy,2.0556458830833435,0.0,hard_fault_cluster
541,N4479,observe,-1.1354730129241943,1.4903182059526443,-1.0183991670608519,0.3788620361685752,0.9687068338692189,-1.1354730129241943,0.23085902631282806,1.4948764488101003,2.679074192047119,0.0023085902631282806,-0.04872122406959534,0.03202007710933685,0.03202007710933685,1.79329578563571,0.02252206951379776,0.10029837489128113,-0.0002484843134880066,107680.375,43631.6796875,64048.6953125,108344.828125,43947.90625,64396.91796875,-0.0061706057749688625,-0.0072476365603506565,-0.005436842329800129,-0.6170605774968863,2.515086054801941,1.1860669527947902,2.3179267272353172,1.161024001687765,0.9204374805092812,-0.031715637668967456,1.4903182059526443,1494.9034538292515,1494.9034538292515,greedy,1.4903182059526443,0.0,hard_fault_cluster
542,N18469,observe,-1.0034360885620117,1.0817580066621304,0.8964022666215896,-0.09849828258156773,0.7031427043303848,-1.0034360885620117,0.22284026443958282,0.8750179249793291,0.4787467002868652,0.0022284026443958284,-0.03294092416763306,0.023068787530064583,0.023068787530064583,-1.674716220572591,0.02688506618142128,0.10978856682777405,-0.0009399205446243286,108345.0859375,43948.1953125,64396.890625,108316.328125,43922.54296875,64393.78125,0.0002654279232956469,0.0005836950149387121,4.8284553486155346e-05,0.02654279232956469,2.9344156701117754,1.183089415282011,2.74998388113454,1.1927358190715311,1.2614471178501845,0.674980503115803,1.0817580066621304,1495.9852118359136,1495.9852118359136,greedy,1.0817580066621304,0.0,hard_fault_cluster
543,N1266,observe,-0.8854005336761475,3.4662978529930117,4.806754064559936,-0.18476065397262548,2.253093604445458,-0.8854005336761475,0.22089006006717682,1.9425967335700989,1.5208640933036803,0.002208900600671768,-0.042692631483078,0.02386905439198017,0.02386905439198017,-4.9496808385849,0.02810823544859886,0.10400158166885376,0.0008692778646945953,108316.2734375,43922.49609375,64393.77734375,107479.71875,43581.828125,63897.890625,0.007723259273916483,0.00775611586868763,0.007700848393142223,0.7723259273916483,3.055582659319043,2.9257879543304446,2.8720133234746754,2.995391492843628,4.134527587890625,4.147501664459705,3.4662978529930117,1499.4515096889065,1499.4515096889065,greedy,3.4662978529930117,0.0,hard_fault_cluster
544,N5286,observe,-0.9604920744895935,2.9125743210315704,2.9651079773902893,-0.4166536152362821,1.893173308670521,-0.9604920744895935,0.21807222068309784,1.7943720698356629,2.0510414004325863,0.0021807222068309785,-0.027803540229797363,0.02245728112757206,0.02245728112757206,-5.248720954656601,0.027618419378995895,0.11060139536857605,-0.0010168403387069702,107479.265625,43581.140625,63898.125,107574.484375,43607.25,63967.23828125,-0.0008859267109073699,-0.0005990980425849557,-0.0010816167341545224,-0.08859267109073699,3.0023714397102594,2.5713780331611638,2.821974313352257,2.624693696498871,3.0026318013668063,2.2192233294248584,2.9125743210315704,1502.364084009938,1502.364084009938,greedy,2.9125743210315704,0.0,hard_fault_cluster
545,N18593,observe,-1.0544602870941162,5.7708911240100855,5.999999999999999,0.46962378680706024,3.751079230606556,-1.0544602870941162,0.20181266963481903,3.690070739388466,3.8951669454574582,0.0020181266963481903,-0.024166911840438843,0.021729806438088417,0.021729806438088417,-0.281005204319954,0.03208240121603012,0.11563049256801605,0.0007367022335529327,108360.5703125,43825.1484375,64535.421875,108679.9765625,44160.05078125,64519.92578125,-0.002947624307125807,-0.007641784381121397,0.00024011764617171139,-0.2947624307125807,3.4317825976759195,3.96883616566658,3.264125740621239,3.975777078866958,4.38902203142643,4.95286432042718,5.7708911240100855,1508.1349751339483,1508.1349751339483,greedy,5.7708911240100855,0.0,hard_fault_cluster
546,N7570,observe,-1.0486661195755005,3.1848844796419145,4.117736792564392,0.25934286206960677,2.0701749117672446,-1.0486661195755005,0.20823781192302704,2.4048655197024345,3.357819533348083,0.0020823781192302704,-0.027127057313919067,0.019675539806485176,0.019675539806485176,-1.3389840742945673,0.030982207506895065,0.11673004925251007,-8.434802293777466e-05,108679.625,44159.921875,64519.70703125,108454.921875,44036.2890625,64418.6328125,0.0020675736013799906,0.0027996611315757036,0.0015665635000914335,0.20675736013799906,3.3261341024190187,2.238273256421089,3.1551990886218846,2.226494925618172,2.7573053672909738,3.8922484887391327,3.1848844796419145,1511.31985961359,1511.31985961359,greedy,3.1848844796419145,0.0,hard_fault_cluster
547,N18479,observe,-1.0966956615447998,2.2978973865509036,2.257524263858795,-0.038216245174407776,1.4936333012580874,-1.0966956615447998,0.21251995861530304,3.1901263356208807,3.290508896112442,0.0021251995861530306,-0.020266592502593994,0.0207370612770319,0.0207370612770319,-5.227244946956635,0.02863798290491104,0.12003085017204285,-0.0016128495335578918,108454.625,44035.98046875,64418.64453125,108559.625,44082.984375,64476.640625,-0.0009681468363851309,-0.0010673977667465806,-0.0009002998122014105,-0.09681468363851309,3.097055310383439,2.019786593914032,2.922112545464188,1.9973169779777527,3.1116656363010406,2.561386902481318,2.2978973865509036,1513.617757000141,1513.617757000141,greedy,2.2978973865509036,0.0,hard_fault_cluster
548,N5285,observe,-1.0072190761566162,1.3531845219433307,1.32959965467453,0.16528134517371654,0.879569939263165,-1.0072190761566162,0.17895852029323578,1.3564175821840763,0.4818014740943908,0.0017895852029323578,0.022496730089187622,0.0416254922747612,0.0416254922747612,0.6398624640703201,0.02523725852370262,0.11384731531143188,-0.0008284524083137512,108557.828125,44080.58203125,64477.25,108791.34375,44179.12109375,64612.2265625,-0.0021510713268071413,-0.002235430059954524,-0.002093398245051503,-0.21510713268071413,2.744309864938259,1.4117247611284256,2.5788718555122614,1.3291378289461135,1.1703709810972214,0.21122565045952812,1.3531845219433307,1514.9709415220843,1514.9709415220843,greedy,1.3531845219433307,0.0,hard_fault_cluster
549,N7525,observe,-0.764896035194397,1.4647847682237627,2.3694664299488064,0.6512612968683243,0.9521100993454458,-0.764896035194397,0.14493773877620697,2.9411205783486363,3.6438594579696653,0.0014493773877620698,0.1365182101726532,0.06202453374862671,0.06202453374862671,1.1180830582976342,0.015451423823833466,0.0986068993806839,0.009983208030462265,108793.390625,44181.8125,64611.578125,108437.015625,43981.75,64455.26953125,0.0032757045701146126,0.004528163932263851,0.0024192039854824543,0.32757045701146126,1.7521046549081802,6.024207188487053,1.596882950514555,6.024207188487053,2.7528398692607876,3.8893459150195113,1.4647847682237627,1516.4357262903081,1516.4357262903081,greedy,1.4647847682237627,0.0,hard_fault_cluster
550,N7564,observe,-0.7428292036056519,1.1208842949941755,2.360831218957901,0.3196968393400311,0.7285747917462141,-0.7428292036056519,0.13947924971580505,1.3789395775645972,2.57392041683197,0.0013947924971580506,0.1609739363193512,0.0658264309167862,0.0658264309167862,0.5120881149172782,0.013435672968626022,0.0957849770784378,0.01132642850279808,108437.03125,43981.7734375,64455.2578125,108154.4375,43807.1484375,64347.2890625,0.002606063149869442,0.003970394842326641,0.001675096107646823,0.2606063149869442,1.5488729774951935,2.064203321635723,1.39489371702075,1.605237877070904,1.328383430838585,2.9634492300450797,1.1208842949941755,1517.5566105853022,1517.5566105853022,greedy,1.1208842949941755,0.0,hard_fault_cluster
551,N18489,observe,-0.795889139175415,0.6369164820178411,0.7764717042446136,0.03515840410836973,0.41399571331159674,-0.795889139175415,0.12943030893802643,0.5448383490904235,0.7302387654781342,0.0012943030893802644,0.1918352246284485,0.06535665690898895,0.06535665690898895,0.05566302636638283,0.0071666911244392395,0.09393061697483063,0.014171265065670013,108154.4140625,43806.953125,64347.4609375,108370.796875,43897.3671875,64473.43359375,-0.0020006841514259577,-0.0020639202557504177,-0.001957694301381707,-0.20006841514259577,0.9114560782909393,-0.6516677112481557,0.7653658539056778,-0.6548041672608815,0.3567821577191353,0.5722047247737645,0.6369164820178411,1518.19352706732,1518.19352706732,greedy,0.6369164820178411,0.0,hard_fault_cluster
552,N5287,observe,-0.8248769044876099,0.6874446744215674,0.7115069091320038,0.048425540541065855,0.44683903837401884,-0.8248769044876099,0.1281924843788147,0.5979926528525539,0.6069072335958481,0.001281924843788147,0.19522950053215027,0.0644899234175682,0.0644899234175682,0.06787915153428911,0.005834102630615234,0.09344354271888733,0.013767644762992859,108370.109375,43896.6015625,64473.51171875,108689.2890625,44040.12109375,64649.16796875,-0.0029452741146087646,-0.003269490785896778,-0.002724471502006054,-0.29452741146087646,0.7760926708579063,-0.09050082500325515,0.6315808650106192,-0.2481474884902127,0.4196639023721218,0.43504588488489393,0.6874446744215674,1518.8809717417416,1518.8809717417416,greedy,0.6874446744215674,0.0,hard_fault_cluster
553,N7546,observe,-0.7297017574310303,1.7426169432699679,2.4112437963485718,0.8694115199148654,1.132701013125479,-0.7297017574310303,0.14170704782009125,3.177577881515026,3.460680532455444,0.0014170704782009126,0.18305376172065735,0.06676626950502396,0.06676626950502396,1.499224568605423,0.009190216660499573,0.09515000879764557,0.012899160385131836,108689.9296875,44041.0625,64648.8671875,108268.171875,43815.93359375,64452.2421875,0.0038803762290626764,0.005111795384436846,0.0030414299108088017,0.38803762290626764,1.1274949833750725,6.226293896436692,0.9711399953812361,6.226293896436692,3.0354825496673583,4.073063657283782,1.7426169432699679,1520.6235886850116,1520.6235886850116,greedy,1.7426169432699679,0.0,hard_fault_cluster
554,N5290,observe,-0.8109359741210938,0.6625472009181976,0.7183130383491516,0.04251051902770997,0.43065568059682846,-0.8109359741210938,0.13464249670505524,0.5636675298213958,0.4996283136308193,0.0013464249670505524,0.19444221258163452,0.0631687343120575,0.0631687343120575,0.06266627311706542,0.00565149262547493,0.09443916380405426,0.013482548296451569,108267.8125,43815.328125,64452.48828125,108648.96875,43987.4453125,64661.5234375,-0.0035204945597797632,-0.003928241319954395,-0.0032432442530989647,-0.3520494559779763,0.7629604935646057,-0.32121641844511034,0.6146020703017712,-0.4798653265833855,0.39251098334789275,0.37469370442442596,0.6625472009181976,1521.2861358859298,1521.2861358859298,greedy,0.6625472009181976,0.0,hard_fault_cluster
555,N5289,observe,-0.8392930030822754,1.0780004283136804,1.0175251960754395,0.06169903956280905,0.7007002784038923,-0.8392930030822754,0.13393853604793549,0.8266142176187714,0.671502573788166,0.001339385360479355,0.19659391045570374,0.062370963394641876,0.062370963394641876,0.10774031867040319,0.004706069827079773,0.0941816121339798,0.012725196778774261,108648.84375,43987.27734375,64661.5625,109074.0703125,44178.4140625,64895.65625,-0.003913769964128733,-0.004345272667706013,-0.003620292292907834,-0.39137699641287327,0.6669164821505547,0.05806565789709567,0.5196843575686216,0.054053961692552555,0.6266263749450445,0.5028264130823663,1.0780004283136804,1522.3641363142435,1522.3641363142435,greedy,1.0780004283136804,0.0,hard_fault_cluster
556,N7552,observe,-0.7501915097236633,1.8107925401628018,2.340179044008255,0.9363173590600491,1.1770151511058211,-0.7501915097236633,0.1584514081478119,4.085274860262871,4.372771501541138,0.001584514081478119,0.15400296449661255,0.05901870131492615,0.05901870131492615,0.5308737370371817,0.01151740550994873,0.09948186576366425,0.009721595793962479,109074.5703125,44179.1875,64895.3828125,108610.484375,43935.59375,64674.88671875,0.004254758358001709,0.005513767246156931,0.003397716209292412,0.4254758358001709,1.369210660457611,5.00721685051918,1.2061080783605576,6.067434421777725,3.6751243233680726,4.4552524715662,1.8107925401628018,1524.1749288544063,1524.1749288544063,greedy,1.8107925401628018,0.0,hard_fault_cluster
557,N18454,observe,-0.8220010995864868,1.2266360998153687,1.1288528263568878,0.07111550867557526,0.7973134648799897,-0.8220010995864868,0.1399805247783661,0.7220546126365661,0.31735169887542725,0.0013998052477836608,0.19548964500427246,0.061215803027153015,0.061215803027153015,0.3222253215312958,0.004933837801218033,0.09471988677978516,0.013135883957147598,108609.578125,43934.2421875,64675.3359375,109091.140625,44153.09375,64938.04296875,-0.004433886148035526,-0.004981343634426594,-0.004061935469508171,-0.4433886148035526,0.6945801079273224,-0.07315220192074776,0.5436828620731831,-0.22551611319184303,0.6574664160609245,0.425145947500132,1.2266360998153687,1525.4015649542216,1525.4015649542216,greedy,1.2266360998153687,0.0,hard_fault_cluster
558,N5288,observe,-0.8540998101234436,1.1324247781652959,1.7997815608978271,0.09151640980970113,0.7360761058074423,-0.8540998101234436,0.1391824185848236,0.8489595702616498,-1.1899779438972473,0.0013918241858482362,0.1968417465686798,0.06051293760538101,0.06051293760538101,0.15643440969754008,0.004154987633228302,0.09456893801689148,0.012040708214044571,109091.484375,44153.42578125,64938.0625,109589.4375,44371.6015625,65217.83984375,-0.004564546048641205,-0.00494131026789546,-0.0043083722703158855,-0.4564546048641205,0.6151941195130348,0.10597464902093634,0.46542260237038136,0.10185842768987641,0.7437602068530395,-0.15493337913299898,1.1324247781652959,1526.533989732387,1526.533989732387,greedy,1.1324247781652959,0.0,hard_fault_cluster
559,N1265,observe,-0.9906265735626221,1.7748900213837624,0.5493086338043213,1.0048180976510048,1.1536785138994456,-0.9906265735626221,0.24187438189983368,4.922243045270443,3.549811080098152,0.0024187438189983367,-0.02909696102142334,-0.0033436622470617294,-0.0033436622470617294,0.4195434007048606,0.02540520578622818,0.11747787892818451,-0.0036600157618522644,109589.7734375,44372.2109375,65217.5625,108806.9453125,44156.3984375,64650.546875,0.007143259048461914,0.004863685928285122,0.00869421660900116,0.7143259048461914,2.77905129827559,6.023243874311447,2.600153258536011,6.023243874311447,4.249649596214295,2.879790330603719,1.7748900213837624,1528.3088797537707,1528.3088797537707,greedy,1.7748900213837624,0.0,hard_fault_cluster
560,N1269,observe,-0.9650537371635437,2.165117368102074,2.5430492520332333,-0.48035114109516125,1.4073262892663483,-0.9650537371635437,0.23937587440013885,1.158819940686226,1.4969199776649473,0.0023937587440013884,-0.030352532863616943,0.00017942674458026886,0.00017942674458026886,-5.314561704397201,0.026247147470712662,0.1139536201953888,-0.0020087212324142456,108807.0234375,44156.4453125,64650.578125,108202.359375,43976.9921875,64225.37109375,0.005557215306907892,0.004064030013978481,0.006577002815902233,0.5557215306907892,2.8642700482159853,2.127698386907578,2.684603572357446,2.1998644006252293,2.654584711790085,2.197457330822945,2.165117368102074,1530.4739971218728,1530.4739971218728,greedy,2.165117368102074,0.0,hard_fault_cluster
561,N7519,observe,-0.7401200532913208,2.7259810090065,2.9040010452270506,0.34381300091743466,1.7718876558542251,-0.7401200532913208,0.2567399740219116,2.4146749511361123,3.333483028411865,0.002567399740219116,-0.011743605136871338,0.004202673211693764,0.004202673211693764,-0.2950729963183404,0.034512076526880264,0.13807421922683716,0.0003821179270744324,108202.625,43977.3828125,64225.24609375,107840.234375,43716.1015625,64124.1328125,0.003349185222759843,0.00594126433134079,0.0015743541298434138,0.3349185222759843,3.712150299921632,3.2185985177755354,3.5164433144964278,3.2479290097951887,2.6181364849209787,3.2205349832773207,2.7259810090065,1533.1999781308793,1533.1999781308793,greedy,2.7259810090065,0.0,hard_fault_cluster
562,N15441,observe,-0.9895360469818115,1.9635150283575056,1.4151230096817016,0.17160596162080763,1.2762847684323786,-0.9895360469818115,0.23860551416873932,1.7044732734560966,1.1718313097953796,0.0023860551416873934,-0.02416124939918518,0.009889507666230202,0.009889507666230202,-0.2068966516852379,0.02830154076218605,0.12078514695167542,-0.0009764581918716431,107840.515625,43715.78125,64124.73046875,107828.765625,43825.92578125,64002.8359375,0.00010895719606196508,-0.002519560046494007,0.0019008973613381386,0.010895719606196508,3.0786490980535746,1.8569582217931748,2.8922778316773474,1.8667468899488449,1.9419800445437432,1.2926074040401727,1.9635150283575056,1535.1634931592369,1535.1634931592369,greedy,1.9635150283575056,0.0,hard_fault_cluster
563,N4439,observe,-0.8591216206550598,1.7576277881860731,2.120091986656189,0.19688432306051243,1.1424580623209475,-0.8591216206550598,0.13863055408000946,-1.3126493334770204,-3.1319439530372617,0.0013863055408000946,0.19563353061676025,0.041553571820259094,0.041553571820259094,4.136911428868771,0.004872150719165802,0.09928442537784576,0.007707078009843826,107824.90625,43819.56640625,64005.3359375,109583.6875,44139.765625,65443.921875,-0.01631145551800728,-0.007307220250368118,-0.02247603051364422,-1.6311455518007278,0.6673991978168488,-1.9471301317214966,0.5322611033916473,-1.9893402338027955,-1.1081583857536315,-1.4642393410205838,1.7576277881860731,1536.9211209474229,1536.9211209474229,greedy,1.7576277881860731,0.0,hard_fault_cluster
564,N7534,observe,-0.7230470776557922,1.6084354946389794,1.8001662015914917,0.46763501856476064,1.0454830715153367,-0.7230470776557922,0.15550123155117035,1.544035663343966,0.633342432975769,0.0015550123155117035,0.1854376196861267,0.04765116423368454,0.04765116423368454,1.1437064802646637,0.009407877922058105,0.09639595448970795,0.01176770031452179,109587.7890625,44146.6328125,65441.15625,109347.453125,44307.4375,65040.01953125,0.002193090505897999,-0.003642513183876872,0.006129731424152851,0.21930905058979988,1.1439401879906654,6.148028121590615,0.9915758911520243,5.026563487648964,2.1896809756755826,2.037836353778839,1.6084354946389794,1538.529556442062,1538.529556442062,greedy,1.6084354946389794,0.0,hard_fault_cluster
565,N2100,observe,-0.8969529867172241,0.7248317092657092,0.5545585453510284,0.036007432937622236,0.471140611022711,-0.8969529867172241,0.23328612744808197,1.8829654648900036,1.5600330352783203,0.00233286127448082,-0.016158640384674072,-0.01171322725713253,-0.01171322725713253,-5.142811262905598,0.030541405081748962,0.12807714939117432,-0.002222113311290741,109347.28125,44307.078125,65040.19921875,108570.9375,44048.0,64522.9375,0.00709979934617877,0.005847330205142498,0.007952953688800335,0.709979934617877,3.2757134083658457,5.286756238937378,3.1095337332226336,5.286756238937378,2.9311999082565308,2.0023118127137423,0.7248317092657092,1539.2543881513277,1539.2543881513277,greedy,0.7248317092657092,0.0,hard_fault_cluster
566,N4468,observe,-0.8519828915596008,2.280260542035103,3.1226857185363768,-0.4136420935392378,1.4821693523228172,-0.8519828915596008,0.23896421492099762,1.3881702572107315,3.0688867688179013,0.0023896421492099764,-0.007812529802322388,-0.009454173967242241,-0.009454173967242241,-5.2712394762039185,0.030375685542821884,0.13410039246082306,-0.0029636695981025696,108570.28125,44045.296875,64524.98046875,108218.515625,43829.01953125,64389.5,0.003239980898797512,0.004910339135676622,0.0020996592938899994,0.3239980898797512,3.267078595235944,2.3381660282611847,3.0949460645206273,2.431363779306412,2.816168051958084,3.1117833615839476,2.280260542035103,1541.534648693363,1541.534648693363,greedy,2.280260542035103,0.0,hard_fault_cluster
567,N1263,observe,-0.9036657810211182,5.338535940647125,4.760033977031707,0.16697515845298777,3.4700483614206314,-0.9036657810211182,0.23367269337177277,3.2015330433845515,2.5425346851348873,0.0023367269337177276,-0.020833343267440796,-0.004007136449217796,-0.004007136449217796,-3.5214969921112065,0.02992331236600876,0.12464006245136261,-0.0015680491924285889,108218.8359375,43831.6640625,64387.171875,107604.0625,43690.87109375,63913.1875,0.00568083580583334,0.003212129231542349,0.0073614721186459064,0.568083580583334,3.221996793523431,6.130191116333008,3.0497476258315146,6.1675,5.2927381038665775,4.08543393611908,5.338535940647125,1546.87318463401,1546.87318463401,greedy,5.338535940647125,0.0,hard_fault_cluster
568,N14501,observe,-0.8664426803588867,1.5915440529584886,2.3964767694473266,-0.37580169737338986,1.0345036344230176,-0.8664426803588867,0.236245259642601,1.2762811124324802,3.042847454547882,0.0023624525964260103,-0.021973997354507446,-0.0006766822189092636,-0.0006766822189092636,-5.323307359814644,0.030850578099489212,0.1288156509399414,-0.001450948417186737,107603.9921875,43690.9296875,63913.0625,106809.9375,43308.39453125,63501.5390625,0.0073794168420135975,0.00875548180192709,0.006438800133764744,0.7379416842013597,3.320626387372613,1.8535492730140684,3.143949954304844,1.890201766490936,2.5811912059783935,2.944173688739538,1.5915440529584886,1548.4647286869683,1548.4647286869683,greedy,1.5915440529584886,0.0,hard_fault_cluster
569,N15060,observe,-0.915327250957489,1.6894482761621479,2.160924029350281,-0.3341922134160993,1.0981413795053963,-0.915327250957489,0.23074166476726532,1.4166796743869785,2.432604396343231,0.002307416647672653,-0.027972936630249023,0.004658261314034462,0.004658261314034462,-2.4519133704900744,0.02945653721690178,0.1218423992395401,-0.0007320046424865723,106810.515625,43308.28515625,63502.2265625,106437.5234375,43216.671875,63220.8515625,0.0034920924808830023,0.0021153753623366356,0.00443094689399004,0.34920924808830023,3.1810536477714777,2.1279734802246097,3.004503703210503,2.150184316635132,2.6941116034984587,2.5327673524618146,1.6894482761621479,1550.1541769631306,1550.1541769631306,greedy,1.6894482761621479,0.0,hard_fault_cluster
570,N15074,observe,-0.9061155319213867,1.5762921169400215,1.5981317877769468,0.21493668362498283,1.024589876011014,-0.9061155319213867,0.22620515525341034,1.5002570047974586,2.1819915771484375,0.0022620515525341033,-0.033257901668548584,0.00916631706058979,0.00916631706058979,-0.2555741035938264,0.029247291386127472,0.11781424283981323,-0.00026366859674453735,106437.5625,43216.6796875,63220.8828125,105930.0546875,43024.1328125,62905.921875,0.0047681271098554134,0.004455383401364088,0.004981913138180971,0.47681271098554134,3.1601006109267473,1.4288605058193207,2.9835720066912472,1.4266343796253205,1.6643043994903564,1.9501205132901667,1.5762921169400215,1551.7304690800706,1551.7304690800706,greedy,1.5762921169400215,0.0,hard_fault_cluster
571,N18386,observe,-0.8388867974281311,1.5625813499093058,1.7799571633338926,0.22608113929629325,1.0156778774410489,-0.8388867974281311,0.2216661423444748,1.4192565992474555,1.1496701061725616,0.002216661423444748,-0.03477159142494202,0.013949805870652199,0.013949805870652199,-0.18647094607353215,0.031573571264743805,0.11913152039051056,0.0005726180970668793,105928.421875,43023.0390625,62905.38671875,105333.6171875,42751.7421875,62581.875,0.00561515660956502,0.00630585104227066,0.005142830312252045,0.561515660956502,3.3929730746895075,1.6566483199596405,3.2162611135281622,1.6642605364322662,1.620644399523735,1.73327811896801,1.5625813499093058,1553.29305042998,1553.29305042998,greedy,1.5625813499093058,0.0,hard_fault_cluster
572,N2101,observe,-1.1487962007522583,1.0630327808856963,-0.2802608758211136,0.8221205520629881,0.6909713075757026,-1.1487962007522583,0.22032709419727325,1.9083385885506867,1.7920788526535034,0.0022032709419727327,-0.04417923092842102,0.02620393969118595,0.02620393969118595,5.111955200359225,0.02385401725769043,0.10830622911453247,-0.001985512673854828,105334.6875,42752.84375,62581.84375,106612.609375,43253.4140625,63359.19921875,-0.012132014147937298,-0.011708468198776245,-0.012421421706676483,-1.2132014147937298,2.631932759657502,0.6628374314308165,2.4470344842411578,0.6172898268699645,0.16175650209188455,0.07999594785273069,1.0630327808856963,1554.3560832108658,1554.3560832108658,greedy,1.0630327808856963,0.0,hard_fault_cluster
573,N4464,observe,-1.0282717943191528,0.7819124847650528,2.4836949706077576,-0.048288550972938465,0.5082431150972844,-1.0282717943191528,0.2138490229845047,0.7039856359362603,0.5770715154707432,0.002138490229845047,-0.040515363216400146,0.020095402374863625,0.020095402374863625,-1.0703235194087029,0.02699955925345421,0.11487175524234772,-0.00227249413728714,106610.90625,43250.47265625,63360.4375,106362.9375,43069.140625,63293.796875,0.0023259229492396116,0.004192602355033159,0.0010517702903598547,0.23259229492396116,2.933900350704789,0.9185392457246782,2.758442031685263,0.926854415535927,1.02287250906229,2.017830077316612,0.7819124847650528,1555.137995695631,1555.137995695631,greedy,0.7819124847650528,0.0,hard_fault_cluster
574,N15051,observe,-0.609518826007843,2.542185688018799,4.838218402862548,-1.1470795154571531,1.6524206972122195,-0.609518826007843,0.11318115890026093,-2.154693731069565,-3.495075511932373,0.0011318115890026092,0.23249757289886475,-0.01944534294307232,-0.01944534294307232,-5.395539000034332,0.03166094422340393,0.12915141880512238,0.0019386112689971924,106364.421875,43071.921875,63292.5,105689.734375,42827.11328125,62862.62109375,0.006343169137835503,0.005683716386556625,0.00679194089025259,0.6343169137835503,3.2598302382975817,2.5967740345001222,3.18952837632969,2.8665413904190067,2.659049308300018,2.358382050395012,2.542185688018799,1557.6801813836498,1557.6801813836498,greedy,2.542185688018799,0.0,hard_fault_cluster
575,N18480,observe,-1.0362428426742554,0.9945473223924638,0.519581526517868,0.0933671173453331,0.6464557595551015,-1.0362428426742554,0.21297408640384674,1.0534017756581306,0.8270877327304333,0.0021297408640384673,-0.031514495611190796,0.02352929301559925,0.02352929301559925,-0.521040875017643,0.026716601103544235,0.11838462948799133,-0.0027283132076263428,105689.171875,42827.03125,62862.140625,105959.96875,42882.12890625,63077.84375,-0.002562200650572777,-0.0012865158496424556,-0.003431367687880993,-0.2562200650572777,2.9081634897738695,1.0878285509347916,2.730785955209285,1.0867838841676711,0.9980744794011116,0.5606406530400273,0.9945473223924638,1558.6747287060423,1558.6747287060423,greedy,0.9945473223924638,0.0,hard_fault_cluster
576,N15070,observe,-0.9063937664031982,4.212867653369903,4.64299931526184,0.5324579393863678,2.7383639746904374,-0.9063937664031982,0.21874962747097015,2.905528783202171,3.2379556417465207,0.0021874962747097017,-0.038755834102630615,0.023670749738812447,0.023670749738812447,0.3550537741184234,0.02816692367196083,0.11270029842853546,-0.00022746622562408447,105960.3125,42882.015625,63078.296875,105312.53125,42650.12109375,62662.40625,0.006113432813435793,0.005407733842730522,0.0065932441502809525,0.6113432813435793,3.0591127444058657,3.1662316513061524,2.8772974614985287,3.1609839630126952,3.9875032663345342,4.691877123117447,4.212867653369903,1562.887596359412,1562.887596359412,greedy,4.212867653369903,0.0,hard_fault_cluster
577,N15071,observe,-0.6866706013679504,3.5101473808288572,5.999999999999999,-1.5898526191711422,2.281595797538757,-0.6866706013679504,0.07488632202148438,-3.606032364368439,-4.585507011413574,0.0007488632202148438,0.24796071648597717,-0.01728653721511364,-0.01728653721511364,-5.467886023521423,0.03810010105371475,0.1271459460258484,0.004434745758771896,106223.34375,42905.27734375,63318.06640625,106568.9296875,43368.71875,63200.2109375,-0.003253389848396182,-0.01080150157213211,0.0018613245338201523,-0.3253389848396182,3.867609890177846,4.047972030639649,3.824410051573068,4.574315423965455,2.4292021751403814,2.208981413841248,3.5101473808288572,1566.397743740241,1566.397743740241,greedy,3.5101473808288572,0.0,hard_fault_cluster
578,N15058,observe,-0.42648735642433167,1.3602644562721247,4.57940456867218,-2.014726805686951,0.8841718965768811,-0.42648735642433167,0.013627119362354279,-5.327818143367767,-5.5268419742584225,0.00013627119362354277,0.3614759147167206,0.00808797962963581,0.00808797962963581,-5.932247593402862,0.03513782471418381,0.13418099284172058,0.006031446158885956,106568.859375,43369.0078125,63199.84765625,106039.390625,43150.3046875,62889.0859375,0.004968325141817331,0.005042843520641327,0.004917127545922995,0.49683251418173313,3.535497570410371,1.495767438411713,3.5192112461663783,1.8782128930091857,0.6575569391250612,1.05741201043129,1.3602644562721247,1567.758008196513,1567.758008196513,greedy,1.3602644562721247,0.0,hard_fault_cluster
579,N15073,observe,-0.38731709122657776,1.5026255667209627,4.785641765594482,-2.122796577215195,0.9767066183686258,-0.38731709122657776,0.014322713017463684,-5.601619461476803,-5.706866455078124,0.00014322713017463683,0.36819756031036377,0.004110405221581459,0.004110405221581459,-5.9734999698400495,0.034263938665390015,0.13363513350486755,0.0039141252636909485,106039.25,43150.0859375,62889.1640625,105582.21875,42939.3046875,62642.9140625,0.00431001977995038,0.004884839523583651,0.003915619105100632,0.43100197799503803,3.4448269847780466,1.1125477612018586,3.4310021460987628,1.3540552556514742,0.48457548618316665,0.9449740660190585,1.5026255667209627,1569.260633763234,1569.260633763234,greedy,1.5026255667209627,0.0,hard_fault_cluster
580,N15069,observe,-0.4124671518802643,1.7088454346365325,2.735001456737518,0.4014405660186821,1.1107495325137462,-0.4124671518802643,0.011160239577293396,2.017872030586659,-0.5381264090538025,0.00011160239577293396,0.3713337779045105,0.0070883724838495255,0.0070883724838495255,2.1120693269371986,0.03383722901344299,0.1330341249704361,0.0028087422251701355,105581.984375,42939.1484375,62642.83984375,105448.171875,42887.265625,62560.91015625,0.0012673800811171532,0.00120828696526587,0.0013078858610242605,0.12673800811171532,3.4019715134054422,1.4126123544573783,3.388285054359585,2.16738086104393,1.8369216978549956,1.8239991036057472,1.7088454346365325,1570.9694791978704,1570.9694791978704,greedy,1.7088454346365325,0.0,hard_fault_cluster
581,N15066,observe,-0.41435131430625916,1.456219656020403,2.6707769393920895,0.27919336073100565,0.946542776413262,-0.41435131430625916,0.009907744824886322,1.3174747686833144,-1.13651385307312,9.907744824886323e-05,0.3733674883842468,0.009239675477147102,0.009239675477147102,1.3767170417308807,0.03350372239947319,0.1338272988796234,0.002510499209165573,105447.84375,42887.0234375,62560.8203125,105376.9140625,42863.5234375,62513.390625,0.0006726518622599542,0.0005479513201862574,0.000758137262891978,0.06726518622599542,3.3695196602493525,1.5212014281749726,3.3551590950228274,2.7117195558547973,1.6397997677326204,1.6958698490262036,1.456219656020403,1572.425698853891,1572.425698853891,greedy,1.456219656020403,0.0,hard_fault_cluster
582,N15052,observe,-0.41630348563194275,1.6949771463871002,2.911669051647186,0.24156530857086184,1.101735145151615,-0.41630348563194275,0.009085118770599365,2.9958542436361313,0.7388740301132204,9.085118770599365e-05,0.37469711899757385,0.010691160336136818,0.009085118770599365,4.1904687079787255,0.03333653509616852,0.13429057598114014,0.0024005621671676636,105376.703125,42863.4296875,62513.2734375,105331.921875,42851.2421875,62480.6796875,0.0004249634803272784,0.00028433327679522336,0.000521389243658632,0.04249634803272784,3.353429788723588,1.9185467559099196,3.338597579393536,3.0894155102968215,2.7526114344596864,2.4191974323987964,1.6949771463871002,1574.120676000278,1574.120676000278,greedy,1.6949771463871002,0.0,hard_fault_cluster
583,N15063,observe,-0.38962361216545105,1.731297814846039,3.0264467954635617,0.1694286942481995,1.1253435796499254,-0.38962361216545105,0.00981535017490387,2.9333460092544557,0.7554032802581787,9.81535017490387e-05,0.37733837962150574,0.004574345424771309,0.004574345424771309,4.065476425886154,0.03183973208069801,0.1327727884054184,0.001887977123260498,105332.0703125,42851.4140625,62480.65625,105044.78125,42712.46875,62332.31640625,0.0027274605818092823,0.0032424908131361008,0.0023741722106933594,0.27274605818092823,3.1983629036694765,1.6160840004682542,3.18757063196972,2.519609174132347,2.803194355964661,2.4520763313770297,1.731297814846039,1575.8519738151242,1575.8519738151242,greedy,1.731297814846039,0.0,hard_fault_cluster
584,N15067,observe,-0.3900087773799896,1.6747919529676438,3.0833631515502926,0.0814956882596017,1.0886147694289685,-0.3900087773799896,0.008904360234737396,3.348294521868229,1.3794616222381593,8.904360234737396e-05,0.37876394391059875,0.008105302229523659,0.008105302229523659,5.033979854732752,0.03197174891829491,0.1330466866493225,0.0015515238046646118,105044.5078125,42712.46875,62332.0390625,104936.921875,42661.64453125,62275.28125,0.0010241938289254904,0.0011899152304977179,0.0009105720673687756,0.10241938289254904,3.2141845542937517,1.7164705093204975,3.201427307445556,2.3476518090069294,2.9592190846800803,2.5534924050420527,1.6747919529676438,1577.5267657680918,1577.5267657680918,greedy,1.6747919529676438,0.0,hard_fault_cluster
585,N13045,control0,-0.7912649512290955,0.8377794640022329,-0.6614131391048431,0.18498439398710614,0.5445566516014514,-0.7912649512290955,-0.08938628435134888,0.8226256604131776,2.273716366291046,-0.0008938628435134888,-0.03027653694152832,0.12087684869766235,-0.08938628435134888,0.8348581375303911,0.026877690106630325,0.05659079551696777,0.0037078335881233215,104937.03125,42662.265625,62274.76953125,104949.015625,42577.0078125,62372.01171875,-0.00011420539522077888,0.0019984361715614796,-0.0015615021111443639,-0.011420539522077888,2.719259575009346,0.17921193145273717,2.695641651749611,0.18019279806001576,0.6945786324038635,0.472197576597973,0.8377794640022329,1578.364545232094,1578.364545232094,greedy,0.8377794640022329,0.0,hard_fault_cluster
586,N13047,control0,-1.0019862651824951,0.7408007698715664,-1.4003136575222013,0.17882714780396777,0.48152050041651817,-1.0019862651824951,-0.11847168207168579,0.7955022472830023,2.2737684369087217,-0.001184716820716858,-0.027093321084976196,0.14034412801265717,-0.11847168207168579,0.8180031618796056,0.02158554643392563,0.04870966821908951,0.0019645877182483673,104948.9921875,42576.99609375,62371.99609375,104877.390625,42547.3828125,62330.00390625,0.0006822510622441769,0.0006955230492167175,0.0006732538458891213,0.06822510622441769,2.1804270893335342,0.16604584760672877,2.1640227548778057,0.16627077073964755,0.6364523610624019,0.05400222369149538,0.7408007698715664,1579.1053460019657,1579.1053460019657,greedy,0.7408007698715664,0.0,hard_fault_cluster
587,N4466,observe,-0.7493509650230408,1.6381517648696902,3.2276503324508665,-0.09542363882064797,1.0647986471652986,-0.7493509650230408,0.12033061683177948,3.813777124881745,2.3999999999999995,0.0012033061683177947,0.18671783804893494,0.03852125257253647,0.03852125257253647,5.83239941239357,0.007325243204832077,0.08964438736438751,0.0012098848819732666,104875.3671875,42544.1640625,62331.203125,106567.515625,42689.640625,63877.875,-0.016134850680828094,-0.0034194246400147676,-0.024813765659928322,-1.6134850680828094,0.8913761898875237,-0.5164719802141191,0.7722372878342867,-1.0589302760362627,2.2331661641597744,1.0315580067038537,1.6381517648696902,1580.7434977668354,1580.7434977668354,greedy,1.6381517648696902,0.0,hard_fault_cluster
588,N15061,observe,-0.5863571166992188,6.456201010942459,5.241059064865112,1.5944405025243757,4.196530657112598,-0.5863571166992188,0.12852974236011505,4.757283765077591,3.753068900108337,0.0012852974236011506,0.16624608635902405,0.05950339138507843,0.05950339138507843,7.123678792119026,0.013871580362319946,0.08343681693077087,0.0025230050086975098,106568.5078125,42691.9375,63876.5703125,105929.9453125,42881.6875,63048.2578125,0.005992037709802389,-0.004444633144885302,0.01296739187091589,0.5992037709802389,1.575191169977188,7.626527786254883,1.434166319668293,7.626527786254883,5.1802237153053285,5.4671454149484635,6.456201010942459,1587.199698777778,1587.199698777778,greedy,6.456201010942459,0.0,hard_fault_cluster
589,N18518,control0,-0.622789204120636,1.433087350577116,2.421261215209961,0.5455713288486004,0.9315067778751255,-0.622789204120636,0.12500911951065063,1.4593802233040334,2.3290050148963926,0.0012500911951065063,0.1838189959526062,0.05896957963705063,0.05896957963705063,1.3382805949449539,0.011595241725444794,0.08807171881198883,0.0021091289818286896,105929.046875,42881.515625,63047.53515625,105903.109375,42871.4609375,63031.6484375,0.00024485730682499707,0.00023447602870874107,0.00025198000366799533,0.024485730682499707,1.3435028716921806,3.086109582185745,1.2055188473314047,3.679064027070999,1.955442464351654,3.371037601828575,1.433087350577116,1588.632786128355,1588.632786128355,greedy,1.433087350577116,0.0,hard_fault_cluster
590,N18580,control0,-0.8712376356124878,1.0891056282073257,1.9764197170734403,0.8370774609595536,0.7079186583347618,-0.8712376356124878,0.08778999745845795,1.3376894287765024,2.097374776005745,0.0008778999745845795,0.17430183291435242,0.06648506969213486,0.06648506969213486,4.330078052505851,0.007393144071102142,0.08205071091651917,-0.0034779831767082214,105903.1875,42871.58203125,63031.609375,105810.5234375,42629.23828125,63181.28515625,0.0008749884436838329,0.0056527829729020596,-0.0023746145889163017,0.08749884436838329,0.893589474260807,1.7483355224132537,0.7778831738978624,1.9999905049800872,1.1119842022657394,2.82278973147273,1.0891056282073257,1589.7218917565624,1589.7218917565624,greedy,1.0891056282073257,0.0,hard_fault_cluster
591,N13055,control0,-0.9828829765319824,0.6740501610934734,1.9846277236938474,0.41029627010226244,0.4381326047107577,-0.9828829765319824,0.07675443589687347,0.7129868856072425,2.006553500890732,0.0007675443589687347,0.16942769289016724,0.07404128462076187,0.07404128462076187,1.2638573594391345,0.0064338333904743195,0.081194669008255,-0.007308758795261383,105811.046875,42629.83203125,63181.21875,106200.78125,42685.12890625,63515.65625,-0.00368330511264503,-0.001297140377573669,-0.0052933054976165295,-0.368330511264503,0.7941790595650673,0.8803345850110054,0.6810822691768408,0.9277372765541076,0.4086031407117844,1.8405920414626598,0.6740501610934734,1590.3959419176558,1590.3959419176558,greedy,0.6740501610934734,0.0,hard_fault_cluster
592,N2091,observe,-0.8533540368080139,0.585461042355746,1.3955575823783875,-0.05725116329267621,0.3805496775312349,-0.8533540368080139,0.11289010941982269,0.3950166310183705,1.574315148591995,0.001128901094198227,0.18696624040603638,0.06679138541221619,0.06679138541221619,1.2061403001844884,0.006392054259777069,0.08886183798313141,-0.0007482767105102539,106200.3359375,42684.65625,63515.6796875,107297.0703125,43381.59375,63915.4765625,-0.010327032767236233,-0.016327587887644768,-0.006294459570199251,-1.0327032767236233,0.8188869208097458,0.7418445301055908,0.6841257996857166,0.7448975276947022,0.11941115558147435,1.2552777351438997,0.585461042355746,1590.9814029600116,1590.9814029600116,greedy,0.585461042355746,0.0,hard_fault_cluster
593,N14332,observe,-0.868064284324646,0.6814840692211874,1.2061608374118804,0.07037933444487861,0.44296464499377186,-0.868064284324646,0.1189744770526886,0.7005956354667433,1.757205533981323,0.001189744770526886,0.19347018003463745,0.06405066698789597,0.06405066698789597,0.6938736118376255,0.004588529467582703,0.0904437005519867,0.0020273253321647644,107297.140625,43381.828125,63915.3125,107931.5859375,43687.390625,64244.1953125,-0.005912974942475557,-0.007043559569865465,-0.005145602859556675,-0.5912974942475557,0.6418780907988548,0.7396061933040619,0.5046092327684164,0.7435422277450562,0.44918434917926786,1.396564884930849,0.6814840692211874,1591.6628870292327,1591.6628870292327,greedy,0.6814840692211874,0.0,hard_fault_cluster
594,N7506,observe,-0.7178630828857422,6.475082801282406,5.999999999999999,0.9625579608976841,4.208803820833564,-0.7178630828857422,0.13424690067768097,4.281980993896722,3.7821541786193844,0.0013424690067768098,0.17323926091194153,0.07405941933393478,0.07405941933393478,6.832786651849746,0.012354698032140732,0.08927719295024872,0.0015902817249298096,107931.71875,43687.5,64244.21875,107184.671875,43444.68359375,63739.984375,0.006921476684510708,0.005558029282838106,0.007848711684346199,0.6921476684510708,1.443776123225689,7.697908997535706,1.2875463832169771,7.697908997535706,5.662607336044312,5.780694768428802,6.475082801282406,1598.1379698305152,1598.1379698305152,greedy,6.475082801282406,0.0,hard_fault_cluster
595,N18473,observe,-0.8155066967010498,1.1000179249458597,0.9967279732227324,0.09478891143095099,0.7150116512148088,-0.8155066967010498,0.12393991649150848,0.7480151130948797,0.6456085085868835,0.0012393991649150848,0.19359484314918518,0.06447835266590118,0.06447835266590118,0.17564743523951618,0.007129412144422531,0.09205672144889832,0.0038086622953414917,107184.390625,43444.39453125,63739.99609375,107598.2109375,43613.375,63984.8359375,-0.0038608263712376356,-0.003889580490067601,-0.003841227851808071,-0.38608263712376356,0.9013594835996628,0.1505947277141968,0.7600457817316055,0.1426832933170954,0.7499904194381088,0.7009452696680092,1.1000179249458597,1599.237987755461,1599.237987755461,greedy,1.1000179249458597,0.0,hard_fault_cluster
596,N5283,observe,-0.8516228795051575,1.1108845149105036,1.0187329828739167,0.08369126620269525,0.7220749346918274,-0.8516228795051575,0.12312160432338715,0.8789688368266069,0.6768448054790497,0.0012312160432338714,0.1989280879497528,0.062187306582927704,0.062187306582927704,0.13591243448725435,0.00501110777258873,0.09234888851642609,0.005198284983634949,107598.03125,43613.08984375,63984.9453125,108100.28125,43822.39453125,64277.890625,-0.004667836241424084,-0.004799125250428915,-0.004578347317874432,-0.46678362414240837,0.6864196881651878,0.7081047502855654,0.5474380049854517,-0.44764332713930344,0.7049053549766541,0.5526171857118607,1.1108845149105036,1600.3488722703717,1600.3488722703717,greedy,1.1108845149105036,0.0,hard_fault_cluster
597,N7485,observe,-0.7257068157196045,5.3921095266938215,3.2692982614040376,1.1675682877004145,3.504871192350984,-0.7257068157196045,0.14324839413166046,5.76247024089098,3.4891706695314495,0.0014324839413166045,0.1610620617866516,0.06983859837055206,0.06983859837055206,2.3411362826824185,0.014630768448114395,0.09198363125324249,0.0024024508893489838,108100.5625,43822.87109375,64277.6953125,107364.203125,43587.08203125,63777.12109375,0.006811799481511116,0.005380502436310053,0.007787681650370359,0.6811799481511116,1.676163837313652,6.664796475172043,1.5163485929369926,6.664796475172043,5.222435313463211,3.4896738637597444,5.3921095266938215,1605.7409817970654,1605.7409817970654,greedy,5.3921095266938215,0.0,hard_fault_cluster
598,N5296,observe,-0.8164576292037964,1.6569678546860813,1.7440327763557433,0.06585245443508028,1.0770291055459529,-0.8164576292037964,0.12566383183002472,0.8016414510086178,-1.3251970767974852,0.0012566383183002473,0.19722965359687805,0.06331684440374374,0.06331684440374374,0.2969618597626686,0.00705178827047348,0.09313225746154785,0.0056353360414505005,107363.90625,43586.6015625,63777.3046875,107825.671875,43753.578125,64072.09375,-0.004300938919186592,-0.0038309148512780666,-0.004622162319719791,-0.4300938919186592,0.8941595032811165,0.11277670077979565,0.7524239961057901,-0.01759888939559459,0.8839402809739113,-0.37405006282031505,1.6569678546860813,1607.3979496517516,1607.3979496517516,greedy,1.6569678546860813,0.0,hard_fault_cluster
599,N5284,observe,-0.8523576259613037,1.7353529796004294,1.6699314832687375,0.13783031478524208,1.1279794367402791,-0.8523576259613037,0.12471258640289307,1.145454217493534,-1.03330020904541,0.0012471258640289306,0.20215409994125366,0.06141779571771622,0.06141779571771622,0.741313264966011,0.0049015432596206665,0.09321178495883942,0.0066489726305007935,107823.828125,43751.37890625,64072.4453125,108340.25,43950.5703125,64389.67578125,-0.004789496771991253,-0.004552803002297878,-0.004951121751219034,-0.4789496771991253,0.6762847080826759,-0.28307819396257394,0.536686921492219,-0.3585948351025581,1.007921150326729,-0.3518376968801018,1.7353529796004294,1609.133302631352,1609.133302631352,greedy,1.7353529796004294,0.0,hard_fault_cluster
600,N7491,observe,-0.7196323871612549,3.7733486771583555,2.500107383728027,0.7228466176986693,2.452676640152931,-0.7196323871612549,0.1390601396560669,3.0465602272748944,1.409989595413208,0.0013906013965606688,0.1795843243598938,0.07149157673120499,0.07149157673120499,1.6308426678180694,0.012697968631982803,0.09183688461780548,0.0044602639973163605,108342.3359375,43953.23046875,64389.10546875,107641.859375,43744.9609375,63896.89453125,0.006465400103479624,0.00473843514919281,0.007644320372492075,0.6465400103479624,1.4803485795855522,5.827642414569855,1.3224347922950983,6.062699625492096,3.6123328149318694,2.4302693577576426,3.7733486771583555,1612.9066513085104,1612.9066513085104,greedy,3.7733486771583555,0.0,hard_fault_cluster
601,N4478,observe,-0.8229811191558838,1.7099563889205456,1.749928319454193,0.08007575578987598,1.1114716527983546,-0.8229811191558838,0.12683342397212982,0.857484271004796,-1.2821045100688933,0.0012683342397212982,0.1994016468524933,0.06205405294895172,0.06205405294895172,0.7201801919192076,0.006944034248590469,0.09393452107906342,0.00624556839466095,107635.203125,43735.85546875,63899.34765625,108133.265625,43910.390625,64222.875,-0.004627319518476725,-0.003990665078163147,-0.005063077434897423,-0.46273195184767246,0.8832909017801285,0.11691901165992022,0.7416252940893173,0.06314022917300463,0.8817057427018882,-0.3993995862640438,1.7099563889205456,1614.616607697431,1614.616607697431,greedy,1.7099563889205456,0.0,hard_fault_cluster
602,N5302,observe,-0.8640637993812561,1.5816982343792914,1.5012688279151916,0.12876430913805959,1.0281038523465393,-0.8640637993812561,0.12549422681331635,1.0697460759431123,-1.0716007351875305,0.0012549422681331635,0.20416942238807678,0.06026072055101395,0.06026072055101395,0.7113309825211763,0.0046191103756427765,0.09362524747848511,0.007273495197296143,108139.203125,43918.71875,64220.484375,108672.4375,44110.0078125,64562.4296875,-0.004930999595671892,-0.00435552466660738,-0.005324551835656166,-0.4930999595671892,0.6476659849286079,0.06404420103877781,0.5083497744053602,0.024260618947446327,0.9163929183036089,-0.444530376475304,1.5816982343792914,1616.1983059318102,1616.1983059318102,greedy,1.5816982343792914,0.0,hard_fault_cluster
603,N7497,observe,-0.7176616787910461,3.4776685282588007,2.483362716436386,0.4955048020184039,2.2604845433682206,-0.7176616787910461,0.1413019448518753,2.2099662758409977,0.9621738538146019,0.0014130194485187531,0.1816723346710205,0.07073423266410828,0.07073423266410828,1.4059425365924834,0.012309812009334564,0.09213109314441681,0.005425266921520233,108672.921875,44110.71875,64562.203125,107996.21875,43919.453125,64076.76171875,0.006226970814168453,0.004336034879088402,0.007518972270190716,0.6226970814168453,1.44301737844944,2.3923849564790727,1.2839902453124523,2.37283320248127,2.86422929763794,1.9287726728897545,3.4776685282588007,1619.675974460069,1619.675974460069,greedy,3.4776685282588007,0.0,hard_fault_cluster
604,N18488,observe,-0.8335394263267517,1.5348317436873913,2.9841533541679377,0.06785186953842638,0.9976406333968044,-0.8335394263267517,0.12742926180362701,0.7944185800850391,-1.2853399395942686,0.0012742926180362702,0.20108607411384583,0.061057060956954956,0.061057060956954956,0.6891064368188381,0.006392829120159149,0.09396117925643921,0.007001608610153198,107996.0546875,43919.265625,64076.7890625,108536.2109375,44104.484375,64431.7265625,-0.005001629702746868,-0.004217255394905806,-0.005539252422749996,-0.5001629702746868,0.8277692347764969,-0.07504972085356712,0.6864044927060604,-0.13922379180788994,0.7539288297295571,0.07005373932421244,1.5348317436873913,1621.2108062037564,1621.2108062037564,greedy,1.5348317436873913,0.0,hard_fault_cluster
605,N7494,observe,-0.7147600054740906,2.8531673911213873,3.030107176303863,1.0958714249730108,1.8545588042289018,-0.7147600054740906,0.13996689021587372,4.5899645507335665,1.0451445579528809,0.0013996689021587372,0.1797386109828949,0.07081735879182816,0.07081735879182816,3.3090778213739394,0.013468019664287567,0.09275215864181519,0.004800345748662949,108536.296875,44104.65625,64431.640625,107871.21875,43892.1640625,63979.0546875,0.006127702537924051,0.00481790816411376,0.0070242807269096375,0.6127702537924051,1.5575862154364586,6.367553904056549,1.3994980286806822,5.7094895863533015,3.538286733627319,1.8798863768577576,2.8531673911213873,1624.0639735948778,1624.0639735948778,greedy,2.8531673911213873,0.0,hard_fault_cluster
606,N15059,observe,-0.9359738826751709,1.183107787370682,0.9854252278804778,0.16255914866924293,0.7690200617909433,-0.9359738826751709,0.2322588711977005,2.0085015177726744,1.668146488070488,0.002322588711977005,-0.03220239281654358,0.010480815544724464,0.010480815544724464,0.5996179404854773,0.026789113879203796,0.11084242165088654,-0.0005540773272514343,107871.4375,43891.7421875,63979.69921875,107274.0390625,43672.625,63601.4140625,0.005538059398531914,0.004992219153791666,0.005912580993026495,0.5538059398531914,2.9216510746628046,5.74307327017188,2.739596309605986,5.638011786788701,2.5530540704727174,1.8301432822179051,1.183107787370682,1625.2470813822486,1625.2470813822486,greedy,1.183107787370682,0.0,hard_fault_cluster
607,N7018,observe,-0.9618821144104004,1.7254909709095954,0.9670832157135009,0.385822946280241,1.121569131091237,-0.9618821144104004,0.22452379763126373,1.56923707857728,0.7137039750814438,0.0022452379763126373,-0.03331214189529419,0.013862641528248787,0.013862641528248787,2.5523299089074136,0.026963353157043457,0.10878214240074158,-1.3276934623718262e-05,107273.8984375,43672.9921875,63600.90625,106945.421875,43534.3828125,63411.03515625,0.0030620361212641,0.003173800650984049,0.002985351951792836,0.30620361212641,2.9347217548638582,1.7216319328546523,2.755931925494224,1.7142321354150771,1.5095474600791932,0.8933627102524042,1.7254909709095954,1626.972572353158,1626.972572353158,greedy,1.7254909709095954,0.0,hard_fault_cluster
608,N15078,observe,-0.9131717085838318,1.6670906219631434,1.0308333665132523,0.33963263388723136,1.0836089042760433,-0.9131717085838318,0.2235236018896103,1.5656896028667686,0.8363263928331434,0.002235236018896103,-0.03475472331047058,0.01521727629005909,0.01521727629005909,1.4428403282165527,0.028002213686704636,0.1088864654302597,0.0005856603384017944,106945.71875,43534.13671875,63411.58203125,106352.3203125,43262.29296875,63090.02734375,0.005548594519495964,0.006244381424039602,0.005070914048701525,0.5548594519495964,3.038962246850133,1.5486328655481338,2.859906588215381,1.5382968240976334,1.645952719449997,1.146570377580356,1.6670906219631434,1628.6396629751212,1628.6396629751212,greedy,1.6670906219631434,0.0,hard_fault_cluster
609,N15062,observe,-0.8983862996101379,3.4123403415083886,2.3199813663959503,0.5666033793985844,2.2180212219804525,-0.8983862996101379,0.20500339567661285,2.4674762637913226,1.173587942123413,0.0020500339567661287,-0.01098594069480896,0.018267961218953133,0.018267961218953133,1.9731653153896331,0.035406604409217834,0.11738182604312897,0.003896605223417282,107214.9296875,43463.6796875,63751.25,106971.734375,43615.3671875,63356.36328125,0.0022682971321046352,-0.0034899830352514982,0.006194179877638817,0.22682971321046352,3.7639317978173494,2.946653441786766,3.596478280145675,2.936773614287376,3.0799646198749544,2.1325870308279993,3.4123403415083886,1632.0520033166295,1632.0520033166295,greedy,3.4123403415083886,0.0,hard_fault_cluster
610,N15055,observe,-0.3784731328487396,1.6487525224685666,2.3918088018894195,-1.006873905658722,1.0716891396045682,-0.3784731328487396,0.014508582651615143,-3.595352132320404,-2.5562910079956054,0.00014508582651615143,0.3617312014102936,0.008026892319321632,0.008026892319321632,-1.5300362491607666,0.034711096435785294,0.13505882024765015,0.005957521498203278,106971.15625,43615.28125,63355.87890625,106466.25,43408.21875,63058.03125,0.004720022436231375,0.00474747596308589,0.00470118410885334,0.4720022436231375,3.493645118549466,1.6433644032478334,3.4767435123212636,1.9121879434585571,0.7423934698104859,0.7016647983621807,1.6487525224685666,1633.700755839098,1633.700755839098,greedy,1.6487525224685666,0.0,hard_fault_cluster
611,N15077,observe,-0.36431270837783813,1.0915114045143128,2.1020007908344267,-1.1622579097747803,0.7094824129343034,-0.36431270837783813,0.015470840036869049,-3.714463182091713,-2.068963646888733,0.0001547084003686905,0.36919909715652466,0.003949986770749092,0.003949986770749092,-2.30416237950325,0.03419706970453262,0.1345333606004715,0.0034797973930835724,106466.40625,43408.3203125,63058.08203125,105973.7890625,43176.5859375,62797.203125,0.004626973066478968,0.005338478367775679,0.004137120675295591,0.46269730664789677,3.4391277972608805,1.1865430068969727,3.424562177155167,1.4003550839424135,0.3511051177978518,0.6427543007489296,1.0915114045143128,1634.7922672436123,1634.7922672436123,greedy,1.0915114045143128,0.0,hard_fault_cluster
612,N15068,observe,-0.34853434562683105,1.1985354052204638,2.3581668972969054,0.40115412336774164,0.7790480133933014,-0.34853434562683105,0.01593242585659027,1.6347975517623128,2.6741784691810606,0.0001593242585659027,0.37511053681373596,0.0015117470175027847,0.0015117470175027847,1.3005461594462395,0.032707300037145615,0.13339512050151825,0.0024193674325942993,105973.640625,43176.4453125,62797.19921875,105522.6875,42957.05078125,62565.640625,0.004255332984030247,0.005081347655504942,0.0036874031648039818,0.4255332984030247,3.2881741765886545,1.1428068439662455,3.2750910469330847,1.145337537974119,1.651675795018673,2.678779587377794,1.1985354052204638,1635.9908026488326,1635.9908026488326,greedy,1.1985354052204638,0.0,hard_fault_cluster
613,N15054,observe,-0.3316996693611145,1.5477111454308032,2.4388163566589354,0.6351163502037525,1.0060122445300221,-0.3316996693611145,0.016060948371887207,2.4589597687125204,3.1754835009574887,0.00016060948371887207,0.38012775778770447,-0.0005663838237524033,-0.0005663838237524033,1.7988421523571012,0.03145134076476097,0.13227732479572296,0.0015577711164951324,105522.25,42956.71875,62565.52734375,105116.9140625,42757.29296875,62359.62109375,0.00384123669937253,0.004642481915652752,0.0032910495065152645,0.384123669937253,3.160628641024232,1.2570021793246269,3.149007717613131,1.2602682754397392,2.166707828640938,3.0177014508124556,1.5477111454308032,1637.5385137942635,1637.5385137942635,greedy,1.5477111454308032,0.0,hard_fault_cluster
614,N15076,observe,-0.3139542043209076,1.299373980909586,2.438753521442413,0.3868689502775669,0.8445930875912309,-0.3139542043209076,0.016058117151260376,1.2135645283758638,2.3237776339054106,0.00016058117151260376,0.38413238525390625,-0.0024901535362005234,-0.0024901535362005234,1.0760842937231063,0.03034374490380287,0.1312006562948227,0.0008361749351024628,105116.796875,42757.296875,62359.5,104756.0859375,42579.5546875,62176.53125,0.0034315253142267466,0.004157002549618483,0.0029340959154069424,0.34315253142267466,3.047942453995347,1.1351540057361125,3.037766481284052,1.1375427810847758,1.367408846318722,2.521999173536897,1.299373980909586,1638.8378877751732,1638.8378877751732,greedy,1.299373980909586,0.0,hard_fault_cluster
615,N1258,observe,-0.2962157130241394,1.2760214807093142,2.233258420228958,0.363914311081171,0.8294139624610543,-0.2962157130241394,0.015893995761871338,1.175788287371397,2.3246708035469053,0.0001589399576187134,0.38762301206588745,-0.0043587516993284225,-0.0043587516993284225,1.0367560112476348,0.029398657381534576,0.1301262378692627,0.00023721903562545776,104756.046875,42579.90234375,62176.140625,104437.96875,42424.48046875,62013.484375,0.0030363700352609158,0.0036501227878034115,0.0026160557754337788,0.3036370035260916,2.9514009822160006,1.0922098629176618,2.9427495491690934,1.094497548788786,1.2544376268982889,2.3471167240291835,1.2760214807093142,1640.1139092558824,1640.1139092558824,greedy,1.2760214807093142,0.0,hard_fault_cluster
616,N1264,observe,-0.2797515094280243,1.2598326773941517,2.0822679519653318,0.35331612542271607,0.8188912403061986,-0.2797515094280243,0.015601806342601776,1.162622737288475,2.3289281189441677,0.00015601806342601776,0.39076635241508484,-0.006165472790598869,-0.006165472790598869,1.0182763800024985,0.02860424667596817,0.12922723591327667,-0.0002276301383972168,104437.8125,42424.421875,62013.38671875,104161.4765625,42290.203125,61871.2734375,0.0026459377259016037,0.0031637141946703196,0.002291654935106635,0.26459377259016037,2.86986100114882,1.0769763121008873,2.8627837509848177,1.0792178043723106,1.2034450381994248,2.252912580668926,1.2598326773941517,1641.3737419332765,1641.3737419332765,greedy,1.2598326773941517,0.0,hard_fault_cluster
617,N1267,observe,-0.26631107926368713,1.248528427183628,1.866888427734375,0.3531326714158058,0.8115434776693583,-0.26631107926368713,0.015146389603614807,1.198905382156372,2.3644421160221096,0.00015146389603614807,0.39348316192626953,-0.007816074416041374,-0.007816074416041374,1.0074493277072907,0.02791563794016838,0.12844648957252502,-0.0006023198366165161,104161.515625,42290.19921875,61871.3125,103929.765625,42179.90234375,61749.86328125,0.0022249100729823112,0.0026080955285578966,0.001962932525202632,0.22249100729823112,2.7988941092044115,1.062216197103262,2.7933963728137314,1.0642168866097927,1.1799767717719079,2.149344775155187,1.248528427183628,1642.62227036046,1642.62227036046,greedy,1.248528427183628,0.0,hard_fault_cluster
618,N1268,observe,-0.2518073320388794,1.2498137420415878,1.70123775601387,0.35685969054698946,0.8123789323270321,-0.2518073320388794,0.014955580234527588,1.2402937658131123,2.399606472253799,0.00014955580234527589,0.39590033888816833,-0.009195422753691673,-0.009195422753691673,1.0036721882224082,0.02736552804708481,0.12785722315311432,-0.0008940324187278748,103929.84375,42179.95703125,61749.890625,103733.8125,42088.19140625,61645.6171875,0.0018861882854253054,0.002175574190914631,0.001688641612417996,0.18861882854253054,2.7423129621893167,1.0573989243805408,2.73799284407869,1.05869812682271,1.1650564327836037,2.081436307504773,1.2498137420415878,1643.8720841025017,1643.8720841025017,greedy,1.2498137420415878,0.0,hard_fault_cluster
619,N4541,observe,-0.2717824876308441,1.2336982971429824,1.134136837720871,0.44431041538715355,0.8019038931429386,-0.2717824876308441,0.010372139513492584,1.2486460664868355,0.33318731188774103,0.00010372139513492584,0.3942084014415741,-0.0045107509940862656,-0.0045107509940862656,1.1634980261325836,0.027572397142648697,0.128942608833313,-0.001507677137851715,103733.5859375,42087.78125,61645.8046875,103728.296875,42085.30078125,61642.9921875,5.098698238725774e-05,5.8935602282872424e-05,4.562354297377169e-05,0.005098698238725774,2.763101102784276,1.145979488492012,2.7587050613947213,1.155634314417839,0.9151014268398285,0.9595169147849083,1.2336982971429824,1645.1057823996448,1645.1057823996448,greedy,1.2336982971429824,0.0,hard_fault_cluster
620,N3917,observe,-0.11385662108659744,1.9019154452905058,2.695908939838409,0.6220455312356352,1.236245039438829,-0.11385662108659744,0.039197489619255066,2.093315294329077,2.8597644090652463,0.0003919748961925507,0.4030122756958008,0.0001408550888299942,0.0001408550888299942,1.4102048808708787,0.033477459102869034,0.14457909762859344,0.006445389240980148,103728.765625,42085.9921875,61642.7734375,103843.90625,42054.8828125,61789.01953125,-0.001110016368329525,0.0007391859544441104,-0.002372477436438203,-0.1110016368329525,3.3870842549949884,2.4054918382316828,3.3575804964639246,2.4709641311317685,1.5122644776478409,2.6259930767957123,1.9019154452905058,1647.0076978449354,1647.0076978449354,greedy,1.9019154452905058,0.0,hard_fault_cluster
621,N3913,observe,-0.09490644931793213,2.4683761209249497,3.162290775775909,0.5699161252379418,1.6044444786012173,-0.09490644931793213,0.06005889177322388,2.215808746218681,3.0119640707969664,0.0006005889177322387,0.40456560254096985,0.0037284400314092636,0.0037284400314092636,2.3378658747673033,0.03597487509250641,0.1514359712600708,0.009785529226064682,103843.84375,42054.83984375,61789.0,104228.1484375,42186.8125,62041.3359375,-0.0037007941864430904,-0.0031381086446344852,-0.00408383272588253,-0.37007941864430904,3.661274841055274,2.562443861961365,3.613434342201799,2.5917443132400515,1.5389374017715456,2.5753093111515044,2.4683761209249497,1649.4760739658602,1649.4760739658602,greedy,2.4683761209249497,0.0,hard_fault_cluster
622,N15064,observe,-0.29424911737442017,2.2857457619905475,1.237082690000534,0.8075522404909135,1.4857347452938559,-0.29424911737442017,0.03457624465227127,3.2974390983581543,2.15682261288166,0.0003457624465227127,0.3948732912540436,0.0031663645058870316,0.0031663645058870316,2.825869367718697,0.033534735441207886,0.14099209010601044,0.004341062158346176,104228.0234375,42186.1328125,62041.890625,104603.3125,42432.8046875,62170.51171875,-0.0036006541922688484,-0.005847226362675428,-0.0020731331314891577,-0.36006541922688484,3.391216153278947,1.7166488271951674,3.362909196410328,1.78029717028141,2.0158857524394986,1.559179002882447,2.2857457619905475,1651.7618197278507,1651.7618197278507,greedy,2.2857457619905475,0.0,hard_fault_cluster
623,N15065,observe,-0.3351287543773651,2.187347267270088,2.896465933322906,0.6209673625230788,1.4217757237255575,-0.3351287543773651,0.024127982556819916,2.3158544480800627,3.056264233589172,0.00024127982556819915,0.3907816410064697,0.00432191975414753,0.00432191975414753,2.04260927259922,0.032859452068805695,0.13902164995670319,0.003254067152738571,104603.21875,42432.87890625,62170.34375,104752.7578125,42535.390625,62217.3671875,-0.0014295837609097362,-0.0024158558808267117,-0.0007563644321635365,-0.14295837609097362,3.314395109191537,1.6409666231274604,3.2930576824583113,1.7067224672436714,1.6545272558927535,3.1754427163302896,2.187347267270088,1653.9491669951208,1653.9491669951208,greedy,2.187347267270088,0.0,hard_fault_cluster
624,N1262,observe,-0.3502883017063141,1.8024858295917512,2.872656977176666,0.34998165011405946,1.1716157892346384,-0.3502883017063141,0.02261747419834137,1.6179121285676954,2.6998314261436462,0.0002261747419834137,0.38945239782333374,-0.0011293347924947739,-0.0011293347924947739,1.0537997382879256,0.030691206455230713,0.13550743460655212,0.002035178244113922,104752.609375,42535.703125,62216.91015625,104625.0625,42489.2421875,62135.81640625,0.0012176008895039558,0.0010922809597104788,0.0013034036383032799,0.12176008895039558,3.090608784928918,0.998726105093956,3.074492680374533,0.998726105093956,1.4874494880437852,2.5418421672284603,1.8024858295917512,1655.7516528247124,1655.7516528247124,greedy,1.8024858295917512,0.0,hard_fault_cluster
625,N7482,observe,-0.37312206625938416,1.536106178164482,2.576055312156677,0.42745573222637173,0.9984690158069134,-0.37312206625938416,0.012959875166416168,1.9156905628740788,3.000585973262787,0.0001295987516641617,0.3879857063293457,-0.0036552678793668747,-0.0036552678793668747,1.3916060777008532,0.029633309692144394,0.13261227309703827,0.0007840022444725037,104625.1484375,42489.4296875,62135.71875,104518.0546875,42433.75390625,62084.30078125,0.001023594755679369,0.0013103443197906017,0.0008275106665678322,0.1023594755679369,2.9726355765014887,0.797577943727374,2.9656571210362017,0.7869799100607633,1.4054203666746616,2.48852323833853,1.536106178164482,1657.287759002877,1657.287759002877,greedy,1.536106178164482,0.0,hard_fault_cluster
626,N7509,observe,-0.36395466327667236,0.3976127445697788,3.834367990493774,-2.0726912438869474,0.25844828397035624,-0.36395466327667236,0.012057706713676453,-5.3367857375741,-4.4282197713851925,0.00012057706713676453,0.3868790864944458,-0.005276506766676903,-0.005276506766676903,-6.006047580838203,0.029139183461666107,0.1307290941476822,0.00019950419664382935,104518.0625,42433.8046875,62084.2578125,104352.078125,42342.82421875,62009.2578125,0.0015880927676334977,0.002144056372344494,0.0012080357410013676,0.15880927676334977,2.9206995461136103,0.1959925419092179,2.9156136461533606,0.3888021981716157,-0.13129892349243139,0.40004282295703913,0.3976127445697788,1657.6853717474469,1657.6853717474469,greedy,0.3976127445697788,0.0,hard_fault_cluster
627,N5520,observe,-0.14788402616977692,2.4809882923960687,3.7043903827667233,0.11795997932553293,1.6126423900574447,-0.14788402616977692,0.04664979875087738,1.1600665836036206,-1.259798717498779,0.0004664979875087738,0.3988155424594879,0.001161361113190651,0.001161361113190651,1.0223879438638686,0.0351041741669178,0.14623112976551056,0.00839259847998619,104351.4609375,42342.1015625,62009.359375,104315.328125,42241.20703125,62074.125,0.00034626072738319635,0.002382841892540455,-0.0010444491636008024,0.034626072738319635,3.558228576555848,2.201252623796463,3.522370206657797,2.236702414751053,2.0288089513778687,1.9487258183956149,2.4809882923960687,1660.1663600398429,1660.1663600398429,greedy,2.4809882923960687,0.0,hard_fault_cluster
628,N5506,observe,-0.10623988509178162,3.8869568049907683,4.259039425849914,0.6306862515211105,2.5265219232439997,-0.10623988509178162,0.06668995320796967,2.9074994002282617,-0.3536266088485718,0.0006668995320796967,0.4000977575778961,0.0039713699370622635,0.0039713699370622635,1.3751548519730568,0.037030819803476334,0.1524253487586975,0.010983943939208984,104316.015625,42242.046875,62073.96484375,104667.640625,42374.39453125,62293.25,-0.0033707672264426947,-0.003133078571408987,-0.003532642964273691,-0.33707672264426947,3.7737433034926653,2.377396505624056,3.7207473111338913,3.9782573693990706,3.335981345176697,2.7983878743648534,3.8869568049907683,1664.0533168448337,1664.0533168448337,greedy,3.8869568049907683,0.0,hard_fault_cluster
629,N18538,observe,-0.300086110830307,2.0668356478214265,2.811302959918976,0.3273062813282013,1.3434431710839272,-0.300086110830307,0.04658931493759155,1.634654341638088,1.0830182492733,0.00046589314937591555,0.3933264911174774,-0.0018505733460187912,-0.0018505733460187912,0.7569890746474266,0.03231494128704071,0.13897448778152466,0.004172738641500473,104666.0859375,42371.75,62294.3359375,104714.34375,42459.40625,62254.93359375,-0.00046106445370242,-0.0020687426440417767,0.0006325189024209976,-0.046106445370242,3.276232870295644,1.05249593809247,3.2426788141019642,1.0408398921787738,1.6391518965363503,2.107899489328265,2.0668356478214265,1666.120152492655,1666.120152492655,greedy,2.0668356478214265,0.0,hard_fault_cluster
630,N4543,observe,-0.3092782199382782,2.093963125348091,2.5519824743270876,0.5632421761751174,1.3610760314762593,-0.3092782199382782,0.03029131144285202,2.3662199303507805,1.4016093492507933,0.0003029131144285202,0.3894617259502411,0.001370290294289589,0.001370290294289589,1.745805170238018,0.03238282352685928,0.1371338814496994,0.00318276509642601,104715.453125,42461.39453125,62254.05859375,104697.6953125,42491.2265625,62206.46875,0.00016958158812485635,-0.0007025683298707008,0.0007644456345587969,0.016958158812485635,3.26994395442307,1.1398280216753482,3.2461977531202137,1.1436052276194095,1.7540770217776296,2.0935397087782617,2.093963125348091,1668.2141156180032,1668.2141156180032,greedy,2.093963125348091,0.0,hard_fault_cluster
631,N5298,observe,-0.9574555158615112,0.8163790125865489,-0.7707902371883393,0.1734247253788635,0.5306463581812568,-0.9574555158615112,0.21985585987567902,1.4317998609272764,0.8305082798004151,0.00219855859875679,-0.04311370849609375,0.03654490411281586,0.03654490411281586,-0.5101953967614099,0.029128078371286392,0.1300365924835205,-0.004615552723407745,104696.9375,42490.4375,62206.5,105063.828125,42571.56640625,62492.2578125,-0.00350431096740067,-0.00190934503916651,-0.004593696910887957,-0.350431096740067,3.169208601117134,0.6596939061302691,2.976908028125763,0.661166760744527,1.0428227599011735,0.017741902034031365,0.8163790125865489,1669.0304946305898,1669.0304946305898,greedy,0.8163790125865489,0.0,hard_fault_cluster
632,N6969,observe,-0.9177566766738892,3.227506721764803,3.743700861930847,0.6071089725941419,2.097879369147122,-0.9177566766738892,0.21802328526973724,2.914408505707979,3.3848585367202757,0.0021802328526973726,-0.04532015323638916,0.03312995284795761,0.03312995284795761,1.5087587237358093,0.028700165450572968,0.1196606457233429,-0.0029665976762771606,105064.625,42572.546875,62492.08203125,104856.9375,42507.1953125,62349.73828125,0.0019767596386373043,0.001535063493065536,0.0022777884732931852,0.19767596386373043,3.1211697831749916,2.2921195659041405,2.9328048545867205,2.2720246943831444,3.0502852678298953,4.082685424089432,3.227506721764803,1672.2580013523545,1672.2580013523545,greedy,3.227506721764803,0.0,hard_fault_cluster
633,N4540,observe,-0.8902624845504761,2.4775406638160344,3.2644695997238156,0.48947930490598074,1.6104014314804225,-0.8902624845504761,0.21918587386608124,2.306418309547007,3.0144293308258057,0.0021918587386608123,-0.047586798667907715,0.028058471158146858,0.028058471158146858,0.6601320251822471,0.029501918703317642,0.11986206471920013,-0.003437533974647522,104856.546875,42506.64453125,62349.8984375,104789.140625,42501.234375,62287.90625,0.0006428425549529493,0.00012727788998745382,0.0009942628676071763,0.06428425549529493,3.1974362153559923,2.097935580164194,3.0120029565878212,2.0886554143950344,2.5415336370468142,3.7519968640804287,2.4775406638160344,1674.7355420161705,1674.7355420161705,greedy,2.4775406638160344,0.0,hard_fault_cluster
634,N7051,observe,-0.18069802224636078,1.7921511054039003,4.956911039352416,-2.041240870952606,1.1648982185125352,-0.18069802224636078,0.04676671326160431,-5.315380354523659,-5.550475692749023,0.0004676671326160431,0.386709064245224,0.011323520913720131,0.011323520913720131,-5.896192442178727,0.03754065930843353,0.14936456084251404,0.010655663907527924,104789.703125,42501.96875,62287.734375,104908.671875,42495.62109375,62413.046875,-0.0011353095760568976,0.0001493496965849772,-0.002011832781136036,-0.11353095760568976,3.8121561650186777,2.2055075097084047,3.7685884893871844,2.4394375491142277,0.7857880115509035,1.1407622075080877,1.7921511054039003,1676.5276931215744,1676.5276931215744,greedy,1.7921511054039003,0.0,hard_fault_cluster
635,N6974,observe,-0.4099515378475189,2.147868084907532,5.445574760437012,-2.2789012670516966,1.396114255189896,-0.4099515378475189,0.02336554229259491,-5.969870747327804,-5.999999999999999,0.0002336554229259491,0.37900277972221375,0.0024684611707925797,0.0024684611707925797,-5.974174926280975,0.03280419111251831,0.1376793086528778,0.003835279494524002,104908.5,42495.37890625,62413.125,105134.046875,42635.921875,62498.125,-0.0021499390713870525,-0.0033072528894990683,-0.0013618930242955685,-0.21499390713870525,3.3062531147152185,0.9591101777553559,3.286877612117678,1.1975443434715272,0.4675805091857913,0.9339273309707645,2.147868084907532,1678.675561206482,1678.675561206482,greedy,2.147868084907532,0.0,hard_fault_cluster
636,N5524,observe,-0.1704983115196228,1.625299775600433,4.85434627532959,-2.083549273014069,1.0564448541402816,-0.1704983115196228,0.05834980309009552,-5.396636334657669,-5.567782831192016,0.0005834980309009552,0.3895154297351837,0.009654121473431587,0.009654121473431587,-5.9472440814971925,0.037591785192489624,0.15148374438285828,0.01109633594751358,105134.328125,42636.40625,62497.921875,105080.921875,42558.765625,62522.16015625,0.0005079811089672148,0.001820993609726429,-0.00038782539195381105,0.05079811089672148,3.8271824438124895,1.7038706970214845,3.776179500389844,1.87018310546875,0.5715444326400758,1.0015038812160495,1.625299775600433,1680.3008609820824,1680.3008609820824,greedy,1.625299775600433,0.0,hard_fault_cluster
637,N5512,observe,-0.13036005198955536,2.8616923868656166,5.999999999999999,-2.238307613134384,1.860100051462651,-0.13036005198955536,0.07614369690418243,-5.830222993791104,-5.999999999999999,0.0007614369690418243,0.39167967438697815,0.01096980832517147,0.01096980832517147,-5.854476851820945,0.0388396680355072,0.1563800424337387,0.012902289628982544,105080.9140625,42558.765625,62522.1484375,105335.3828125,42662.1640625,62673.21875,-0.0024216456804424524,-0.0024295449256896973,-0.00241626868955791,-0.24216456804424524,3.971080308780074,2.067662502527237,3.9057451798580587,2.354616166353226,0.9467695474624641,1.245400205850602,2.8616923868656166,1683.162553368948,1683.162553368948,greedy,2.8616923868656166,0.0,hard_fault_cluster
638,N5509,observe,-0.11490430682897568,2.8684227585792543,5.999999999999999,-2.2315772414207458,1.8644747930765153,-0.11490430682897568,0.08973488211631775,-5.823156103491783,-5.999999999999999,0.0008973488211631775,0.39290425181388855,0.011172087863087654,0.011172087863087654,-5.848419517278671,0.03941234201192856,0.15933211147785187,0.013631202280521393,105335.375,42662.1640625,62673.2109375,105610.8828125,42799.2578125,62811.625,-0.0026155298110097647,-0.00321347382850945,-0.0022085043601691723,-0.26155298110097647,4.042141171172261,2.2599652600288396,3.966460943687707,2.615890533924103,0.9736910343170173,1.2628991723060614,2.8684227585792543,1686.0309761275273,1686.0309761275273,greedy,2.8684227585792543,0.0,hard_fault_cluster
639,N6978,observe,-0.45046278834342957,0.8254881262779238,3.6650525331497192,-1.4392185211181638,0.5365672820806505,-0.45046278834342957,0.049534425139427185,-3.0264943310618397,-3.8247978448867794,0.0004953442513942718,0.3787791430950165,0.0005052778869867325,0.0005052778869867325,-5.788513374924659,0.03389779478311539,0.14304576814174652,0.004410833120346069,105610.6484375,42798.984375,62811.6640625,105867.5625,42985.91796875,62881.640625,-0.0024326529819518328,-0.0043677110224962234,-0.0011140696005895734,-0.24326529819518328,3.4398191813379526,0.6421899032592775,3.402289404068142,2.016350973844528,1.0997828125953677,1.344858828186989,0.8254881262779238,1686.8564642538051,1686.8564642538051,greedy,0.8254881262779238,0.0,hard_fault_cluster
640,N1199,observe,-0.9773319959640503,1.319486036375165,-1.0918000638484955,0.41197152383625507,0.8576659236438573,-0.9773319959640503,0.23241744935512543,1.9935392428189518,0.7453577399253845,0.002324174493551254,-0.03784888982772827,0.032203130424022675,0.032203130424022675,1.2508743523806334,0.028820626437664032,0.13696277141571045,-0.004306264221668243,105865.515625,42978.1328125,62887.38671875,106012.640625,42975.77734375,63036.859375,-0.0013897349126636982,5.4806212574476376e-05,-0.0023768304381519556,-0.13897349126636982,3.1466832235455513,0.9031188430264592,2.9482177887111902,0.9035252870991826,1.2533747281879186,-0.48450076447799806,1.319486036375165,1688.1759502901803,1688.1759502901803,greedy,1.319486036375165,0.0,hard_fault_cluster
641,N2090,observe,-1.1504353284835815,5.959025487303734,4.505369496345519,0.6013178411126135,3.873366566747427,-1.1504353284835815,0.2098192721605301,5.073085668683052,4.333706712722778,0.0020981927216053007,-0.020047664642333984,0.02362077869474888,0.02362077869474888,0.2512193810939789,0.03265583515167236,0.13744232058525085,-0.002436608076095581,106821.296875,43197.171875,63624.125,107617.234375,43746.63671875,63870.6015625,-0.0074511123821139336,-0.012719926424324512,-0.0038739482406526804,-0.7451112382113934,3.4990235660225153,2.6138665318489074,3.323943527881056,2.541376292705536,4.696598941087723,3.5501195419579745,5.959025487303734,1694.134975777484,1694.134975777484,greedy,5.959025487303734,0.0,hard_fault_cluster
642,N7547,observe,-0.972724437713623,4.483279770612716,5.004104709625244,0.4148068362474441,2.914131850898266,-0.972724437713623,0.21918444335460663,3.187506192922592,3.5711962461471556,0.0021918444335460663,-0.029255598783493042,0.02496340312063694,0.02496340312063694,-0.7884792852401734,0.033258289098739624,0.12889333069324493,0.00016021728515625,107617.46875,43746.9765625,63870.4921875,107051.140625,43588.91015625,63462.234375,0.005262418184429407,0.0036131960805505514,0.006391962990164757,0.5262418184429407,3.569976756349206,4.890304889678955,3.3868658714927733,4.993277254104615,4.41630390882492,4.970597540736198,4.483279770612716,1698.6182555480966,1698.6182555480966,greedy,4.483279770612716,0.0,hard_fault_cluster
643,N7565,observe,-0.9367803335189819,2.6647401243448257,3.5315316200256346,0.3935162100195885,1.7320810808241367,-0.9367803335189819,0.21962647140026093,2.218732356727123,2.944712448120117,0.002196264714002609,-0.03419414162635803,0.028540873900055885,0.028540873900055885,0.15080001115798958,0.03165915235877037,0.12433965504169464,0.0001058727502822876,107051.125,43588.8984375,63462.2265625,106636.546875,43429.6015625,63206.9453125,0.003872711444273591,0.0036545286420732737,0.004022569861263037,0.3872711444273591,3.414082581177354,2.7217812418937686,3.2279570722021163,2.7399157643318177,2.964666187763214,4.027033022046089,2.6647401243448257,1701.2829956724415,1701.2829956724415,greedy,2.6647401243448257,0.0,hard_fault_cluster
644,N7541,observe,-0.4429266154766083,1.1850540876388547,4.4170487165451044,-1.9927907824516295,0.7702851569652556,-0.4429266154766083,0.031759366393089294,-5.411182215213776,-5.598317241668701,0.0003175936639308929,0.3435368239879608,0.00012757070362567902,0.00012757070362567902,-5.9269030666351314,0.0312686562538147,0.1370113044977188,0.007119432091712952,106636.546875,43429.6015625,63206.94921875,106221.234375,43234.16015625,62987.0703125,0.0038946543354541063,0.004500188864767551,0.003478714032098651,0.38946543354541063,3.1587525624781847,1.2386194610595704,3.1348373596556485,1.5559773588180543,0.7086853981018069,1.0906455087661748,1.1850540876388547,1702.4680497600805,1702.4680497600805,greedy,1.1850540876388547,0.0,hard_fault_cluster
645,N18578,observe,-0.2414463460445404,1.8086951196193695,4.520060086250305,-1.494234985113144,1.1756518277525903,-0.2414463460445404,0.047153592109680176,-4.376945812404156,-5.009100484848022,0.0004715359210968018,0.37707415223121643,0.015659945085644722,0.015659945085644722,-3.2457856839895247,0.03493805229663849,0.14934562146663666,0.014364469796419144,106220.859375,43233.75,62987.109375,106075.671875,43068.421875,63007.25,0.001366845448501408,0.0038240524008870125,-0.0003197578771505505,0.1366845448501408,3.5566187668591738,2.0397942245006564,3.50950861396268,2.280145472288132,0.5827962875366213,1.008817586898804,1.8086951196193695,1704.2767448797,1704.2767448797,greedy,1.8086951196193695,0.0,hard_fault_cluster
646,N1279,observe,-0.36015406250953674,2.3450590670108795,5.622330474853515,-2.296342223882675,1.5242883935570717,-0.36015406250953674,0.03558330237865448,-5.957251501977444,-5.999999999999999,0.0003558330237865448,0.3720631003379822,0.012465493753552437,0.012465493753552437,-5.96335843026638,0.03181489184498787,0.14299015700817108,0.009191304445266724,106075.609375,43068.4140625,63007.1953125,106178.296875,43118.484375,63059.8125,-0.0009680594666860998,-0.0011625761399045587,-0.0008350980933755636,-0.09680594666860998,3.229537980630994,1.0970860636234285,3.1935013835318387,1.3848479306697847,0.49881994724273715,0.9542329657077794,2.3450590670108795,1706.6218039467108,1706.6218039467108,greedy,2.3450590670108795,0.0,hard_fault_cluster
647,N7553,observe,-0.39217492938041687,1.6015238940715792,4.860347414016723,-2.114612251520157,1.0409905311465266,-0.39217492938041687,0.026996515691280365,-5.899782066643238,-5.999999999999999,0.00026996515691280365,0.36754217743873596,0.00697714276611805,0.00697714276611805,-5.914098914265632,0.02935956045985222,0.13950638473033905,0.006340242922306061,106178.640625,43118.86328125,63059.7734375,105947.546875,43033.68359375,62913.859375,0.0021764617413282394,0.001975462306290865,0.002313900738954544,0.21764617413282394,2.9699297044426203,0.9751472437381746,2.9444494605995715,1.2453146779537203,0.7903209447860723,1.1437086141109472,1.6015238940715792,1708.2233278407823,1708.2233278407823,greedy,1.6015238940715792,0.0,hard_fault_cluster
648,N1246,observe,-0.41414111852645874,0.8777924656867981,3.9956777572631834,-1.7883876681327822,0.5705651026964188,-0.41414111852645874,0.02310502529144287,-5.780709283351898,-5.999999999999999,0.00023105025291442872,0.36991676688194275,0.007094079628586769,0.007094079628586769,-4.961447150707245,0.033808305859565735,0.13601624965667725,0.0027354583144187927,105947.265625,43033.2890625,62913.9765625,105693.1796875,42932.984375,62760.1953125,0.0023982301354408264,0.002330862684175372,0.0024443098809570074,0.23982301354408264,3.411029690876603,1.7663325619697572,3.388380362186581,2.016350812911987,0.6388787865638736,1.0452712112665181,0.8777924656867981,1709.101120306469,1709.101120306469,greedy,0.8777924656867981,0.0,hard_fault_cluster
649,N5291,observe,-1.0322922468185425,0.6740227803587914,0.48496829271316527,0.05959289744496347,0.4381148072332144,-1.0322922468185425,0.21832649409770966,0.900162100791931,1.012294167280197,0.0021832649409770965,-0.032681405544281006,0.025132084265351295,0.025132084265351295,-0.5314045664668083,0.028127916157245636,0.12616513669490814,-0.004287466406822205,105693.078125,42932.8515625,62760.2265625,105995.5,42994.3203125,63001.18359375,-0.0028613214381039143,-0.0014317416353151202,-0.003839327022433281,-0.2861321438103914,3.0562501940876245,0.7404726177453995,2.873656260315329,0.7257475048303604,0.6391220077872276,0.49805442191660404,0.6740227803587914,1709.775143086828,1709.775143086828,greedy,0.6740227803587914,0.0,hard_fault_cluster
650,N7538,observe,-0.9533042907714844,2.816996425390244,1.7845311343669892,0.6270411747694016,1.8310476765036587,-0.9533042907714844,0.2225918024778366,2.3232470366358755,1.2665831327438353,0.002225918024778366,-0.03700268268585205,0.028774777427315712,0.028774777427315712,1.655248082280159,0.027160000056028366,0.11929143965244293,-0.0024416372179985046,105995.90625,42994.8984375,63001.00390625,105646.265625,42868.10546875,62778.15625,0.003298623953014612,0.0029490236192941666,0.0035372080747038126,0.3298623953014612,2.967366585507989,3.2602176737785338,2.7788416505791247,3.332040579319,2.7641179263591766,1.9934981663152578,2.816996425390244,1712.5921395122182,1712.5921395122182,greedy,2.816996425390244,0.0,hard_fault_cluster
651,N7559,observe,-0.9124404788017273,2.208470329642296,1.419644945859909,0.5112261679768562,1.4355057142674923,-0.9124404788017273,0.22317345440387726,1.933302955329418,1.1342672526836395,0.0022317345440387728,-0.03937986493110657,0.032813094556331635,0.032813094556331635,1.5809543287754058,0.026003509759902954,0.11652524769306183,-0.002136699855327606,105646.2421875,42868.0859375,62778.15625,105337.796875,42737.359375,62600.4375,0.0029196052346378565,0.003049507737159729,0.0028309011831879616,0.29196052346378565,2.8563375249505043,2.263780393600464,2.6643476132303476,2.2793697142601017,2.0468179881572723,1.4403565878048539,2.208470329642296,1714.8006098418605,1714.8006098418605,greedy,2.208470329642296,0.0,hard_fault_cluster
652,N15057,observe,-0.35667362809181213,1.012246668338776,2.487171047925949,-1.762182259559631,0.6579603344202045,-0.35667362809181213,0.029175452888011932,-4.834224399328232,-3.6405063569545746,0.0002917545288801193,0.351818323135376,-0.0019812043756246567,-0.0019812043756246567,-5.819354009628296,0.02939607948064804,0.1346903294324875,0.002802770584821701,105337.546875,42736.6953125,62600.85546875,104899.8515625,42530.7578125,62369.09375,0.004155169241130352,0.004818751011043787,0.0037022132892161608,0.4155169241130352,2.9668021965771914,1.6061687827110291,2.946406510192901,1.9209931731224061,1.0584899485111237,0.7293310249596835,1.012246668338776,1715.8128565101993,1715.8128565101993,greedy,1.012246668338776,0.0,hard_fault_cluster
653,N5303,observe,-0.9682166576385498,0.7382689401507377,-1.2756954014301298,0.07112934932112694,0.4798748110979795,-0.9682166576385498,0.21646372973918915,0.8940997153520585,2.5540117502212523,0.0021646372973918916,-0.033979982137680054,0.03216905891895294,0.03216905891895294,-0.49850264579057696,0.025950271636247635,0.12038519978523254,-0.0035100653767585754,104899.5078125,42530.671875,62368.8359375,105173.546875,42593.53125,62580.015625,-0.0026123961433768272,-0.0014779774937778711,-0.003385980846360326,-0.2612396143376827,2.8436599522829056,0.9298644256591797,2.657185360789299,0.9228691172599793,0.7298866510391235,0.254357291087508,0.7382689401507377,1716.55112545035,1716.55112545035,greedy,0.7382689401507377,0.0,hard_fault_cluster
654,N14485,observe,-0.6642822623252869,2.3858024001121523,3.2112990379333493,-0.07973127365112298,1.550771560072899,-0.6642822623252869,0.24291004240512848,1.8553291738033293,3.236044549942016,0.002429100424051285,-0.029341459274291992,0.031202519312500954,0.031202519312500954,-3.901771687269211,0.0336812324821949,0.14129459857940674,-0.0008322596549987793,105173.78125,42594.078125,62579.70703125,105127.7734375,42549.09375,62578.6796875,0.00043744564754888415,0.0010561180533841252,1.6416563084931113e-05,0.043744564754888415,3.6422358099371195,3.9408340358734133,3.4366513886488974,4.0529920005798346,3.039707291126251,3.523430954935029,2.3858024001121523,1718.936927850462,1718.936927850462,greedy,2.3858024001121523,0.0,hard_fault_cluster
655,N1278,observe,-0.8544598817825317,4.035991975665093,3.7848680973052975,0.47940951019525535,2.6233947841823104,-0.8544598817825317,0.22970138490200043,3.105292668938637,1.884802621603012,0.002297013849020004,-0.03885558247566223,0.036799363791942596,0.036799363791942596,-1.1671708405017853,0.028375748544931412,0.12334632873535156,-0.0009484291076660156,105127.71875,42548.890625,62578.828125,105141.1875,42628.1484375,62513.03515625,-0.00012811797205358744,-0.0018627468962222338,0.0010513614397495985,-0.012811797205358744,3.104075603187084,3.5134321451187134,2.904200041666627,3.57096745967865,4.1510647416114805,3.378799811080098,4.035991975665093,1722.9729198261273,1722.9729198261273,greedy,4.035991975665093,0.0,hard_fault_cluster
656,N5528,observe,-0.1918734312057495,1.2053807020187375,2.892920535802841,-1.9719032168388368,0.7834974563121794,-0.1918734312057495,0.04895244538784027,-5.008550852537155,-3.6623476326465605,0.0004895244538784027,0.3854163587093353,0.018968725576996803,0.018968725576996803,-5.956783797740936,0.034430842846632004,0.1518479436635971,0.014429967850446701,105141.640625,42628.6796875,62512.95703125,105162.28125,42576.66015625,62585.62109375,-0.00019631256873253733,0.001220294157974422,-0.0011623840546235442,-0.019631256873253733,3.5110054556280375,1.8809942555427555,3.4600645774044096,2.1563811612129213,0.5177600383758547,0.5539362721145155,1.2053807020187375,1724.178300528146,1724.178300528146,greedy,1.2053807020187375,0.0,hard_fault_cluster
657,N4547,observe,-0.3869864046573639,2.507121229171753,4.10708280801773,-2.234343385696411,1.6296287989616394,-0.3869864046573639,0.028103947639465332,-5.877731831073761,-4.379815185070037,0.00028103947639465334,0.3802615702152252,0.013669082894921303,0.013669082894921303,-5.895198712348938,0.036192648112773895,0.1415809839963913,0.006186828017234802,105159.421875,42573.1015625,62586.3203125,105448.65625,42793.6953125,62654.9609375,-0.002750437008216977,-0.005181528627872467,-0.001096735242754221,-0.2750437008216977,3.661037841811776,2.393024549484253,3.629708068910986,2.7638985252380373,0.7939039230346683,0.472110566198826,2.507121229171753,1726.685421757318,1726.685421757318,greedy,2.507121229171753,0.0,hard_fault_cluster
658,N3535,observe,-0.45172202587127686,0.8326447427272798,2.502770537137985,-1.9607294619083402,0.5412190827727319,-0.45172202587127686,0.018373101949691772,-5.981206522881985,-4.402344793081283,0.00018373101949691772,0.3755646049976349,0.007271839305758476,0.007271839305758476,-4.3642954224348065,0.03254776448011398,0.1378692388534546,0.0037990473210811615,105451.421875,42797.1171875,62654.3046875,105418.421875,42805.0234375,62613.39453125,0.0003129403048660606,-0.00018473791715223342,0.0006529504316858947,0.03129403048660606,3.2804213892668486,1.0039203894138335,3.261187683325261,1.2595012199878692,-0.28570430278778036,-0.14338300946492355,0.8326447427272798,1727.5180665000453,1727.5180665000453,greedy,0.8326447427272798,0.0,hard_fault_cluster
659,N5513,observe,-0.22435365617275238,1.6217795461416245,2.7815605103969574,-1.510099545121193,1.054156704992056,-0.22435365617275238,0.051114752888679504,-4.096044280081987,-2.947012804118276,0.000511147528886795,0.38680538535118103,0.015436021611094475,0.015436021611094475,-4.063816087543964,0.03627036511898041,0.15189121663570404,0.011783856898546219,105418.40625,42805.12890625,62613.2734375,105328.2109375,42671.65625,62656.5546875,0.0008555935928598046,0.0031181464437395334,-0.0006912471726536751,0.08555935928598046,3.6935872863978148,2.0388552206754684,3.6436742055229843,2.2566915768384934,0.6475531458854678,0.6185973750037739,1.6217795461416245,1729.139846046187,1729.139846046187,greedy,1.6217795461416245,0.0,hard_fault_cluster
660,N3347,observe,-0.4218864142894745,2.7800434082746506,4.132387107610702,-1.9921478778123853,1.8070282153785229,-0.4218864142894745,0.02821245789527893,-5.731425427347422,-3.997652775049209,0.0002821245789527893,0.37738537788391113,0.007946820929646492,0.007946820929646492,-4.115254012644291,0.02961530163884163,0.1408093422651291,0.006972264498472214,105328.25,42671.5859375,62656.6640625,105468.34375,42786.90234375,62681.4375,-0.001330068102106452,-0.002702416619285941,-0.0003953839186578989,-0.1330068102106452,2.9976894427090883,0.9775784488022328,2.9705699835903943,1.218294965773821,0.492264020442963,0.5454629028961064,2.7800434082746506,1731.9198894544616,1731.9198894544616,greedy,2.7800434082746506,0.0,hard_fault_cluster
661,N5527,observe,-0.20818594098091125,1.8938444316387177,4.613294363021851,-1.5222987234592438,1.2309988805651666,-0.20818594098091125,0.05834697186946869,-4.651261094510556,-1.6439726829528807,0.0005834697186946869,0.3873954117298126,0.015592442825436592,0.015592442825436592,-3.3959763115644455,0.03393092751502991,0.15389660000801086,0.013815410435199738,105468.171875,42786.88671875,62681.2890625,105383.4765625,42674.828125,62708.6484375,0.0008030414464883506,0.002618993865326047,-0.0004364839114714414,0.08030414464883506,3.467032166197896,2.0125819075107576,3.411577605176717,2.0362539041042327,0.6523375272750858,1.9990193927288056,1.8938444316387177,1733.8137338861002,1733.8137338861002,greedy,1.8938444316387177,0.0,hard_fault_cluster
662,N3427,observe,-0.4123780429363251,2.364410874247551,3.9648976445198056,-2.2044003278017046,1.5368670682609082,-0.4123780429363251,0.03350779414176941,-5.912830993682146,-3.997652775049209,0.0003350779414176941,0.3772555887699127,0.00713341124355793,0.00713341124355793,-5.3009907200932505,0.028494060039520264,0.14189383387565613,0.007807202637195587,105383.625,42674.875,62708.74609375,105524.546875,42797.20703125,62727.3359375,-0.0013372274115681648,-0.002866605529561639,-0.0002964473969768733,-0.13372274115681648,2.8900472093373537,0.8020283538103103,2.859566305298358,0.8729805606603622,0.35634783506393475,0.46769786357879667,2.364410874247551,1736.1781447603478,1736.1781447603478,greedy,2.364410874247551,0.0,hard_fault_cluster
663,N5299,observe,-1.0044236183166504,0.9723660662770272,-1.207853269577026,0.1773315255343914,0.6320379430800677,-1.0044236183166504,0.22600604593753815,1.6571015253663064,3.261809158325195,0.0022600604593753814,-0.03507864475250244,0.03565222769975662,0.03565222769975662,-0.453096090555191,0.02719731256365776,0.1324561983346939,-0.00416901707649231,105523.625,42796.2265625,62727.3984375,105758.40625,42843.15234375,62915.25390625,-0.00222491635940969,-0.0010964934481307864,-0.0029947913717478514,-0.222491635940969,2.981389530003071,0.8716160821914674,2.7851458247750998,0.7522319781780243,0.9488994419574737,-0.013215362727642344,0.9723660662770272,1737.150510826625,1737.150510826625,greedy,0.9723660662770272,0.0,hard_fault_cluster
664,N7520,observe,-0.9373818039894104,2.9598551273345945,1.818327648937702,0.46780136942863465,1.9239058327674865,-0.9373818039894104,0.22752459347248077,2.5339080929756164,1.3039441749453544,0.002275245934724808,-0.03880748152732849,0.03516875207424164,0.03516875207424164,0.04662632942199707,0.02715391293168068,0.12330649793148041,-0.0023616254329681396,105758.953125,42843.90625,62915.046875,105425.4375,42737.890625,62687.54296875,0.003153545083478093,0.0024744621478021145,0.003616049187257886,0.3153545083478093,2.9780846387147903,3.107090176343918,2.7810646295547485,3.145094074010849,3.0834700286388395,1.9939064515382048,2.9598551273345945,1740.1103659539594,1740.1103659539594,greedy,2.9598551273345945,0.0,hard_fault_cluster
665,N7526,observe,-0.9106763005256653,2.152215254120529,1.3131298245862124,0.3940966533310712,1.398939915178344,-0.9106763005256653,0.22696588933467865,1.933732601813972,1.201042157411575,0.0022696588933467867,-0.0405103862285614,0.03576750308275223,0.03576750308275223,0.8753495997190475,0.026462122797966003,0.1188422292470932,-0.002217911183834076,105425.4375,42737.890625,62687.546875,105153.828125,42631.3125,62522.515625,0.002576317172497511,0.002493761945515871,0.0026326002553105354,0.2576317172497511,2.908945672214031,2.0560405266284945,2.711895627900958,2.055280603170395,2.082578006386757,1.4172866041585805,2.152215254120529,1742.26258120808,1742.26258120808,greedy,2.152215254120529,0.0,hard_fault_cluster
666,N7514,observe,-0.8919526934623718,1.9536406670510769,1.133533325791359,0.5416695748269558,1.2698664335832,-0.8919526934623718,0.2254028469324112,1.941219070404768,1.180137288570404,0.002254028469324112,-0.04307198524475098,0.03714241087436676,0.03714241087436676,1.285663433074951,0.0257900208234787,0.11549553275108337,-0.0023772865533828735,105153.8046875,42631.2890625,62522.515625,104908.828125,42514.1640625,62394.6640625,0.002329697599634528,0.002747395308688283,0.002044888213276863,0.23296975996345282,2.841547340154648,1.7716855761408805,2.6446383967995644,1.7575777527689933,2.138613966107368,1.5763959424197673,1.9536406670510769,1744.2162218751312,1744.2162218751312,greedy,1.9536406670510769,0.0,hard_fault_cluster
667,N3801,observe,-0.13942328095436096,1.4231561064720162,3.1568522691726684,-1.7349983215332028,0.9250514692068106,-0.13942328095436096,0.05687408149242401,-4.274840067625045,-4.802312707901001,0.0005687408149242402,0.38712799549102783,0.011347880586981773,0.011347880586981773,-5.808194260597229,0.036400020122528076,0.1499534696340561,0.011778272688388824,104908.6640625,42514.0234375,62394.640625,104893.8984375,42473.1796875,62420.71875,0.00014074743376113474,0.000960712437517941,-0.00041795457946136594,0.014074743376113474,3.7082239743322134,2.2140113568305972,3.657057502772659,2.4246151900291446,1.1051570177078247,0.3046252296678725,1.4231561064720162,1745.6393779816033,1745.6393779816033,greedy,1.4231561064720162,0.0,hard_fault_cluster
668,N1243,observe,-0.2678564786911011,1.7446805631741884,3.394073164463043,-2.1309866273775695,1.1340423660632224,-0.2678564786911011,0.043931663036346436,-5.951759602287784,-4.199999999999999,0.00043931663036346437,0.38279834389686584,0.007958302274346352,0.007958302274346352,-6.057695110235363,0.03617168217897415,0.14465375244617462,0.008077580481767654,104893.703125,42472.953125,62420.75,105241.046875,42582.05859375,62658.984375,-0.003311387961730361,-0.002568822354078293,-0.003816589480265975,-0.3311387961730361,3.669058183208108,1.6085969793424013,3.6301407092250884,1.8407745706662537,0.13960339054465343,0.29437938924878865,1.7446805631741884,1747.3840585447774,1747.3840585447774,greedy,1.7446805631741884,0.0,hard_fault_cluster
669,N1245,observe,-0.37303856015205383,3.1885441660881035,4.402347224950789,-1.9114558339118957,2.0725537079572676,-0.37303856015205383,0.030197739601135254,-5.5833288145065305,-4.199999999999999,0.00030197739601135255,0.3743404448032379,0.01027504913508892,0.01027504913508892,-4.236291663646698,0.034684475511312485,0.13804441690444946,0.004084095358848572,105241.09375,42581.97265625,62659.125,105330.5546875,42702.5625,62627.9921875,-0.0008500571129843593,-0.0028319458942860365,0.0004968600114807487,-0.08500571129843593,3.5089203398674726,2.36799111366272,3.4785657483153045,2.6150547504425052,1.1536030769348151,0.8860706079857488,3.1885441660881035,1750.5726027108656,1750.5726027108656,greedy,3.1885441660881035,0.0,hard_fault_cluster
670,N3807,observe,-0.21823148429393768,2.193676459789277,3.3073371827602385,-1.5766684889793394,1.42588969886303,-0.21823148429393768,0.05597858130931854,-5.497189514040947,-4.199999999999999,0.0005597858130931854,0.3845122754573822,0.015991048887372017,0.015991048887372017,-3.0845107114315033,0.03805432468652725,0.150427907705307,0.010175496339797974,105330.75,42702.94140625,62627.8046875,105411.4140625,42673.7109375,62737.703125,-0.0007658168324269354,0.000684507132973522,-0.0017547867028042674,-0.07658168324269354,3.877402098849416,2.5382314562797545,3.823424876201898,2.730613648891449,1.0240535259246832,0.801333477199078,2.193676459789277,1752.7662791706548,1752.7662791706548,greedy,2.193676459789277,0.0,hard_fault_cluster
671,N1242,observe,-0.3819238841533661,2.6497037321329113,3.824717515707016,-1.748888763785362,1.7223074258863924,-0.3819238841533661,0.035267800092697144,-5.603845828026533,-4.317096242308616,0.00035267800092697143,0.3773391544818878,0.01378798671066761,0.01378798671066761,-2.936048319041729,0.035907723009586334,0.14154590666294098,0.005213279277086258,105411.2734375,42673.421875,62737.8515625,105627.6953125,42866.84375,62760.8515625,-0.0020531187765300274,-0.004532607737928629,-0.00036660482874140143,-0.20531187765300274,3.639828087761998,2.0235397344827653,3.6030362476594746,2.25885872900486,0.4437716603279118,0.39725500183180007,2.6497037321329113,1755.4159829027876,1755.4159829027876,greedy,2.6497037321329113,0.0,hard_fault_cluster
672,N7029,observe,-0.4932245910167694,1.116250003129244,2.157005476951599,-1.5029709331691263,0.7255625020340086,-0.4932245910167694,0.028862901031970978,-5.704285459183157,-4.199999999999999,0.00028862901031970976,0.3794563114643097,0.019975291565060616,0.019975291565060616,-2.3119289644807575,0.031768787652254105,0.14161156117916107,0.004664599895477295,105627.875,42867.1171875,62760.76171875,105666.765625,42806.12890625,62860.6328125,-0.00036818525404669344,0.001422728761099279,-0.0015912982635200024,-0.036818525404669344,3.225716957822442,1.0494593633711338,3.1890883133746684,1.2842206193506718,-0.5780741780996318,-0.3757482157647607,1.116250003129244,1756.5322329059168,1756.5322329059168,greedy,1.116250003129244,0.0,hard_fault_cluster
673,N14339,observe,-0.6143531799316406,3.6274454206228257,4.199999999999999,-1.4725545793771744,2.3578395234048366,-0.6143531799316406,0.032470062375068665,-5.280516305565834,-4.4023472428321835,0.00032470062375068666,0.3629802167415619,0.015634911134839058,0.015634911134839058,-1.1757603269815444,0.03662485629320145,0.13449031114578247,0.0028874576091766357,106519.8984375,43029.62109375,63490.27734375,106760.5703125,43334.484375,63426.0859375,-0.0022594076581299305,-0.0070849633775651455,0.0010110430885106325,-0.22594076581299305,3.7105906028300524,2.854775880277157,3.6745118726976216,3.2121999800205234,1.103107428550721,0.889626221954823,3.6274454206228257,1760.1596783265395,1760.1596783265395,greedy,3.6274454206228257,0.0,hard_fault_cluster
674,N7047,observe,-0.6009886264801025,3.4308420702815052,3.823512744903564,-1.2119948342442513,2.2300473456829786,-0.6009886264801025,0.0327862873673439,-5.1580326412618165,-4.358573842048644,0.00032786287367343904,0.36999955773353577,0.018615780398249626,0.018615780398249626,0.2831383287906647,0.032487113028764725,0.13829100131988525,0.005987834185361862,106760.078125,43333.9375,63426.13671875,106635.21875,43219.87890625,63415.33984375,0.0011695324210450053,0.0026320847682654858,0.00017022753308992833,0.11695324210450053,3.300113370642066,2.801724558472633,3.261561819817871,3.290925865769386,0.9562817096710208,0.5568321257829668,3.4308420702815052,1763.590520396821,1763.590520396821,greedy,3.4308420702815052,0.0,hard_fault_cluster
675,N3919,observe,-0.522461473941803,3.6825473070144654,5.999999999999999,-1.4174526929855347,2.3936557495594024,-0.522461473941803,0.03285802900791168,-5.102216885089875,-5.999999999999999,0.00032858029007911684,0.36622723937034607,0.01131378673017025,0.01131378673017025,-1.9392842864990234,0.030433930456638336,0.13815224170684814,0.006383191794157028,106635.34375,43220.1171875,63415.2265625,106362.875,43176.7109375,63186.16796875,0.00255514495074749,0.001004306599497795,0.003612044034525752,0.255514495074749,3.0875648614019156,5.416423406600952,3.054435999598354,6.612900199890137,2.7000000000000006,2.229993875920773,3.6825473070144654,1767.2730677038353,1767.2730677038353,greedy,3.6825473070144654,0.0,hard_fault_cluster
676,N15458,observe,-0.5133064985275269,3.21432580947876,5.999999999999999,-1.88567419052124,2.0893117761611943,-0.5133064985275269,0.021292775869369507,-5.459957900047303,-5.999999999999999,0.00021292775869369507,0.36760732531547546,0.01069730706512928,0.01069730706512928,-5.510877866744996,0.035142626613378525,0.13697601854801178,0.0025085583329200745,106363.171875,43176.7578125,63186.4140625,106115.7890625,43092.921875,63022.8671875,0.0023258314467966557,0.0019416913855820894,0.0025883233174681664,0.23258314467966557,3.5462527442723513,4.826948728561401,3.522260182071477,5.602886905670166,2.3573032379150396,2.162247104644776,3.21432580947876,1770.4873935133141,1770.4873935133141,greedy,3.21432580947876,0.0,hard_fault_cluster
677,N15167,observe,-0.48104774951934814,1.838597822189331,5.001211786270141,-2.048587918281555,1.1950885844230652,-0.48104774951934814,0.021641351282596588,-5.8058052515983585,-5.999999999999999,0.00021641351282596587,0.36928194761276245,0.006294058635830879,0.006294058635830879,-5.833547358512878,0.03239436447620392,0.13493527472019196,0.0021944940090179443,106115.265625,43092.453125,63022.8125,105796.734375,42958.1796875,62838.5546875,0.003001747652888298,0.0031159385107457638,0.002923668595030904,0.3001747652888298,3.2673718575388193,1.968658652305603,3.2464203000999987,2.3623217487335206,1.1349122047424323,1.3676929330825813,1.838597822189331,1772.3259913355034,1772.3259913355034,greedy,1.838597822189331,0.0,hard_fault_cluster
678,N6968,observe,-0.53708815574646,0.9607407331466677,4.079373931884765,-1.8070704698562619,0.624481476545334,-0.53708815574646,0.01367679238319397,-5.880889678299427,-5.999999999999999,0.0001367679238319397,0.37461552023887634,0.01630437560379505,0.01367679238319397,-3.9181669467687605,0.02726057544350624,0.1369909793138504,0.00470336526632309,105796.875,42958.46875,62838.41015625,105688.953125,42799.4921875,62889.45703125,0.0010200856486335397,0.003700703615322709,-0.0008123514708131552,0.10200856486335397,2.756038712337613,0.722697275876999,2.7335528363473713,0.9792320072650912,-0.33842389583587607,-0.11497553229331921,0.9607407331466677,1773.28673206865,1773.28673206865,greedy,0.9607407331466677,0.0,hard_fault_cluster
679,N3906,observe,-0.32008519768714905,3.1311959266662592,5.999999999999999,-1.9688040733337402,2.0352773523330687,-0.32008519768714905,0.04207886755466461,-5.547244277000427,-5.999999999999999,0.00042078867554664614,0.37076812982559204,0.012603597715497017,0.012603597715497017,-5.611923666000366,0.03170252591371536,0.14399440586566925,0.007968802005052567,105689.078125,42799.6796875,62889.40234375,105729.8125,42881.6484375,62848.1640625,-0.0003854170790873468,-0.0019151720916852355,0.000655727053526789,-0.03854170790873468,3.224935056641698,3.527038593292237,3.1839232076890767,4.088414855003357,2.0247837066650396,1.946109409332276,3.1311959266662592,1776.4179279953164,1776.4179279953164,greedy,3.1311959266662592,0.0,hard_fault_cluster
680,N3902,observe,-0.26536616683006287,3.1226856470108033,5.999999999999999,-1.9773143529891968,2.029745670557022,-0.26536616683006287,0.05177737772464752,-5.556180070638657,-5.999999999999999,0.0005177737772464752,0.36986392736434937,0.009654873982071877,0.009654873982071877,-5.619582917690277,0.03352965787053108,0.14474605023860931,0.007360156625509262,105729.796875,42881.66796875,62848.125,105862.09375,42973.078125,62889.01171875,-0.0012512733228504658,-0.0021316837519407272,-0.0006505638593807817,-0.12512733228504658,3.4143980387598276,3.599221391677857,3.368323849979788,4.033984727859497,1.9907425880432137,1.9239826822280892,3.1226856470108033,1779.5406136423271,1779.5406136423271,greedy,3.1226856470108033,0.0,hard_fault_cluster
681,N3894,observe,-0.23638677597045898,3.231900012493133,5.999999999999999,-1.8680999875068665,2.1007350081205365,-0.23638677597045898,0.05695553123950958,-5.462577753067016,-5.999999999999999,0.0005695553123950958,0.36988356709480286,0.006987018510699272,0.006987018510699272,-4.98611257314682,0.034563153982162476,0.14424976706504822,0.0062720924615859985,105862.0546875,42973.015625,62889.0390625,105960.203125,43035.5625,62924.63671875,-0.0009271351736970246,-0.0014554918743669987,-0.0005660391179844737,-0.09271351736970246,3.5202579479664564,3.329614315032959,3.4723010356537998,3.653772578239441,2.1867684364318856,2.051399483680726,3.231900012493133,1782.7725136548202,1782.7725136548202,greedy,3.231900012493133,0.0,hard_fault_cluster
682,N3890,observe,-0.2143847495317459,2.8287781119346627,5.842574834823608,-2.0800627589225766,1.8387057727575309,-0.2143847495317459,0.06055659055709839,-5.691615300774574,-5.999999999999999,0.0006055659055709838,0.37059488892555237,0.004642972722649574,0.004642972722649574,-5.7356702578067775,0.03528743237257004,0.14352871477603912,0.005232848227024078,105960.171875,43035.55078125,62924.625,106021.359375,43077.2421875,62944.1171875,-0.0005774575402028859,-0.0009687666315585375,-0.000309770432068035,-0.05774575402028859,3.5939428005367517,3.1087919783592226,3.5450431280769408,3.4319951605796817,1.4897917270660403,1.5983646225929264,2.8287781119346627,1785.601291766755,1785.601291766755,greedy,2.8287781119346627,0.0,hard_fault_cluster
683,N15186,observe,-0.3915955126285553,2.1699133848771455,2.254813289642334,0.18315408179536466,1.4104437001701446,-0.3915955126285553,0.03145715594291687,0.5268607687950134,-0.32965780720114707,0.0003145715594291687,0.3640751838684082,0.00042500533163547516,0.00042500533163547516,0.314528298638761,0.029453877359628677,0.136500746011734,0.0011897236108779907,106021.3828125,43077.2265625,62944.15625,105854.34375,42961.7421875,62892.6015625,0.0015755223575979471,0.002680868376046419,0.0008190543740056455,0.1575522357597947,2.97726989723742,6.175543122291565,2.953358276281506,4.906641535758972,2.3508465457707644,1.9485393555648627,2.1699133848771455,1787.771205151632,1787.771205151632,greedy,2.1699133848771455,0.0,hard_fault_cluster
684,N3886,observe,-0.23446641862392426,1.6309668898582457,4.818530702590942,-2.0343918204307556,1.0601284784078597,-0.23446641862392426,0.04725530743598938,-5.865220763683319,-5.999999999999999,0.0004725530743598938,0.3711727559566498,0.0021205414086580276,0.0021205414086580276,-5.257528126239777,0.033161941915750504,0.13994352519512177,0.002880409359931946,105854.2578125,42961.7265625,62892.53125,105702.21875,42910.921875,62791.296875,0.0014363055815920234,0.0011825569672510028,0.0016096406616270542,0.14363055815920234,3.3655700404196978,2.3222554397583006,3.328538153786212,2.6039569091796873,0.6032819747924809,1.022133283615113,1.6309668898582457,1789.4021720414903,1789.4021720414903,greedy,1.6309668898582457,0.0,hard_fault_cluster
685,N15379,observe,-0.3369544446468353,5.101960976421832,5.68244400024414,0.27129528328776364,3.316274634674191,-0.3369544446468353,0.0335138663649559,0.8944828021526334,-2.02120845913887,0.00033513866364955904,0.37095901370048523,0.004063764587044716,0.004063764587044716,0.9558905252814291,0.032650481909513474,0.1340564340353012,0.0006214752793312073,105702.234375,42910.8984375,62791.3359375,105583.734375,42858.98046875,62724.75390625,0.001121073728427291,0.0012099016457796097,0.0010603697737678885,0.11210737284272909,3.302625821903348,6.868754498660564,3.2744425986893475,6.868754498660564,4.4398874849081045,3.515926865190268,5.101960976421832,1794.5041330179122,1794.5041330179122,greedy,5.101960976421832,0.0,hard_fault_cluster
686,N15112,observe,-0.9551255106925964,0.7326635271310806,0.5117840975522994,0.018919858932495117,0.4762312926352024,-0.9551255106925964,0.23168055713176727,1.0944318696856499,1.1093194514513016,0.0023168055713176728,-0.03919228911399841,0.022759148851037025,0.022759148851037025,-1.2109242936968805,0.027318879961967468,0.1278357058763504,-0.005776099860668182,105583.515625,42858.9765625,62724.5390625,105809.5625,42875.9609375,62933.6015625,-0.002140929689630866,-0.00039628511876799166,-0.003333025611937046,-0.2140929689630866,2.986327702179551,0.9188462007045746,2.795497922692448,0.9136445391178131,0.8142129838466645,0.5117189560661792,0.7326635271310806,1795.2367965450433,1795.2367965450433,greedy,0.7326635271310806,0.0,hard_fault_cluster
687,N3882,observe,-0.26116499304771423,3.0114493906497963,5.999999999999999,-2.088550609350204,1.9574421039223677,-0.26116499304771423,0.043747320771217346,-5.672978139817714,-5.999999999999999,0.0004374732077121735,0.3713403344154358,0.009231047704815865,0.009231047704815865,-5.123883227705956,0.034094300121068954,0.14114399254322052,0.00705472007393837,105809.703125,42875.9765625,62933.7265625,105740.484375,42901.04296875,62839.4375,0.0006541815237142146,-0.0005846258718520403,0.0014982278225943446,0.06541815237142146,3.4624083805829287,4.319855552911759,3.4226746042259037,4.826851850748063,1.5457975625991829,1.306363974213601,3.0114493906497963,1798.2482459356931,1798.2482459356931,greedy,3.0114493906497963,0.0,hard_fault_cluster
688,N15111,observe,-0.19305184483528137,3.1910150170326235,4.402347224950789,-1.9089849829673766,2.0741597610712055,-0.19305184483528137,0.049672290682792664,-5.4844342321157455,-4.199999999999999,0.0004967229068279267,0.379544198513031,0.004576412960886955,0.004576412960886955,-5.558086484670639,0.03311949595808983,0.13932892680168152,0.005562044680118561,105740.078125,42900.6171875,62839.45703125,105137.65625,42610.93359375,62526.71875,0.005697195418179035,0.006752434186637402,0.004976782016456127,0.5697195418179035,3.3661982994526625,3.4948894572258,3.3255117717199028,3.906621844768524,2.264060068130494,1.691290351003409,3.1910150170326235,1801.4392609527258,1801.4392609527258,greedy,3.1910150170326235,0.0,hard_fault_cluster
689,N1244,observe,-0.33518096804618835,1.9821930795907976,2.607786291837692,-0.9386972159147262,1.2884255017340185,-0.33518096804618835,0.028037235140800476,-3.0656949226558208,-2.653959745168686,0.0002803723514080048,0.3786024749279022,0.005793923512101173,0.005793923512101173,-1.7016896292567254,0.033707067370414734,0.13490581512451172,0.0018831714987754822,105137.5703125,42610.75,62526.8203125,105313.328125,42746.41015625,62566.9140625,-0.001671693637035787,-0.0031837073620408773,-0.0006412248476408422,-0.1671693637035787,3.404537895694375,2.675221772789955,3.379164526704699,5.609854336380959,1.5294106855988505,1.1885276264697315,1.9821930795907976,1803.4214540323167,1803.4214540323167,greedy,1.9821930795907976,0.0,hard_fault_cluster
690,N15114,observe,-0.973076581954956,0.23657269775867468,0.394585233926773,-0.33674443960189815,0.15377225354313853,-0.973076581954956,0.2283259779214859,0.557972963154316,1.021400306932628,0.002283259779214859,-0.036661118268966675,0.023471275344491005,0.023471275344491005,-2.220993351042271,0.02882014960050583,0.1301317662000656,-0.00496654212474823,105313.71875,42746.9765625,62566.74609375,105609.2265625,42799.4921875,62809.734375,-0.002805976429954171,-0.0012285225093364716,-0.0038836649619042873,-0.2805976429954171,3.13381221331656,0.38647179603576665,2.944964273367077,0.3047166705131531,0.23384811282157897,0.11669648416806011,0.23657269775867468,1803.6580267300753,1803.6580267300753,greedy,0.23657269775867468,0.0,hard_fault_cluster
691,N7042,observe,-0.9415314197540283,3.3855381906032562,2.5364168345928193,0.3859175652265549,2.2005998238921167,-0.9415314197540283,0.2277652770280838,2.668298089504242,1.4662045180797576,0.002277652770280838,-0.04127126932144165,0.02679275907576084,0.02679275907576084,-0.11991917014122011,0.027258824557065964,0.121505007147789,-0.003437809646129608,105609.109375,42799.3203125,62809.7890625,105403.296875,42743.6171875,62659.67578125,0.001948813907802105,0.0013014955911785364,0.0023899662774056196,0.1948813907802105,2.980440491810441,2.5291057550907134,2.7895219647325575,2.5270599806308747,3.014335513114929,2.030063427165151,3.3855381906032562,1807.0435649206786,1807.0435649206786,greedy,3.3855381906032562,0.0,hard_fault_cluster
692,N3812,observe,-0.2687130868434906,2.767156332731247,5.631928491592406,-1.8858996927738187,1.7986516162753106,-0.2687130868434906,0.035837650299072266,-5.634543586075306,-5.999999999999999,0.0003583765029907227,0.37271204590797424,0.010764123871922493,0.010764123871922493,-5.875214036107063,0.03315328434109688,0.13968347012996674,0.0064602382481098175,105403.375,42743.84765625,62659.53125,105384.484375,42761.078125,62623.40625,0.00017922220285981894,-0.0004031099088024348,0.0005765284295193851,0.017922220285981894,3.3619302082806826,2.5740972793102266,3.3269788776524365,2.896365765333176,0.8896587133407596,0.9457781636714939,2.767156332731247,1809.8107212534098,1809.8107212534098,greedy,2.767156332731247,0.0,hard_fault_cluster
693,N3878,observe,-0.24079598486423492,2.4470632553100593,4.281320023536682,-1.9662602901458737,1.5905911159515387,-0.24079598486423492,0.04372479021549225,-5.72779808819294,-3.9851657509803764,0.00043724790215492247,0.3720245361328125,0.0077367667108774185,0.0077367667108774185,-4.107769473791122,0.034570515155792236,0.14014506340026855,0.004870321601629257,105384.5078125,42761.0,62623.5078125,105589.125,42869.34765625,62719.78125,-0.0019416249124333262,-0.0025337962433695793,-0.001537337084300816,-0.19416249124333262,3.5085130725055933,2.9070298314094543,3.469916904810816,3.232259690761566,0.7488159656524662,1.04484634809196,2.4470632553100593,1812.2577845087199,1812.2577845087199,greedy,2.4470632553100593,0.0,hard_fault_cluster
694,N7039,observe,-0.4263622760772705,1.3650752305984495,2.515473647760518,-1.6894955396652223,0.8872988998889922,-0.4263622760772705,0.02572859823703766,-5.715509092807769,-4.411649125814437,0.00025728598237037656,0.37516453862190247,0.014866987243294716,0.014866987243294716,-3.2443964385986326,0.02871442586183548,0.13690443336963654,0.003725547343492508,105588.8515625,42869.046875,62719.8046875,105566.6640625,42740.296875,62826.3671875,0.00021013108198530972,0.00300333253107965,-0.0016990246949717402,0.021013108198530972,2.9120381716638803,1.624600172042847,2.881591482553631,1.928006613254547,0.2736763000488286,0.09078684446896691,1.3650752305984495,1813.6228597393183,1813.6228597393183,greedy,1.3650752305984495,0.0,hard_fault_cluster
695,N3499,observe,-0.42733627557754517,2.736446821689606,4.19717908501625,-2.1258245587348936,1.778690434098244,-0.42733627557754517,0.02254156768321991,-5.746376675963401,-4.1986140599939965,0.0002254156768321991,0.3682295083999634,0.007232652977108955,0.007232652977108955,-5.782608579397202,0.027805153280496597,0.13539789617061615,0.002633947879076004,105567.0546875,42740.7265625,62826.328125,105414.046875,42707.2421875,62706.8046875,0.001449389848858118,0.0007834301795810461,0.0019024418434128165,0.1449389848858118,2.8102895487099886,2.0707368421554566,2.787958883214742,2.4969028401374818,1.284829473495484,0.9552674805372594,2.736446821689606,1816.359306561008,1816.359306561008,greedy,2.736446821689606,0.0,hard_fault_cluster
696,N3329,observe,-0.390701025724411,1.734471261501312,3.2359799981117248,-1.9980362296104432,1.1274063199758528,-0.390701025724411,0.01788763701915741,-5.820940828323364,-4.199999999999999,0.0001788763701915741,0.36756351590156555,0.005272777751088142,0.005272777751088142,-4.968411509990692,0.02745109423995018,0.1347368061542511,0.0016281269490718842,105413.9921875,42707.21875,62706.7734375,105113.59375,42577.203125,62536.390625,0.0028497017920017242,0.003044347744435072,0.0027171357069164515,0.2849701792001724,2.7682698387652636,1.6571839952468872,2.7508995276875794,1.9794976496696473,0.7394950866699224,0.5858581681983199,1.734471261501312,1818.0937778225093,1818.0937778225093,greedy,1.734471261501312,0.0,hard_fault_cluster
697,N15110,observe,-0.9618233442306519,1.45190252661705,-0.9196339726448058,0.26802064538002013,0.9437366423010826,-0.9618233442306519,0.22784744203090668,1.983044183254242,3.3495217800140376,0.0022784744203090666,-0.03918221592903137,0.030293459072709084,0.030293459072709084,-0.24342281937599186,0.02487994357943535,0.12293143570423126,-0.00514153391122818,105113.140625,42576.8203125,62536.32421875,105307.1328125,42604.5703125,62702.5625,-0.0018455559620633721,-0.0006517631118185818,-0.002658267505466938,-0.1845555962063372,2.7461352590471506,1.3124545514583588,2.552529583219439,1.3026550471782683,1.449299308657646,0.3120445506274697,1.45190252661705,1819.5456803491263,1819.5456803491263,greedy,1.45190252661705,0.0,hard_fault_cluster
698,N14521,observe,-0.7783409953117371,3.6941849708557126,4.361929631233215,0.408289293050766,2.401220231056213,-0.7783409953117371,0.2444978803396225,3.0664421200752257,3.688717460632324,0.002444978803396225,-0.040690064430236816,0.027749883010983467,0.027749883010983467,-1.4106179785728457,0.028728824108839035,0.126632422208786,-0.003094606101512909,105307.1953125,42604.6640625,62702.53125,105187.5625,42587.109375,62600.45703125,0.001136036473326385,0.000412036752095446,0.0016279122792184353,0.1136036473326385,3.1451301742345095,3.8006287026405334,2.940944351721555,3.8373657393455503,3.658993864059448,3.953346011638641,3.6941849708557126,1823.239865319982,1823.239865319982,greedy,3.6941849708557126,0.0,hard_fault_cluster
699,N3915,observe,-0.5568390488624573,2.2392918229103094,2.8643105447292325,-1.484437024593353,1.455539684891701,-0.5568390488624573,0.11999686062335968,-3.108075184226036,-2.046449899673462,0.0011999686062335968,0.23085623979568481,-0.008689368143677711,-0.008689368143677711,-5.617781413793564,0.029654286801815033,0.1313200145959854,-0.00022301822900772095,105187.546875,42587.078125,62600.46875,105152.171875,42587.421875,62564.75390625,0.0003363040741533041,-8.071697266132105e-06,0.0005705204093828797,0.03363040741533041,3.0767361726611853,2.288694207668305,2.993255553301424,2.5341686892509463,1.781487512588501,1.1462848004698754,2.2392918229103094,1825.4791571428923,1825.4791571428923,greedy,2.2392918229103094,0.0,hard_fault_cluster
700,N3872,observe,-0.37140074372291565,1.3351700067520142,2.6845259606838225,-1.6302516698837282,0.8678605043888092,-0.37140074372291565,0.01761700212955475,-5.484779544472694,-4.251069575548172,0.00017617002129554748,0.3676236569881439,0.00535971112549305,0.00535971112549305,-5.47633217215538,0.027426917105913162,0.13356338441371918,0.002522967755794525,105152.265625,42587.51953125,62564.75,104930.7421875,42491.640625,62439.1015625,0.0021066919434815645,0.0022513382136821747,0.002008294453844428,0.21066919434815645,2.765668423846364,1.2913809394836426,2.748435888905078,1.5574276423454285,0.8379288971424104,0.5914054748415948,1.3351700067520142,1826.8143271496442,1826.8143271496442,greedy,1.3351700067520142,0.0,hard_fault_cluster
701,N15173,observe,-0.9598777294158936,0.9123301520943641,-1.1369928777217864,0.07507505252957343,0.5930145988613367,-0.9598777294158936,0.223380908370018,1.3214033335447313,3.109923923015594,0.0022338090837001803,-0.03816846013069153,0.03259839117527008,0.03259839117527008,-0.31228486984968185,0.02493320032954216,0.12030741572380066,-0.004905134439468384,104930.9453125,42491.8828125,62439.0625,105171.0078125,42545.6171875,62625.390625,-0.002287814160808921,-0.0012645797105506063,-0.0029841596260666847,-0.22878141608089209,2.749299332499504,0.9019083005189895,2.557314857840538,0.894792292714119,0.5700288623571396,-0.0873002500832083,0.9123301520943641,1827.7266573017387,1827.7266573017387,greedy,0.9123301520943641,0.0,hard_fault_cluster
702,N3294,observe,-0.9063174724578857,2.39333216213563,1.6352413952350615,0.4450068074898445,1.5556659053881594,-0.9063174724578857,0.22452802956104279,2.1096287581758224,1.1401380285620688,0.0022452802956104277,-0.04242357611656189,0.03396722674369812,0.03396722674369812,0.637908322061412,0.025508929044008255,0.11462418735027313,-0.003305785357952118,105170.96875,42545.53125,62625.4375,104883.15625,42451.9140625,62431.2421875,0.0027366154827177525,0.0022003999911248684,0.0031009013764560223,0.27366154827177525,2.8093881607055664,2.5037998724007045,2.6155167184770107,2.5136345672630704,2.396100604534149,1.7125605695753254,2.39333216213563,1830.1199894638744,1830.1199894638744,greedy,2.39333216213563,0.0,hard_fault_cluster
703,N3418,observe,-0.8939133882522583,1.952407652928923,1.3440892040729522,0.38616117532665156,1.2690649744037998,-0.8939133882522583,0.22208233177661896,1.8358205475355134,1.0255009412765501,0.0022208233177661895,-0.044434577226638794,0.035641901195049286,0.035641901195049286,1.207048961520195,0.02550286054611206,0.11253249645233154,-0.0030978918075561523,104883.1015625,42451.890625,62431.2109375,104704.15625,42388.4921875,62315.6640625,0.0017061405815184116,0.0014934184728190303,0.0018507869681343436,0.17061405815184116,2.8080102875828743,2.0266893887519837,2.614717112854123,2.02305606842041,1.9869665861129762,1.4310708235949279,1.952407652928923,1832.0723971168034,1832.0723971168034,greedy,1.952407652928923,0.0,hard_fault_cluster
704,N2089,observe,-0.9754655957221985,0.7136158555746079,-1.1443388819694518,-0.08254407346248624,0.46385030612349515,-0.9754655957221985,0.22011519968509674,0.7262481719255449,2.6586618423461914,0.0022011519968509674,-0.03589335083961487,0.03322345018386841,0.03322345018386841,-0.649026883840561,0.024688173085451126,0.11782889068126678,-0.004556179046630859,104703.7578125,42388.046875,62315.7109375,105024.3515625,42491.8203125,62532.53125,-0.00306191248819232,-0.0024481769651174545,-0.0034793843515217304,-0.306191248819232,2.7221559584140778,0.8390843319892884,2.532151971012354,0.8323663640022279,0.3355662614107132,-0.23739617958664916,0.7136158555746079,1832.7860129723779,1832.7860129723779,greedy,0.7136158555746079,0.0,hard_fault_cluster
705,N3235,observe,-0.9745607376098633,4.385147479362786,3.0405664086341857,0.6571169446222483,2.850345861585811,-0.9745607376098633,0.20455731451511383,3.0264671496860682,1.6214610934257507,0.0020455731451511383,-0.03232628107070923,0.028061525896191597,0.028061525896191597,1.2832630449533462,0.031708747148513794,0.11688445508480072,-0.0003086775541305542,105916.859375,42734.5546875,63182.3046875,105907.734375,43006.765625,62900.96875,8.615248225396499e-05,-0.006369808688759804,0.004452764522284269,0.008615248225396499,3.403493555262685,4.204779296219349,3.2290294249542058,4.2084592869877815,4.114648795127868,2.9105113637447357,4.385147479362786,1837.1711604517407,1837.1711604517407,greedy,4.385147479362786,0.0,hard_fault_cluster
706,N3454,observe,-0.4075356423854828,1.4215067684650422,2.686007875204086,-1.594366878271103,0.9239793995022775,-0.4075356423854828,0.01098138839006424,-4.699755310118198,-3.197776973247528,0.00010981388390064239,0.35926029086112976,0.011538976803421974,0.01098138839006424,-4.3547003489732745,0.029531195759773254,0.13232386112213135,0.0064764320850372314,105907.6875,43006.72265625,62900.96875,105630.0,42922.171875,62707.828125,0.0026219768915325403,0.001965989824384451,0.0030705509707331657,0.26219768915325403,2.9756399411708117,0.9724662518501281,2.958749667275697,1.2496017968654631,0.5643525600433351,0.573391963467002,1.4215067684650422,1838.5926672202056,1838.5926672202056,greedy,1.4215067684650422,0.0,hard_fault_cluster
707,N2088,observe,-1.041513204574585,0.7251204147934913,0.5459051042795181,0.0894366754591465,0.47132826961576935,-1.041513204574585,0.2079816311597824,0.8632489770650864,1.210579776763916,0.002079816311597824,-0.0283663272857666,0.0321463942527771,0.0321463942527771,-0.48833958953619006,0.028409570455551147,0.11797131597995758,-0.0023666247725486755,105629.53125,42921.7265625,62707.8046875,105931.6328125,43004.21875,62927.4140625,-0.0028600103687494993,-0.0019219215027987957,-0.0035021058283746243,-0.28600103687494993,3.0810850709676743,0.9575088846683502,2.9009890519082546,0.9546048033237456,0.8060672134160995,0.718107532709837,0.7251204147934913,1839.3177876349991,1839.3177876349991,greedy,0.7251204147934913,0.0,hard_fault_cluster
708,N3255,observe,-0.9542406797409058,1.9986606165766714,2.9179126858711237,0.44883664861321443,1.2991294007748364,-0.9542406797409058,0.21338452398777008,1.7831263579428196,2.6468032598495483,0.0021338452398777007,-0.03868839144706726,0.03416714817285538,0.03416714817285538,0.7667859178781509,0.028365720063447952,0.11360563337802887,-0.0010918155312538147,105931.9296875,43004.6015625,62927.328125,105520.7265625,42851.5234375,62669.203125,0.003881767624989152,0.003559575416147709,0.004101953934878111,0.3881767624989152,3.0841236785054207,2.134356454908848,2.8984599243849516,2.134866932928562,2.1550957411527634,3.500812231749296,1.9986606165766714,1841.3164482515758,1841.3164482515758,greedy,1.9986606165766714,0.0,hard_fault_cluster
709,N14400,observe,-0.24916739761829376,1.8412308573722838,4.598984622955322,-1.5575361847877505,1.1968000572919846,-0.24916739761829376,0.025219589471817017,-4.465247073173523,-5.140131855010986,0.0002521958947181702,0.37478163838386536,0.011004114523530006,0.011004114523530006,-4.73299604177475,0.034859199076890945,0.13643880188465118,0.0048980712890625,105520.2421875,42851.3046875,62668.9375,104826.640625,42541.3671875,62285.2734375,0.006573161110281944,0.007232860196381807,0.0061220768839120865,0.6573161110281944,3.5221436116844416,2.515289349555969,3.4949758336879313,2.8460728836059572,1.6383735299110416,1.694942794442177,1.8412308573722838,1843.157679108948,1843.157679108948,greedy,1.8412308573722838,0.0,hard_fault_cluster
710,N3517,observe,-0.36452218890190125,1.275675131008029,2.6828332066535947,0.14256436605006453,0.8291888351552189,-0.36452218890190125,0.014609798789024353,0.7333135050907731,-1.4707670390605925,0.00014609798789024352,0.3738000690937042,0.006101908162236214,0.006101908162236214,0.8635873278975487,0.031094450503587723,0.1332750767469406,0.0022212862968444824,104827.2578125,42541.6796875,62285.578125,104923.2265625,42594.375,62328.8515625,-0.0009154942235909402,-0.0012386749731376767,-0.00069475854979828,-0.09154942235909402,3.130156757310033,0.9723306453227997,3.1146229770965874,1.1997189676761626,1.1262119442224503,1.3620377637445928,1.275675131008029,1844.433354239956,1844.433354239956,greedy,1.275675131008029,0.0,hard_fault_cluster
711,N15104,observe,-1.0032163858413696,0.7309371625736821,0.2042354476841865,0.7308785609342158,0.4751091556728934,-1.0032163858413696,0.2113661915063858,3.8637781032644853,3.432652223110199,0.002113661915063858,-0.033091992139816284,0.03646024316549301,0.03646024316549301,2.314467177072001,0.028078462928533554,0.12063997983932495,-0.0028049126267433167,104922.6015625,42593.765625,62328.8359375,105202.125,42650.8203125,62551.3046875,-0.0026640917640179396,-0.0013395079877227545,-0.0035692749079316854,-0.26640917640179396,3.0556727275252342,1.0120484618889167,2.869802901521325,0.9056735179235693,1.707308224972803,1.3887191868462834,0.7309371625736821,1845.1642914025297,1845.1642914025297,greedy,0.7309371625736821,0.0,hard_fault_cluster
712,N15103,observe,-1.0660377740859985,0.6364861518144608,1.3669876813888548,-0.14725432097911834,0.4137159986793995,-1.0660377740859985,0.21013616025447845,0.672030770778656,1.3313913941383362,0.0021013616025447844,-0.027050942182540894,0.028748610988259315,0.028748610988259315,-1.8784132725000382,0.027201257646083832,0.12181147933006287,-0.004123561084270477,105202.09375,42650.72265625,62551.3671875,105588.8046875,42811.7265625,62777.078125,-0.0036758864298462868,-0.003774939803406596,-0.0036084093153476715,-0.3675886429846287,2.959010535851121,1.3143345880508424,2.7798469574190676,1.356979672908783,0.8201017737388612,1.3149804443120958,0.6364861518144608,1845.8007775543442,1845.8007775543442,greedy,0.6364861518144608,0.0,hard_fault_cluster
713,N2102,observe,-1.0972049236297607,2.050891978293657,3.2551287651062006,0.1987649344652891,1.3330797858908772,-1.0972049236297607,0.22539512813091278,1.819871864467859,3.2264962673187254,0.0022539512813091276,-0.037056416273117065,0.03322238475084305,0.03322238475084305,0.4293338674306869,0.025594741106033325,0.11162443459033966,-0.001273125410079956,105588.796875,42811.890625,62776.90625,106526.65625,43196.3828125,63330.2734375,-0.008882186375558376,-0.008980967104434967,-0.008814821019768715,-0.8882186375558376,2.8180916234850883,1.9116508907079695,2.6241284888237715,1.9031264013051985,1.3428399831056597,1.9228459890186786,2.050891978293657,1847.851669532638,1847.851669532638,greedy,2.050891978293657,0.0,hard_fault_cluster
714,N18524,observe,-0.3177390694618225,2.3997266530990604,4.870454120635986,-1.3286819219589234,1.5598223245143894,-0.3177390694618225,0.03076307475566864,-3.6780449199676513,-4.653938817977905,0.0003076307475566864,0.37321534752845764,0.0124098751693964,0.0124098751693964,-4.316064443588257,0.03346879780292511,0.13680237531661987,0.008663780987262726,106526.515625,43196.02734375,63330.4921875,105581.265625,42808.515625,62772.75,0.008873377926647663,0.00897100381553173,0.008806850761175156,0.8873377926647663,3.390052730217576,2.4032576656341553,3.3576730177737772,2.668197903633118,2.037543511390686,1.9544032824039461,2.3997266530990604,1850.2513961857371,1850.2513961857371,greedy,2.3997266530990604,0.0,hard_fault_cluster
715,N14402,observe,-0.219739630818367,3.3149285197257994,5.999999999999999,-1.7850714802742003,2.15470353782177,-0.219739630818367,0.038742467761039734,-5.421124626398087,-5.999999999999999,0.00038742467761039735,0.37891271710395813,0.007612830027937889,0.007612830027937889,-4.56622923374176,0.03448488935828209,0.1386197954416275,0.006707284599542618,105581.3125,42809.07421875,62772.234375,105063.0390625,42607.2890625,62455.75,0.0049087610095739365,0.004713607020676136,0.005041789263486862,0.49087610095739365,3.4948442336171865,2.5313445043563845,3.4600777602754533,2.823667092323303,1.9962903976440436,1.9275887584686284,3.3149285197257994,1853.5663247054629,1853.5663247054629,greedy,3.3149285197257994,0.0,hard_fault_cluster
716,N3391,observe,-0.3779684007167816,2.1186252355575563,2.7082479596138,0.4346088165044784,1.3771064031124116,-0.3779684007167816,0.020521938800811768,1.1058409613370894,0.03454706668853763,0.0002052193880081177,0.3740680515766144,0.0032622162252664566,0.0032622162252664566,2.3888158518075944,0.030596517026424408,0.13450640439987183,0.0035232119262218475,105063.6484375,42607.60546875,62456.04296875,105226.609375,42728.62109375,62497.984375,-0.0015510687371715903,-0.002840235363692045,-0.0006715347990393639,-0.15510687371715903,3.083435857668519,1.6620257911086083,3.0655977413989604,1.9972480353713036,1.3849889159202575,1.725720116496086,2.1186252355575563,1855.6849499410205,1855.6849499410205,greedy,2.1186252355575563,0.0,hard_fault_cluster
717,N3436,observe,-0.37713831663131714,1.9780447848606855,2.530089950561523,0.15023272808175533,1.2857291101594457,-0.37713831663131714,0.01694115251302719,0.46252974323928353,-0.4332637192681431,0.0001694115251302719,0.37322327494621277,0.0021165627986192703,0.0021165627986192703,1.866921996283345,0.02905016392469406,0.1337616890668869,0.0027337223291397095,105226.421875,42728.51953125,62497.90234375,104993.421875,42615.46875,62377.953125,0.002214272739365697,0.00264579220674932,0.0019192518666386604,0.2214272739365697,2.9240741077810526,1.050156466215849,2.9097808212973177,1.091545156687498,1.2397284387610852,1.3629838304361328,1.9780447848606855,1857.6629947258812,1857.6629947258812,greedy,1.9780447848606855,0.0,hard_fault_cluster
718,N18467,observe,-0.5593414902687073,0.9680323034524918,2.098865383863449,0.2154932999610901,0.6292209972441197,-0.5593414902687073,0.03545762598514557,1.0232573807239531,-1.170038443803787,0.0003545762598514557,0.3380725681781769,-0.005293881520628929,-0.005293881520628929,1.393626131117344,0.029021911323070526,0.1361503154039383,0.006491523236036301,104992.875,42615.0390625,62377.83203125,105207.6640625,42631.4296875,62576.234375,-0.0020457489881664515,-0.00038462068187072873,-0.0031806547194719315,-0.20457489881664515,2.9323548767715693,0.9330140328407288,2.9097320684231818,0.933396635055542,0.8272778749465942,0.47265002369880693,0.9680323034524918,1858.6310270293336,1858.6310270293336,greedy,0.9680323034524918,0.0,hard_fault_cluster
719,N14396,observe,-0.25509053468704224,2.951220011711121,5.647637462615966,-1.7209111928939813,1.9182930076122289,-0.25509053468704224,0.028411000967025757,-4.818744306564331,-5.514352703094482,0.00028411000967025756,0.3803946375846863,0.00776282511651516,0.00776282511651516,-5.5093181848526,0.033792644739151,0.13854095339775085,0.006535962224006653,105207.8125,42631.69140625,62576.125,104492.890625,42330.4765625,62162.4140625,0.006795330438762903,0.0070655145682394505,0.006611322518438101,0.6795330438762903,3.415438299998641,3.7877758979797367,3.3883079304359853,4.366730499267578,2.433425188064575,2.211726372241974,2.951220011711121,1861.5822470410446,1861.5822470410446,greedy,2.951220011711121,0.0,hard_fault_cluster
720,N3553,observe,-0.3726400136947632,1.8220654070377356,5.174702405929565,-2.2757875144481656,1.184342514574528,-0.3726400136947632,0.014681816101074219,-6.0140039691329,-5.999999999999999,0.00014681816101074218,0.376743882894516,0.003145867958664894,0.003145867958664894,-6.012003402113915,0.030254386365413666,0.1340952068567276,0.0035636723041534424,104493.3984375,42330.703125,62162.6953125,104670.875,42450.30078125,62220.57421875,-0.0016984476242214441,-0.002825316973030567,-0.000931087473873049,-0.1698447624221444,3.0432663206011057,0.7077545714378358,3.0298955575563014,0.9650002491474153,0.32525131702423143,0.8414133560657506,1.8220654070377356,1863.4043124480825,1863.4043124480825,greedy,1.8220654070377356,0.0,hard_fault_cluster
721,N18478,observe,-0.9967670440673828,0.9254769258433954,0.5837757654488086,0.14706138441106306,0.601560001798207,-0.9967670440673828,0.20899824798107147,1.1375337016186675,0.44884893894195554,0.002089982479810715,-0.03476819396018982,0.03708234429359436,0.03708234429359436,-0.32719715138664474,0.028121113777160645,0.12120404839515686,-0.002774752676486969,104670.34375,42449.8828125,62220.45703125,104996.4375,42533.265625,62463.171875,-0.003115435829386115,-0.0019642647821456194,-0.003900884883478284,-0.3115435829386115,3.0581919699907303,0.861565863066353,2.873631525784731,0.8439813007647172,0.9908137385384179,0.5958662529109279,0.9254769258433954,1864.329789373926,1864.329789373926,greedy,0.9254769258433954,0.0,hard_fault_cluster
722,N3365,observe,-0.42060932517051697,2.6773469090461735,5.608922290802001,-1.9477730154991146,1.7402754908800129,-0.42060932517051697,0.008386507630348206,-5.593600265383721,-5.999999999999999,8.386507630348206e-05,0.3741714656352997,0.011232355609536171,0.008386507630348206,-5.651657370328903,0.028234727680683136,0.13461051881313324,0.007961347699165344,104996.8359375,42533.59375,62463.2421875,104732.4140625,42448.875,62283.5390625,0.0025183793623000383,0.001991807948797941,0.0028769420459866524,0.25183793623000383,2.843091631308198,2.455812380313873,2.8283774838782847,3.085127923488617,1.88543496131897,1.8555327248573308,2.6773469090461735,1867.0071362829722,1867.0071362829722,greedy,2.6773469090461735,0.0,hard_fault_cluster
723,N15443,observe,-0.4658557176589966,1.6825759649276737,4.623850679397583,-1.7463855743408203,1.093674377202988,-0.4658557176589966,0.023187510669231415,-4.90281757414341,-5.402684926986694,0.00023187510669231415,0.35011646151542664,0.003465389832854271,0.003465389832854271,-5.701366871595383,0.033434368669986725,0.13242687284946442,0.0023593492805957794,104732.171875,42448.62890625,62283.546875,104754.625,42488.2578125,62266.36328125,-0.00021438613475766033,-0.0009335732902400196,0.00027589299133978784,-0.021438613475766033,3.370089767500758,2.624905908107758,3.350100092124194,3.031769120693207,1.5714480936527253,1.6514412608742717,1.6825759649276737,1868.6897122479,1868.6897122479,greedy,1.6825759649276737,0.0,hard_fault_cluster
724,N14404,observe,-0.24008560180664062,1.8459942340850832,4.5560013294219965,-1.5005788087844845,1.199896252155304,-0.24008560180664062,0.02510593831539154,-4.688513602614403,-5.328299713134765,0.0002510593831539154,0.3818439543247223,0.008980682119727135,0.008980682119727135,-3.9837059128284453,0.03414704650640488,0.13759766519069672,0.005277380347251892,104754.28125,42488.21875,62266.05859375,104220.34375,42234.9453125,61985.3984375,0.005097046960145235,0.0059610274620354176,0.0045074340887367725,0.5097046960145235,3.4487912710756063,2.1074678707122803,3.4232263057492673,2.3911903309822082,1.2524458408355716,1.4440897965431219,1.8459942340850832,1870.535706481985,1870.535706481985,greedy,1.8459942340850832,0.0,hard_fault_cluster
725,N3320,observe,-0.3793959617614746,1.4704603785648942,3.0662481904029844,-0.06712670978158713,0.9557992460671813,-0.3793959617614746,0.011207453906536102,-0.30119144210591914,-2.2189979076385495,0.00011207453906536102,0.378703773021698,0.003644132986664772,0.003644132986664772,0.8221643894910813,0.030170775949954987,0.1333741992712021,0.0026364587247371674,104220.9453125,42235.296875,61985.6484375,104445.765625,42355.8828125,62089.8828125,-0.002157151000574231,-0.0028550985734909773,-0.0016815888229757547,-0.21571510005742311,3.0319291818886995,0.6445801466703415,3.020790491718799,0.9574158996343612,0.8397598028182984,1.1758438718318942,1.4704603785648942,1872.00616686055,1872.00616686055,greedy,1.4704603785648942,0.0,hard_fault_cluster
726,N18495,observe,-1.0056276321411133,0.941035345038399,-0.2693136036396027,0.26654459520243107,0.6116729742749594,-1.0056276321411133,0.20843945443630219,1.2153445681091397,0.4256919741630554,0.002084394544363022,-0.03639116883277893,0.03690104931592941,0.03690104931592941,1.1255775660416112,0.02782309800386429,0.12193553149700165,-0.003175683319568634,104445.3359375,42355.625,62089.7109375,104739.265625,42412.11328125,62327.15625,-0.0028141962829977274,-0.0013336666161194444,-0.003824229585006833,-0.28141962829977274,3.0276503041386604,0.9019286596216262,2.8436449263244867,0.8915291451849043,0.8453352360520512,0.21920640645781542,0.941035345038399,1872.9472022055884,1872.9472022055884,greedy,0.941035345038399,0.0,hard_fault_cluster
727,N6962,observe,-0.3503851890563965,2.7864468216896063,5.624930334091186,-1.858111441135406,1.811190434098244,-0.3503851890563965,0.018054112792015076,-5.43759770154953,-5.945872926712036,0.00018054112792015075,0.3807246685028076,0.008200431242585182,0.008200431242585182,-5.576099874973297,0.033747803419828415,0.13508708775043488,0.00488845631480217,104736.5,42405.0546875,62331.4453125,104270.375,42223.51171875,62046.8671875,0.004450454376637936,0.004281163215637207,0.004565562587231398,0.44504543766379356,3.4010348860174417,3.7749843168258668,3.3813439779914916,4.381036953926087,2.210700297355652,2.0669551932811743,2.7864468216896063,1875.733649027278,1875.733649027278,greedy,2.7864468216896063,0.0,hard_fault_cluster
728,N3400,observe,-0.4021080434322357,1.4182216167449957,4.813277912139892,-2.24075870513916,0.9218440508842473,-0.4021080434322357,0.008309707045555115,-6.040473005771637,-5.999999999999999,8.309707045555115e-05,0.37757042050361633,0.004043037071824074,0.004043037071824074,-6.03469114780426,0.03168439492583275,0.132362961769104,0.0024982914328575134,104273.0,42230.60546875,62042.39453125,104334.515625,42277.5,62057.015625,-0.0005899477982893586,-0.001110439421609044,-0.0002356629556743428,-0.05899477982893586,3.180792236700654,1.0207716274261478,3.1715276786126196,1.2954259681701663,0.258838272094727,0.7982448768615727,1.4182216167449957,1877.1518706440231,1877.1518706440231,greedy,1.4182216167449957,0.0,hard_fault_cluster
729,N14420,observe,-1.02637779712677,1.142092144372873,0.49586247205734246,0.2059862586040981,0.7423598938423676,-1.02637779712677,0.20560087263584137,1.2024271382717415,0.4853296756744384,0.0020560087263584137,-0.03471437096595764,0.03035275824368,0.03035275824368,0.9102904775738716,0.02837064117193222,0.11929431557655334,-0.0032596439123153687,104333.7734375,42276.8984375,62056.875,104707.65625,42396.01953125,62311.6328125,-0.003583526238799095,-0.0028176403138786554,-0.004105231259018183,-0.3583526238799095,3.0730177480727434,1.1294372868537903,2.8960525249131024,1.1145802092552186,1.044481322169304,0.5177328665554524,1.142092144372873,1878.293962788396,1878.293962788396,greedy,1.142092144372873,0.0,hard_fault_cluster
730,N3736,observe,-0.9379539489746094,3.572188185155392,4.0097027778625485,0.6222843684256076,2.321922320351005,-0.9379539489746094,0.21245916187763214,2.506390479058027,2.923543155193329,0.0021245916187763213,-0.04044046998023987,0.03398898243904114,0.03398898243904114,1.5217696195840835,0.02815774828195572,0.11325858533382416,-0.0013400092720985413,104707.859375,42396.1953125,62311.66796875,104492.75,42333.6484375,62159.1015625,0.0020543765276670456,0.0014752945862710476,0.0024484405294060707,0.20543765276670456,3.062222972512245,3.041012824177742,2.87738686427474,3.049029887318611,3.334707218408585,4.26755969196558,3.572188185155392,1881.8661509735514,1881.8661509735514,greedy,3.572188185155392,0.0,hard_fault_cluster
731,N6985,observe,-0.4171387255191803,2.560142397880554,5.3100059032440186,-1.7020076274871825,1.6640925586223603,-0.4171387255191803,0.022207342088222504,-4.661841241121293,-5.2968851089477536,0.00022207342088222503,0.35248249769210815,-0.00018147192895412445,-0.00018147192895412445,-5.0060983395576475,0.03125381842255592,0.1322191208600998,0.0028995461761951447,104492.8046875,42333.5859375,62159.21875,104342.890625,42272.4453125,62070.44921875,0.0014346831012517214,0.001444258145056665,0.001428099232725799,0.14346831012517214,3.1474077124148607,2.1769364285469055,3.1308883097954094,2.517355422973633,1.6751502037048338,1.718847632408142,2.560142397880554,1884.426293371432,1884.426293371432,greedy,2.560142397880554,0.0,hard_fault_cluster
732,N6972,observe,-0.38138246536254883,1.3051679968833925,4.628712606430053,-2.12969731092453,0.8483591979742051,-0.38138246536254883,0.00930987298488617,-5.696735826134682,-5.762232208251953,9.30987298488617e-05,0.373648464679718,0.004794063046574593,0.004794063046574593,-5.995538345575333,0.030694708228111267,0.13168983161449432,0.0022445879876613617,104342.96875,42272.53125,62070.44140625,104227.03125,42216.1484375,62010.8828125,0.0011111194035038352,0.0013337931595742702,0.0009595322771929204,0.11111194035038352,3.0835747588425875,1.2403509783744815,3.072996806818992,1.5055697369575503,0.41080040931701683,0.8970202660560611,1.3051679968833925,1885.7314613683154,1885.7314613683154,greedy,1.3051679968833925,0.0,hard_fault_cluster
733,N14520,observe,-0.2897680699825287,1.3012539505958558,4.609558296203613,-2.110352551937103,0.8458150678873063,-0.2897680699825287,0.021876364946365356,-5.450538883209228,-5.552129602432251,0.00021876364946365356,0.37757501006126404,0.0066810715943574905,0.0066810715943574905,-6.0102655005455015,0.031693149358034134,0.1357153207063675,0.003609858453273773,104226.90625,42216.1640625,62010.73828125,104255.78125,42224.1484375,62031.6328125,-0.000277039798675105,-0.00018913076200988144,-0.00033695020829327404,-0.027703979867510498,3.1978723723441362,1.151481037139893,3.176454294938594,1.3604128885269167,0.31215350627899185,0.8328997790813449,1.3012539505958558,1887.0327153189112,1887.0327153189112,greedy,1.3012539505958558,0.0,hard_fault_cluster
734,N5300,observe,-0.9749882221221924,1.2084338241815566,0.5681584954261779,0.31441493570804596,0.7854819857180119,-0.9749882221221924,0.21377472579479218,1.4478054203093051,0.9890608355402946,0.002137747257947922,-0.03633308410644531,0.03690335899591446,0.03690335899591446,0.9403555829823016,0.026419050991535187,0.1209908276796341,-0.003913678228855133,104255.484375,42223.63671875,62031.84765625,104717.0,42378.171875,62338.83203125,-0.004426775500178337,-0.00365992053411901,-0.00494881859049201,-0.4426775500178337,2.8925831839442253,1.0291847220063208,2.7045746203511953,1.0069884768128394,1.037426171451807,0.673258060432272,1.2084338241815566,1888.2411491430928,1888.2411491430928,greedy,1.2084338241815566,0.0,hard_fault_cluster
735,N6971,observe,-0.9024816751480103,2.642358788847923,3.287005829811096,0.5856961968541144,1.7175332127511502,-0.9024816751480103,0.21698977053165436,2.1346800071001053,0.9779683537781239,0.0021698977053165435,-0.04013466835021973,0.03752927482128143,0.03752927482128143,1.3506991201639176,0.026892077177762985,0.11477988958358765,-0.0020408034324645996,104717.125,42378.3671875,62338.76171875,104466.609375,42300.78125,62165.83203125,0.0023923080880194902,0.0018307911232113838,0.0027740313671529293,0.23923080880194902,2.9437267631292343,3.1234948658943176,2.7528374791145325,3.1808746123313902,2.7172024726867674,2.687919654008001,2.642358788847923,1890.8835079319408,1890.8835079319408,greedy,2.642358788847923,0.0,hard_fault_cluster
736,N6975,observe,-0.3986090123653412,1.4569407105445862,2.964202529191971,-1.9079333662986753,0.947011461853981,-0.3986090123653412,0.02319399267435074,-5.067077645659446,-3.6844344615936278,0.0002319399267435074,0.35224705934524536,-2.4845823645591736e-05,-2.4845823645591736e-05,-5.856540559530258,0.0291513130068779,0.13244867324829102,0.003169383853673935,104466.890625,42301.12109375,62165.7734375,104325.1875,42252.2734375,62072.91796875,0.0013564404798671603,0.0011547603644430637,0.0014936751686036587,0.13564404798671603,2.938300447538495,1.6802315998077395,2.920923587400466,2.0362475323677067,0.9719028949737549,0.7596074271947146,1.4569407105445862,1892.3404486424854,1892.3404486424854,greedy,1.4569407105445862,0.0,hard_fault_cluster
737,N3508,observe,-0.30245980620384216,3.3989775657653807,4.402347224950789,-1.701022434234619,2.2093354177474973,-0.30245980620384216,0.04484345018863678,-5.157344060242176,-3.9645920753479,0.0004484345018863678,0.3713056147098541,0.019381912425160408,0.019381912425160408,-2.8556447023153306,0.03525902330875397,0.14410442113876343,0.014989577233791351,105193.5,42469.53125,62723.97265625,105664.5,42844.203125,62820.296875,-0.0044774627313017845,-0.008822133764624596,-0.001535684335976839,-0.44774627313017845,3.590127693489194,2.573959494829178,3.541958671528846,2.844385815858841,1.2181770086288457,1.0868166949599984,3.3989775657653807,1895.7394262082507,1895.7394262082507,greedy,3.3989775657653807,0.0,hard_fault_cluster
738,N3338,observe,-0.24954922497272491,3.2215673655271533,4.402347224950789,-1.878432634472847,2.09401878759265,-0.24954922497272491,0.06362144649028778,-5.597109725922346,-4.199999999999999,0.0006362144649028778,0.37809571623802185,0.020910711959004402,0.020910711959004402,-5.5688895878195765,0.03731934726238251,0.15142516791820526,0.016911327838897705,105664.4609375,42844.203125,62820.2578125,105940.953125,42975.84765625,62965.1015625,-0.002616700017824769,-0.003072633408010006,-0.0023056853096932173,-0.2616700017824769,3.816466884687543,2.2666378217935566,3.753067765850574,2.057063849568367,0.7319213509559639,0.8621865534037356,3.2215673655271533,1898.9609935737778,1898.9609935737778,greedy,3.2215673655271533,0.0,hard_fault_cluster
739,N3472,observe,-0.23549507558345795,1.976815850380808,1.9279115855693818,-0.11851230179890987,1.2849303027475252,-0.23549507558345795,0.07530078291893005,-0.40513640814926477,-0.5497668802738189,0.0007530078291893005,0.38262251019477844,0.021404551342129707,0.021404551342129707,-0.005482721915468558,0.03790196031332016,0.1555592119693756,0.01748630777001381,105940.90625,42975.8359375,62965.0703125,106197.3125,43095.375,63101.9375,-0.0024202761705964804,-0.002781541319563985,-0.002173700137063861,-0.24202761705964804,3.8869013655930758,4.386544316951185,3.814372364897281,2.6369773566164074,1.1400921884924173,1.1274976004101336,1.976815850380808,1900.9378094241586,1900.9378094241586,greedy,1.976815850380808,0.0,hard_fault_cluster
740,N7053,observe,-0.43030300736427307,1.3923062954097987,1.3073513209819794,0.035360925160348416,0.9049990920163692,-0.43030300736427307,0.05336675047874451,0.12372867912054059,-0.11244765669107436,0.0005336675047874451,0.3750289976596832,0.013732196763157845,0.013732196763157845,0.9013677630573511,0.03273085504770279,0.14459143579006195,0.01030166819691658,106196.6953125,43094.7734375,63101.921875,106255.5234375,43199.5625,63055.9609375,-0.0005539543926715851,-0.0024315956979990005,0.000728360319044441,-0.05539543926715851,3.3401844520121813,0.8547786325216293,3.2898602415807545,0.8277759402990341,0.9218450717628003,0.7250134256109595,1.3923062954097987,1902.3301157195683,1902.3301157195683,greedy,1.3923062954097987,0.0,hard_fault_cluster
741,N3481,observe,-0.4331516921520233,1.6676799029111866,4.86297264099121,-2.0516440182924267,1.0839919368922712,-0.4331516921520233,0.04055941104888916,-5.908396366983652,-5.999999999999999,0.0004055941104888916,0.37222328782081604,0.009429650381207466,0.009429650381207466,-5.5169650426507,0.030721992254257202,0.1415926069021225,0.007133878767490387,106255.90625,43199.93359375,63055.96875,105977.734375,43095.46875,62882.265625,0.0026179426349699497,0.0024181713815778494,0.0027547450736165047,0.26179426349699497,3.122188286855817,0.6845931559801103,3.0846964907832444,0.7222073286771775,0.18437560796737723,0.48734414517879543,1.6676799029111866,1903.9977956224795,1903.9977956224795,greedy,1.6676799029111866,0.0,hard_fault_cluster
742,N5282,observe,-1.0594351291656494,0.883577087521553,0.5872478365898132,0.11934330016374589,0.5743251068890094,-1.0594351291656494,0.21716739237308502,1.1392436102032661,1.1283981263637541,0.0021716739237308503,-0.03008854389190674,0.034529246389865875,0.034529246389865875,-0.4522509136795998,0.029220841825008392,0.13050580024719238,-0.003041468560695648,105977.015625,43094.7265625,62882.2890625,106130.09375,43070.8359375,63059.25390625,-0.001444446505047381,0.0005543746519833803,-0.002814223989844322,-0.1444446505047381,3.17378082126379,0.9184414476156234,2.985008342191577,0.8326389759778976,0.8999847665429115,0.679594111815095,0.883577087521553,1904.8813727100012,1904.8813727100012,greedy,0.883577087521553,0.0,hard_fault_cluster
743,N3215,observe,-0.47952231764793396,3.1464304447174074,4.4023472428321835,-1.9535695552825927,2.045179789066315,-0.47952231764793396,0.02349133789539337,-5.531248033046722,-4.400169163942336,0.00023491337895393372,0.3714817762374878,0.014777397736907005,0.014777397736907005,-5.5982125997543335,0.029968783259391785,0.13983677327632904,0.009016454219818115,106130.5625,43071.47265625,63059.0859375,105752.078125,42930.796875,62821.28515625,0.0035662148147821426,0.0032661010045558214,0.003771078772842884,0.35662148147821426,3.035147061571479,2.524356336593628,3.0064455098472536,3.0246983957290654,2.0857217788696296,1.4033003981877124,3.1464304447174074,1908.0278031547186,1908.0278031547186,greedy,3.1464304447174074,0.0,hard_fault_cluster
744,N3185,observe,-0.4448850452899933,1.7597615957260135,3.395604556798935,-2.1177651643753053,1.143845037221909,-0.4448850452899933,0.016867130994796753,-5.879833389520645,-4.318548533320426,0.00016867130994796753,0.36907097697257996,0.011379832401871681,0.011379832401871681,-5.897000048160553,0.029326513409614563,0.13757675886154175,0.005985435098409653,105752.015625,42930.78125,62821.234375,105440.1875,42790.34765625,62649.8359375,0.0029486732091754675,0.003271163208410144,0.0027283518575131893,0.29486732091754675,2.9608983043581247,1.7119387245178224,2.9397130818106234,2.128967938423157,0.8536578178405765,0.6601859513670207,1.7597615957260135,1909.7875647504447,1909.7875647504447,greedy,1.7597615957260135,0.0,hard_fault_cluster
745,N3195,observe,-0.41442158818244934,1.2119604110717779,2.700216144323349,-1.8211661338806149,0.7877742671966557,-0.41442158818244934,0.014703981578350067,-5.605691291093827,-4.25756738781929,0.00014703981578350066,0.3694653809070587,0.008263716474175453,0.008263716474175453,-4.979600245952606,0.028646651655435562,0.13586649298667908,0.00399789959192276,105440.1171875,42790.3203125,62649.796875,105154.828125,42646.09375,62508.734375,0.002705697435885668,0.0033705418463796377,0.0022516034077852964,0.2705697435885668,2.8876328635960817,1.3748820328712463,2.8704070900566876,1.6805548334121705,0.8901806235313415,0.6347126522287726,1.2119604110717779,1910.9995251615164,1910.9995251615164,greedy,1.2119604110717779,0.0,hard_fault_cluster
746,N5297,observe,-1.0384577512741089,0.8671660244464875,0.3006297290325164,0.0933148965239525,0.5636579158902169,-1.0384577512741089,0.2130172699689865,0.9852087989449502,2.5867408037185666,0.002130172699689865,-0.03320029377937317,0.034781262278556824,0.034781262278556824,-0.4588409766554833,0.02649908885359764,0.12099133431911469,-0.0036829859018325806,105154.40625,42645.515625,62508.890625,105386.0625,42689.765625,62696.29296875,-0.0022030104883015156,-0.0010376237332820892,-0.002998010953888297,-0.22030104883015156,2.8977074176073074,1.0707243847846983,2.71185851842165,1.0698842096328736,0.8600505322217942,1.0181154883289127,0.8671660244464875,1911.866691185963,1911.866691185963,greedy,0.8671660244464875,0.0,hard_fault_cluster
747,N3225,observe,-0.9532620906829834,2.3316203713417054,2.642238652706146,0.5249515050649644,1.5155532413721087,-0.9532620906829834,0.21743281185626984,1.9916370725631714,0.9269445371493928,0.0021743281185626984,-0.040229350328445435,0.03666353225708008,0.03666353225708008,1.3261209213733673,0.02671566605567932,0.11517804861068726,-0.001999273896217346,105386.421875,42690.28125,62696.140625,105045.4453125,42566.453125,62478.9921875,0.0032354886643588543,0.002900616265833378,0.003463505767285824,0.32354886643588543,2.925662949681282,2.829308352470398,2.7350906915962696,2.8840232706069946,2.3650973558425905,2.2298252421960205,2.3316203713417054,1914.1983115573046,1914.1983115573046,greedy,2.3316203713417054,0.0,hard_fault_cluster
748,N18435,observe,-0.4687102437019348,1.5437094032764438,2.757398521900177,-1.6016925036907192,1.0034111121296885,-0.4687102437019348,0.039027705788612366,-3.781669115424156,-2.7317424818873404,0.00039027705788612365,0.3309181332588196,-0.006716525182127953,-0.006716525182127953,-5.735118298530579,0.030191194266080856,0.13387715816497803,0.0021147727966308594,105044.96875,42566.01953125,62478.953125,104836.5859375,42481.4609375,62355.125,0.0019837485160678625,0.0019865280482918024,0.001981917303055525,0.19837485160678625,3.05143060721457,1.9207422423362734,3.0271972217597067,2.2807429718971255,1.3767054677009585,1.014788913615048,1.5437094032764438,1915.742020960581,1915.742020960581,greedy,1.5437094032764438,0.0,hard_fault_cluster
749,N3095,observe,-0.3948722183704376,1.1913393795490266,2.4558440685272216,-1.5450510561466217,0.7743705967068673,-0.3948722183704376,0.010500714182853699,-4.411649142801761,-3.3792905569076535,0.00010500714182853699,0.37035349011421204,0.0075301919132471085,0.0075301919132471085,-4.515974877476692,0.027801666408777237,0.13340844213962555,0.0033479705452919006,104836.953125,42481.89453125,62355.0546875,104628.0,42382.578125,62245.421875,0.0019931248389184475,0.002337852492928505,0.0017582024447619915,0.19931248389184475,2.7981975469738245,1.2262203657627107,2.784674367401749,1.5013498866558075,0.8329049825668338,0.5826986186206343,1.1913393795490266,1916.9333603401299,1916.9333603401299,greedy,1.1913393795490266,0.0,hard_fault_cluster
750,N5301,observe,-1.0135633945465088,0.9978036284446716,0.24190549254417415,0.1977093335986137,0.6485723584890366,-1.0135633945465088,0.21095876395702362,1.4617422580718993,2.9444219708442683,0.002109587639570236,-0.033463358879089355,0.03567957133054733,0.03567957133054733,-0.32328525781631473,0.025643467903137207,0.11672744154930115,-0.0036260858178138733,104627.5234375,42381.9296875,62245.59375,104933.0703125,42473.90234375,62459.16796875,-0.0029203298036009073,-0.002170091262087226,-0.0034311539493501186,-0.29203298036009073,2.8109851256012917,1.087924136519432,2.6260063741356134,1.087627806067467,1.0861654356122017,1.143581733778119,0.9978036284446716,1917.9311639685745,1917.9311639685745,greedy,0.9978036284446716,0.0,hard_fault_cluster
751,N3135,observe,-0.9319695830345154,2.103617834279066,1.355160415172577,0.4731701291207355,1.367351592281393,-0.9319695830345154,0.21470220386981964,1.8053816587332765,0.8156021189188323,0.0021470220386981963,-0.0410061776638031,0.03736444562673569,0.03736444562673569,1.345698970556259,0.026241954416036606,0.11181411147117615,-0.001970730721950531,104933.5,42474.5390625,62458.9609375,104623.9921875,42367.8828125,62256.109375,0.002949561458081007,0.002511063124984503,0.003247757675126195,0.2949561458081007,2.876262091100216,2.7516022074222564,2.6872121039777994,2.805402814149857,2.3660048663616178,1.650572376667851,2.103617834279066,1920.0347818028536,1920.0347818028536,greedy,2.103617834279066,0.0,hard_fault_cluster
752,N3165,observe,-0.39952924847602844,1.253765618801117,2.8169721007347106,-1.9380813479423522,0.8149476522207261,-0.39952924847602844,0.007497332990169525,-5.38798971414566,-3.8169679761587245,7.497332990169525e-05,0.37095537781715393,0.009654352441430092,0.007497332990169525,-5.914277336597443,0.02754855528473854,0.13266611099243164,0.004397060722112656,104623.9375,42367.8671875,62256.06640625,104459.515625,42309.8828125,62149.6328125,0.0015715511981397867,0.0013685931917279959,0.001709609990939498,0.15715511981397867,2.7720072139054537,1.4353287076950074,2.759143449831754,1.7857072806358338,0.7668099880218506,0.5863428297371711,1.253765618801117,1921.2885474216546,1921.2885474216546,greedy,1.253765618801117,0.0,hard_fault_cluster
753,N3125,observe,-0.3805696368217468,1.162536436319351,2.428246200084686,-1.5846790611743926,0.7556486836075782,-0.3805696368217468,0.0078907310962677,-4.360689682662487,-3.083056029397369,7.8907310962677e-05,0.3719310462474823,0.006781863048672676,0.006781863048672676,-4.19704933822155,0.02722645178437233,0.1322266161441803,0.0031901970505714417,104459.421875,42309.83203125,62149.5859375,104299.2265625,42237.2734375,62061.953125,0.0015335649950429797,0.0017149345949292183,0.0014100305270403624,0.15335649950429797,2.7373177725821733,1.109285811185837,2.726313326973468,1.3784426963329317,0.4751765727996829,0.41575994704928165,1.162536436319351,1922.451083857974,1922.451083857974,greedy,1.162536436319351,0.0,hard_fault_cluster
754,N3155,observe,-0.36339786648750305,1.0606202721595765,2.3732467293739314,-1.577265465259552,0.6894031769037248,-0.36339786648750305,0.008285291492938995,-4.361551433801651,-3.0671069145202634,8.285291492938995e-05,0.37346935272216797,0.004239903762936592,0.004239903762936592,-4.087608880996704,0.026809964329004288,0.13189707696437836,0.0022297166287899017,104299.140625,42237.21875,62061.921875,104142.234375,42164.0859375,61978.1484375,0.0015043867751955986,0.0017314779106527567,0.0013498363550752401,0.15043867751955986,2.6935216281563044,0.947101491689682,2.6841277317143977,1.198046660423279,0.3232417583465579,0.33318096674996944,1.0606202721595765,1923.5117041301337,1923.5117041301337,greedy,1.0606202721595765,0.0,hard_fault_cluster
755,N5256,observe,-0.981574535369873,1.0288052152842284,-1.2284265458583832,0.23432621467858555,0.6687233899347484,-0.981574535369873,0.20962809026241302,1.4681784104555844,1.8350414037704466,0.0020962809026241302,-0.03420683741569519,0.03749172389507294,0.03749172389507294,0.1086082696914672,0.024953380227088928,0.11393949389457703,-0.003650553524494171,104141.25,42163.03515625,61978.21875,104482.0,42270.8671875,62211.12890625,-0.0032719983719289303,-0.0025575016625225544,-0.0037579357158392668,-0.32719983719289303,2.742457836866379,1.039217775464058,2.5571179762482643,1.035179334282875,1.0296846017241479,-0.22552127934992316,1.0288052152842284,1924.5405093454178,1924.5405093454178,greedy,1.0288052152842284,0.0,hard_fault_cluster
756,N3115,observe,-0.9074661731719971,2.0089129192841026,1.374363440275192,0.45589062335574454,1.3057933975346667,-0.9074661731719971,0.21260638535022736,1.732979621315835,0.7822377302409221,0.0021260638535022737,-0.04164782166481018,0.0383513942360878,0.0383513942360878,1.319424704313278,0.02580472081899643,0.1096099466085434,-0.0020969808101654053,104482.9453125,42271.921875,62211.0234375,104197.015625,42176.31640625,62020.703125,0.0027366159483790398,0.0022616777569055557,0.0030592698603868484,0.273661594837904,2.831429861485958,2.5858516204357147,2.6432115267962217,2.6301539885997776,2.2691680908203122,1.6238393927944115,2.0089129192841026,1926.549422264702,1926.549422264702,greedy,2.0089129192841026,0.0,hard_fault_cluster
757,N3080,observe,-0.3777930438518524,1.5396369934082033,2.8164062201976776,-1.6345775008201597,1.0007640457153322,-0.3777930438518524,0.0056512802839279175,-4.417363564372063,-3.166074466705322,5.651280283927918e-05,0.3736228048801422,0.007584759965538979,0.0056512802839279175,-4.761283994913101,0.02679499238729477,0.1318146288394928,0.0036297664046287537,104196.8984375,42176.234375,62020.6640625,104070.1484375,42137.7109375,61932.4375,0.0012164469808340073,0.0009133920539170504,0.001422534929588437,0.12164469808340073,2.692735278978944,1.331110510826111,2.6828082487918437,1.6490853166580202,0.8247351169586183,0.6305078847660938,1.5396369934082033,1928.0890592581102,1928.0890592581102,greedy,1.5396369934082033,0.0,hard_fault_cluster
758,N3205,observe,-0.36247438192367554,1.1631425797939299,2.4564537227153775,-1.5739867389202118,0.7560426768660544,-0.36247438192367554,0.006220288574695587,-4.319426908195019,-3.046588193870497,6.220288574695587e-05,0.37429192662239075,0.005048790946602821,0.005048790946602821,-4.080510258078575,0.02650480717420578,0.1314883977174759,0.002526145428419113,104070.1015625,42137.703125,61932.3984375,103954.6015625,42088.0234375,61866.578125,0.0011098288232460618,0.0011789841810241342,0.0010627767769619823,0.11098288232460618,2.6617497969418764,1.013332041501999,2.6532979873009026,1.2802556121349338,0.38969879150390646,0.3772412305267863,1.1631425797939299,1929.252201837904,1929.252201837904,greedy,1.1631425797939299,0.0,hard_fault_cluster
759,N3145,observe,-0.3484424650669098,1.0843328118324278,2.374250394105911,-1.5454012989997863,0.704816327691078,-0.3484424650669098,0.006950296461582184,-4.3295425790548325,-3.0543074475601313,6.950296461582184e-05,0.3758348226547241,0.002836296334862709,0.002836296334862709,-3.84764022231102,0.02616085484623909,0.13129101693630219,0.0017017833888530731,103954.5390625,42087.9921875,61866.546875,103854.1484375,42042.6796875,61811.46875,0.0009657166083343327,0.0010766134364530444,0.0008902731351554394,0.09657166083343327,2.625872077420354,0.8869676983356476,2.61853213282302,1.1351952528953553,0.2464249610900881,0.29270383907929964,1.0843328118324278,1930.3365346497364,1930.3365346497364,greedy,1.0843328118324278,0.0,hard_fault_cluster
760,N3544,observe,-0.3350973427295685,1.0269689977169039,3.9414545536041254,-1.573368674516678,0.6675298485159875,-0.3350973427295685,0.007775828242301941,-4.382952635586261,-1.2724214553833009,7.775828242301942e-05,0.3776116967201233,0.0009397435933351517,0.0009397435933351517,-3.9113105899095535,0.025826331228017807,0.13117453455924988,0.001059155911207199,103854.265625,42042.765625,61811.49609375,103774.90625,42006.171875,61768.734375,0.0007641416741535068,0.0008703935309313238,0.0006918085273355246,0.07641416741535068,2.591348694637418,0.7985311686992647,2.58481201576069,1.0416214883327486,0.16210124492645286,1.8397762891172897,1.0269689977169039,1931.3635036474534,1931.3635036474534,greedy,1.0269689977169039,0.0,hard_fault_cluster
761,N3175,observe,-0.3229715824127197,1.0405211672186854,0.9408371567726135,0.09801041975617411,0.6763387586921455,-0.3229715824127197,0.008546806871891022,0.9025233179330826,0.5689333647489547,8.546806871891022e-05,0.37957093119621277,-0.0006747599691152573,-0.0006747599691152573,1.0607404550909996,0.025509532541036606,0.13109079003334045,0.0005370602011680603,103774.6875,42006.02734375,61768.65625,103712.0859375,41976.67578125,61735.41015625,0.0006032449891790748,0.0006987464730627835,0.0005382356466725469,0.060324498917907476,2.5588253010064363,0.9475589190423488,2.5529212658293545,0.9475471173226833,1.0636471942067147,0.801647207173171,1.0405211672186854,1932.404024814672,1932.404024814672,greedy,1.0405211672186854,0.0,hard_fault_cluster
762,N3105,observe,-0.31184789538383484,1.3269273757934572,1.2167858600616455,0.18264585256576543,0.8625027942657472,-0.31184789538383484,0.009267501533031464,3.179842507839203,2.9350842548392393,9.267501533031463e-05,0.3812898099422455,-0.002046985551714897,-0.002046985551714897,4.269382778406143,0.025221239775419235,0.13103002309799194,0.00010345876216888428,103712.046875,41976.6640625,61735.3828125,103662.703125,41953.25,61709.44921875,0.00047577646910212934,0.0005577875999733806,0.0004200766561552882,0.047577646910212934,2.52934449352324,6.28518283843994,2.5239291065372527,3.247667818069458,2.5999815464019775,1.8776611140252157,1.3269273757934572,1933.7309521904656,1933.7309521904656,greedy,1.3269273757934572,0.0,hard_fault_cluster
763,N3275,observe,-0.30179789662361145,1.4782130110263827,1.0799043536186217,0.39802652478218103,0.9608384571671488,-0.30179789662361145,0.009925030171871185,4.641946616768838,4.2000143976212705,9.925030171871185e-05,0.3827742636203766,-0.0032200049608945847,-0.0032200049608945847,6.241705283224583,0.024963125586509705,0.1309870332479477,-0.00026141852140426636,103662.796875,41953.31640625,61709.4765625,103625.015625,41935.4296875,61689.5859375,0.0003644629614427686,0.0004263481532689184,0.0003223269013687968,0.03644629614427686,2.503017583861947,6.626090295314788,2.4979888149537146,6.093482120037079,3.6065118789672845,2.5248466642381384,1.4782130110263827,1935.209165201492,1935.209165201492,greedy,1.4782130110263827,0.0,hard_fault_cluster
764,N3245,observe,-0.2927390933036804,1.4885613679885865,2.5407498478889465,0.4303472995758058,0.9675648891925812,-0.2927390933036804,0.010512426495552063,4.707360246777535,5.999999999999999,0.00010512426495552064,0.38405269384384155,-0.004220245406031609,-0.004220245406031609,6.211959414780139,0.024734482169151306,0.1309518963098526,-0.0005718991160392761,103624.8671875,41935.3515625,61689.515625,103595.359375,41921.2109375,61674.14453125,0.0002847560972440988,0.0003372005885466933,0.00024916866095736623,0.028475609724409878,2.479740398004651,4.01680801153183,2.4750212621875107,6.654151315689087,3.7824130535125726,4.558568484783172,1.4885613679885865,1936.6977265694804,1936.6977265694804,greedy,1.4885613679885865,0.0,hard_fault_cluster
765,N15291,observe,-0.24154643714427948,1.6375464087724687,2.603578722476959,0.4895768052339555,1.0644051657021047,-0.24154643714427948,0.01406192034482956,4.849987834692001,5.999999999999999,0.0001406192034482956,0.38814210891723633,-0.005118681117892265,-0.005118681117892265,6.274316820502281,0.02550472319126129,0.1312495917081833,-0.0007241889834403992,103595.2578125,41921.109375,61674.1484375,103438.515625,41851.75390625,61586.765625,0.0015130247920751572,0.001654428313486278,0.0014168466441333294,0.15130247920751572,2.5594155583530664,6.036267803907394,2.5527081289328635,6.74225396990776,4.156769585609435,4.801900230646133,1.6375464087724687,1938.335272978253,1938.335272978253,greedy,1.6375464087724687,0.0,hard_fault_cluster
766,N3265,observe,-0.2648020088672638,1.5266306555271147,2.5815457582473753,0.4101367151737213,0.9923099260926246,-0.2648020088672638,0.012079738080501556,1.4444220328330992,2.5099451541900635,0.00012079738080501556,0.38815394043922424,-0.006181223317980766,-0.006181223317980766,1.0089018034934998,0.024550210684537888,0.13095587491989136,-0.0010692402720451355,103438.5546875,41851.8203125,61586.734375,103492.609375,41878.73828125,61613.875,-0.0005225777276791632,-0.0006431731744669378,-0.0004406894731801003,-0.05225777276791632,2.4609195832163095,1.4207704651355744,2.456495697144419,1.4122940409183502,1.276509290933609,2.9297310391068456,1.5266306555271147,1939.86190363378,1939.86190363378,greedy,1.5266306555271147,0.0,hard_fault_cluster
767,N15169,observe,-0.3803454339504242,0.824876363875228,0.7002068400382995,0.1744901180875604,0.5361696365188983,-0.3803454339504242,0.004154227674007416,0.8384398338224854,0.5744110405445099,4.154227674007416e-05,0.3930138051509857,0.002509111538529396,0.002509111538529396,0.9041100500241737,0.023557864129543304,0.1346447914838791,0.004880528897047043,103492.671875,41878.84375,61613.83203125,103949.703125,42030.375,61919.328125,-0.004416073672473431,-0.003618324641138315,-0.004958238918334246,-0.44160736724734306,2.3624497521668673,3.82591282189067,2.3574522477574646,2.3282462722080526,0.8521551176949288,0.7475289306445484,0.824876363875228,1940.6867799976553,1940.6867799976553,greedy,0.824876363875228,0.0,hard_fault_cluster
768,N15176,observe,-0.9557092785835266,0.9403131410479545,0.44664176106452935,0.10657856062054634,0.6112035416811704,-0.9557092785835266,0.21221555769443512,1.0368032574653625,0.8021416068077087,0.0021221555769443514,-0.03611639142036438,0.03830219805240631,0.03830219805240631,-0.44437140315771106,0.024051841348409653,0.11549648642539978,-0.004797019064426422,103949.671875,42030.328125,61919.34375,104476.671875,42268.75,62207.921875,-0.005069761071354151,-0.005672615021467209,-0.004660548642277718,-0.5069761071354151,2.6557018905878067,1.0860343533754349,2.4678135737776756,1.0811499434709548,0.941506026685238,0.5770440014451743,0.9403131410479545,1941.6270931387032,1941.6270931387032,greedy,0.9403131410479545,0.0,hard_fault_cluster
769,N15119,observe,-1.0967456102371216,3.4522794812917708,2.842918175458908,0.17211032897233966,2.243981662839651,-1.0967456102371216,0.19546948373317719,2.0010340034961698,1.452285897731781,0.001954694837331772,-0.022527724504470825,0.029312701895833015,0.029312701895833015,-0.10726042568683636,0.02938702702522278,0.1196746975183487,-0.0028367340564727783,105370.390625,42510.8203125,62859.5703125,106266.3125,43129.16796875,63137.1484375,-0.00850259605795145,-0.014545653015375137,-0.0044158450327813625,-0.850259605795145,3.163484888151288,3.022460684776306,2.9948982489295304,3.042459878921509,2.301102066040039,1.7204951269179583,3.4522794812917708,1945.079372619995,1945.079372619995,greedy,3.4522794812917708,0.0,hard_fault_cluster
770,N18466,observe,-1.0902633666992188,2.4336043360829356,2.9864503026008604,0.7386753323674202,1.5818428184539082,-1.0902633666992188,0.21381239593029022,2.5421744406223294,3.148068988323211,0.0021381239593029023,-0.034933269023895264,0.03538636863231659,0.03538636863231659,5.061885386407376,0.027954943478107452,0.10929892957210541,-4.26173210144043e-06,106266.140625,43129.03125,63137.109375,107034.96875,43475.54296875,63559.4296875,-0.0072349305264651775,-0.008034302853047848,-0.006688939407467842,-0.7234930526465178,3.044693112373352,1.9794673082232475,2.857794038951397,1.9240670558810233,1.5396372705698012,2.575764225870371,2.4336043360829356,1947.5129769560779,1947.5129769560779,greedy,2.4336043360829356,0.0,hard_fault_cluster
771,N24042,observe,-1.08111572265625,1.592464941740036,2.721530771255493,0.331424303650856,1.0351022121310234,-1.08111572265625,0.22089089453220367,1.5914272964000702,2.788948953151703,0.0022089089453220367,-0.04264804720878601,0.03549584001302719,0.03549584001302719,1.3738801169395447,0.0279509499669075,0.10528500378131866,0.0015508979558944702,107034.953125,43475.3125,63559.640625,107696.7890625,43787.4140625,63909.375,-0.006183362565934658,-0.007178822532296181,-0.005502460058778524,-0.6183362565934658,3.051481731235981,1.3963594329357147,2.859191680327058,1.3768919599056244,1.2414902478456498,2.3819686610996724,1.592464941740036,1949.1054418978179,1949.1054418978179,greedy,1.592464941740036,0.0,hard_fault_cluster
772,N15171,observe,-1.0859718322753906,0.8992728129029275,1.0435603857040405,0.0072055856883526,0.5845273283869029,-1.0859718322753906,0.21061860024929047,0.7837706319987774,1.023896300792694,0.0021061860024929047,-0.03142324090003967,0.029660413041710854,0.029660413041710854,-0.8771182052791119,0.028517216444015503,0.11140656471252441,-0.0006150603294372559,107697.125,43788.015625,63909.10546875,107917.453125,43864.75,64052.69921875,-0.002045812550932169,-0.0017524058930575848,-0.0022468434181064367,-0.2045812550932169,3.0920006576925516,1.0182737520337106,2.9117913977243006,1.0286698868870736,0.9772097833454609,1.0231914591416715,0.8992728129029275,1950.0047147107207,1950.0047147107207,greedy,0.8992728129029275,0.0,hard_fault_cluster
773,N4376,observe,-0.9591284990310669,2.4408663392066954,3.6876168012619015,0.10413215637207036,1.586563120484352,-0.9591284990310669,0.2125350683927536,1.6318664729595183,2.7988656520843502,0.002125350683927536,-0.041280269622802734,0.03109131194651127,0.03109131194651127,-1.1686449468135836,0.02999357134103775,0.10759210586547852,0.001223396509885788,107917.328125,43864.5,64052.82421875,107220.7890625,43596.671875,63624.1171875,0.006454376503825188,0.0061058057472109795,0.006693023256957531,0.6454376503825188,3.24298351444304,2.3138030266761778,3.0602637291885912,2.348117492198944,2.532932734489441,3.7464062774181364,2.4408663392066954,1952.4455810499273,1952.4455810499273,greedy,2.4408663392066954,0.0,hard_fault_cluster
774,N14430,observe,-0.9330921769142151,2.6661522820591927,3.5253540754318236,0.39975563332438463,1.7329989833384754,-0.9330921769142151,0.2118145376443863,2.1198305924236776,2.8766664147377012,0.0021181453764438627,-0.04167753458023071,0.03449394553899765,0.03449394553899765,0.08807235062122343,0.02977048233151436,0.10647502541542053,0.0016949288547039032,107220.78125,43596.90234375,63623.87890625,106581.75,43317.3515625,63264.40234375,0.005959956906735897,0.006412170827388763,0.00565002579241991,0.5959956906735897,3.22335671633482,2.49291454076767,3.038625353947282,2.523632915019989,2.767490416765213,3.898868770897388,2.6661522820591927,1955.1117333319864,1955.1117333319864,greedy,2.6661522820591927,0.0,hard_fault_cluster
775,N15124,observe,-1.0478602647781372,1.0893437802791597,1.3356204390525817,0.028513594865798967,0.7080734571814539,-1.0478602647781372,0.20702393352985382,1.0704615652561187,1.4231407165527343,0.0020702393352985383,-0.027020424604415894,0.030256496742367744,0.030256496742367744,-0.969390869140625,0.028725523501634598,0.11275497078895569,-0.000623553991317749,106581.84375,43317.3671875,63264.4765625,106848.515625,43393.3125,63455.203125,-0.002502038376405835,-0.0017532301135361195,-0.003014749614521861,-0.2502038376405835,3.1098327804356813,1.2831194305419922,2.931872457731515,1.2957196974754335,1.024563479423523,1.2169339099526406,1.0893437802791597,1956.2010771122657,1956.2010771122657,greedy,1.0893437802791597,0.0,hard_fault_cluster
776,N4397,observe,-0.9596261978149414,2.3216039836406708,3.3758049249649043,0.28568860232830046,1.509042589366436,-0.9596261978149414,0.20977799594402313,1.835301122069359,2.769509422779083,0.0020977799594402314,-0.03749540448188782,0.03186231106519699,0.03186231106519699,-0.6331159538030625,0.029114767909049988,0.10829553008079529,0.0007675029337406158,106848.2421875,43392.9765625,63455.265625,106276.03125,43169.2890625,63106.7421875,0.005355361383408308,0.005154924001544714,0.005492427386343479,0.5355361383408308,3.153117097914219,2.564602816104889,2.971886867657304,2.623092782497406,2.560836666822434,3.7645438334345815,2.3216039836406708,1958.5226810959064,1958.5226810959064,greedy,2.3216039836406708,0.0,hard_fault_cluster
777,N3445,observe,-0.6661193370819092,1.7712184667587285,4.1453622579574585,-1.0767214179039,1.1512920033931735,-0.6661193370819092,0.11818262934684753,-1.7746225267648696,-3.1033092021942137,0.0011818262934684754,0.20563742518424988,0.0006895270198583603,0.0006895270198583603,-5.490712584257126,0.03291426971554756,0.1254395693540573,0.0029413774609565735,106276.296875,43169.54296875,63106.75,105822.734375,42971.48046875,62851.25,0.004267767071723938,0.004588014911860228,0.00404869532212615,0.4267767071723938,3.410299127921462,2.2774563503265384,3.3211450106464326,2.501732153892517,2.171628522872925,2.0415585398674017,1.7712184667587285,1960.293899562665,1960.293899562665,greedy,1.7712184667587285,0.0,hard_fault_cluster
778,N4360,observe,-0.42837801575660706,1.3718091011047364,4.4013646125793455,-1.7869907855987548,0.8916759157180787,-0.42837801575660706,0.012824133038520813,-4.905595790743828,-5.319666337966918,0.00012824133038520812,0.36105236411094666,0.010180214419960976,0.010180214419960976,-5.354039040803909,0.0306716151535511,0.13315251469612122,0.004058007150888443,105822.421875,42971.2421875,62851.1796875,105445.5390625,42791.8828125,62653.65625,0.0035614646039903164,0.00417393958196044,0.0031427163630723953,0.35614646039903164,3.090165862813592,1.6812203741073608,3.0729126022197306,2.014648244380951,1.169275689125061,1.39002919793129,1.3718091011047364,1961.6657086637697,1961.6657086637697,greedy,1.3718091011047364,0.0,hard_fault_cluster
779,N3526,observe,-0.4033593237400055,1.3016868591308592,4.292972946166992,-1.7254945755004885,0.8460964584350585,-0.4033593237400055,0.012572944164276123,-4.788859369754792,-5.253856420516968,0.00012572944164276122,0.3644552230834961,0.007362181320786476,0.007362181320786476,-5.407719411849976,0.03006948158144951,0.13296009600162506,0.002730179578065872,105445.734375,42792.06640625,62653.671875,105109.296875,42626.9453125,62482.34765625,0.0031906221993267536,0.0038586847949773073,0.0027344641275703907,0.31906221993267536,3.0268832836300135,1.5395221543312074,3.0119319395162165,1.854098494052887,1.2295467734336856,1.429205402731896,1.3016868591308592,1962.9673955229005,1962.9673955229005,greedy,1.3016868591308592,0.0,hard_fault_cluster
780,N3772,observe,-0.21054553985595703,1.9555827975273135,4.718494033813476,-1.5883028149604796,1.2711288183927538,-0.21054553985595703,0.037837013602256775,-4.05849979698658,-4.74889760017395,0.00037837013602256777,0.3816935122013092,0.016057142987847328,0.016057142987847328,-5.165115543603897,0.035487428307533264,0.1478641927242279,0.010549906641244888,105108.953125,42626.6796875,62482.2734375,105039.671875,42517.078125,62522.59375,0.0006591374985873699,0.0025711962953209877,-0.0006453079986386001,0.06591374985873699,3.6026369873434305,2.464810054302216,3.5622163699008524,2.76136602640152,1.2422291040420532,1.4374489176273348,1.9555827975273135,1964.9229783204278,1964.9229783204278,greedy,1.9555827975273135,0.0,hard_fault_cluster
781,N3490,observe,-0.3779388964176178,1.2917869694530963,2.7992606878280637,0.054879293963313105,0.8396615301445126,-0.3779388964176178,0.020402580499649048,0.5094001798331738,-1.599385532736778,0.00020402580499649049,0.3743637502193451,0.009200481697916985,0.009200481697916985,0.5536432211101054,0.030530422925949097,0.13870149850845337,0.005335923284292221,105040.0703125,42517.40625,62522.6640625,105120.171875,42610.9921875,62509.1796875,-0.0007625810103490949,-0.002201120601966977,0.00021567179646808654,-0.07625810103490949,3.0826453547924757,1.4197062700986862,3.060443058144301,1.0327804692089557,1.1078439071774484,1.3500985396653418,1.2917869694530963,1966.214765289881,1966.214765289881,greedy,1.2917869694530963,0.0,hard_fault_cluster
782,N3748,observe,-0.46831363439559937,1.1249123860150576,2.672834730148315,0.04552914958447219,0.7311930509097875,-0.46831363439559937,0.015415176749229431,0.39626135885715486,-1.6590231731534002,0.00015415176749229432,0.37924322485923767,0.01832246594130993,0.015415176749229431,0.6128626555949449,0.02895989641547203,0.13898447155952454,0.004232339560985565,105119.765625,42610.640625,62509.12109375,105147.890625,42549.203125,62598.68359375,-0.00026755197905004025,0.0014418347273021936,-0.0014327908866107464,-0.026755197905004025,2.9297272842377424,1.044409911930561,2.904424052219838,0.9963393619656562,0.8927991233766079,1.2103194301947955,1.1249123860150576,1967.339677675896,1967.339677675896,greedy,1.1249123860150576,0.0,hard_fault_cluster
783,N15159,observe,-1.0501556396484375,0.9439225107431412,1.260254156589508,0.06623268872499467,0.6135496319830418,-1.0501556396484375,0.2135840803384781,1.0497735306620597,1.400220251083374,0.002135840803384781,-0.02954190969467163,0.03505709022283554,0.03505709022283554,-1.0178356143832208,0.027412008494138718,0.12380555272102356,-0.003202185034751892,105148.1796875,42549.5703125,62598.609375,105543.265625,42729.94921875,62813.3203125,-0.0037574206944555044,-0.004239264875650406,-0.0034299634862691164,-0.37574206944555044,2.9898420199751854,1.4641241413354875,2.8033611420542,1.484871993660927,1.1037413850426674,1.4115421501547099,0.9439225107431412,1968.283600186639,1968.283600186639,greedy,0.9439225107431412,0.0,hard_fault_cluster
784,N15164,observe,-1.0994009971618652,1.6179374516010288,2.146228241920471,-0.3358129322528838,1.0516593435406687,-1.0994009971618652,0.21297802031040192,0.9712190330028535,1.6576785922050474,0.0021297802031040192,-0.026007920503616333,0.02865779586136341,0.02865779586136341,-2.5943532395362854,0.02653484418988228,0.12412650883197784,-0.0043274760246276855,105543.234375,42729.9453125,62813.29296875,106003.5078125,42944.7734375,63058.734375,-0.004360994324088097,-0.005027577746659517,-0.003907475620508194,-0.43609943240880966,2.895120235159993,2.466333820819855,2.713893373031169,2.5740073466300966,1.3389743149280549,1.5342899334430693,1.6179374516010288,1969.90153763824,1969.90153763824,greedy,1.6179374516010288,0.0,hard_fault_cluster
785,N15162,observe,-1.1291180849075317,5.132505196332931,4.816510033607482,0.02275363743305207,3.3361283776164057,-1.1291180849075317,0.21415765583515167,2.664674365520477,2.372463822364807,0.0021415765583515166,-0.023814022541046143,0.023766206577420235,0.023766206577420235,-1.3986858141422274,0.025332096964120865,0.12309662997722626,-0.005269661545753479,106003.421875,42944.7265625,63058.69921875,106507.671875,43180.25390625,63327.421875,-0.004756921902298927,-0.005484430119395256,-0.0042614685371518135,-0.47569219022989273,2.7711335588246584,3.2325586152076724,2.5926906620152295,3.2684448552131657,3.3590966999530796,2.8495570880174643,5.132505196332931,1975.0340428345728,1975.0340428345728,greedy,5.132505196332931,0.0,hard_fault_cluster
786,N4554,observe,-0.9033516645431519,5.602558064460754,2.3999999999999995,0.35179064512252817,3.6416627418994905,-0.9033516645431519,0.233206644654274,4.51123286485672,4.7808332443237305,0.0023320664465427397,-0.030031532049179077,0.023906538262963295,0.023906538262963295,-4.387885229587555,0.02944082021713257,0.12557028234004974,-0.00162544846534729,106506.875,43179.48046875,63327.3984375,106169.8203125,43069.8828125,63099.9375,0.0031646285206079483,0.002538188360631466,0.00359182502143085,0.31646285206079483,3.201195204630494,5.890119309425355,3.008360317442566,5.981680483818055,6.2681489944458,4.49429684638977,5.602558064460754,1980.6366008990335,1980.6366008990335,greedy,5.602558064460754,0.0,hard_fault_cluster
787,N15121,observe,-1.0888621807098389,3.2061131477355955,2.941935294866562,-0.12052950859069818,2.0839735460281372,-1.0888621807098389,0.22213678061962128,2.054435205459595,1.889852637052536,0.002221367806196213,-0.02317756414413452,0.02176906354725361,0.02176906354725361,-2.4920815992355347,0.02607852965593338,0.12333749234676361,-0.004325315356254578,106170.4296875,43070.4765625,63099.953125,106767.609375,43322.28515625,63445.3203125,-0.005624726880341768,-0.005846431478857994,-0.005473335273563862,-0.5624726880341768,2.851758809760213,2.484206416606903,2.6688294266350567,2.5161869311332703,2.687672084569931,1.996855297088623,3.2061131477355955,1983.842714046769,1983.842714046769,greedy,3.2061131477355955,0.0,hard_fault_cluster
788,N18597,observe,-0.838074803352356,5.91687605381012,2.3999999999999995,0.5718132376670839,3.845969434976578,-0.838074803352356,0.24329929053783417,5.875314080715179,5.999999999999999,0.002432992905378342,-0.023732692003250122,0.016046205535531044,0.016046205535531044,-4.274811551570893,0.03196519613265991,0.12795376777648926,0.0006663650274276733,106765.453125,43318.640625,63446.81640625,106288.109375,43178.29296875,63109.8203125,0.004470956977456808,0.0032398905605077744,0.005311473738402128,0.4470956977456808,3.4558651093393564,5.848106045722962,3.2613559872843325,5.988449091911316,6.692190134525299,4.769923587441444,5.91687605381012,1989.759590100579,1989.759590100579,greedy,5.91687605381012,0.0,hard_fault_cluster
789,N18595,observe,-0.9597507119178772,3.0001499891281127,3.893988513946533,0.32021475553512574,1.9500974929332733,-0.9597507119178772,0.22597016394138336,2.255729600787163,3.0711506724357602,0.0022597016394138338,-0.03268912434577942,0.02272668667137623,0.02272668667137623,0.08196848332881923,0.028709691017866135,0.11851014196872711,-0.0005968660116195679,106290.296875,43182.03125,63108.26953125,106245.421875,43196.01171875,63049.40625,0.0004221928247716278,-0.00032375662703998387,0.0009327348088845611,0.04221928247716278,3.119665952399373,2.729663461446762,2.9331433144398034,2.753362387418747,2.950755113363266,4.017990823686123,3.0001499891281127,1992.7597400897073,1992.7597400897073,greedy,3.0001499891281127,0.0,hard_fault_cluster
790,N28667,observe,-1.1521800756454468,0.9847351044416428,-1.239414322376251,0.21281674712896345,0.6400778178870679,-1.1521800756454468,0.23017968237400055,1.2943550616502761,2.878349196910858,0.0023017968237400055,-0.03899356722831726,0.03081577457487583,0.03081577457487583,0.9120120239257812,0.02463151514530182,0.11063775420188904,-0.0007622465491294861,106245.21875,43195.73828125,63049.4765625,107388.890625,43649.3984375,63739.4921875,-0.010764455422759056,-0.010502428747713566,-0.010944033972918987,-1.0764455422759056,2.7241469714790583,1.0387044179439544,2.528400378767401,1.018338726758957,0.41649944782257076,-0.35927535891532925,0.9847351044416428,1993.744475194149,1993.744475194149,greedy,0.9847351044416428,0.0,hard_fault_cluster
791,N25376,observe,-1.1850831508636475,0.9219545140862464,-1.2398301780223844,0.16922381117939944,0.5992704341560602,-1.1850831508636475,0.2311134785413742,1.0817905426025392,2.6716107368469237,0.002311134785413742,-0.04675382375717163,0.033119380474090576,0.033119380474090576,0.6842627288401127,0.023787107318639755,0.10455849766731262,0.00013011321425437927,107388.8828125,43649.3984375,63739.484375,108200.125,44004.14453125,64195.984375,-0.007554247509688139,-0.008127170614898205,-0.0071619655936956406,-0.7554247509688139,2.6429435908794403,0.7537833368778228,2.4447689466178417,0.7325639522075653,0.4848183661699295,-0.31486806198954603,0.9219545140862464,1994.6664297082352,1994.6664297082352,greedy,0.9219545140862464,0.0,hard_fault_cluster
792,N15122,observe,-0.841667115688324,1.6719074591994285,2.915334105491638,0.22230123177170755,1.0867398484796287,-0.841667115688324,0.21405144035816193,1.1453572151064872,-1.2646016895771024,0.002140514403581619,0.04956403374671936,0.027925686910748482,0.027925686910748482,-0.02549180120229727,0.031022440642118454,0.1135239452123642,0.005093112587928772,108200.203125,44004.34375,64195.859375,107225.28125,43573.65625,63651.62890625,0.00901035126298666,0.009787386283278465,0.008477657102048397,0.901035126298666,3.344221191480756,1.692893334031105,3.162738346029073,1.712459083199501,1.7403359919786452,1.7612183947861197,1.6719074591994285,1996.3383371674347,1996.3383371674347,greedy,1.6719074591994285,0.0,hard_fault_cluster
793,N3463,observe,-0.4708574712276459,1.7442423105239866,4.774348783493042,-1.867466926574707,1.1337575018405914,-0.4708574712276459,0.026579879224300385,-5.402667217850685,-5.768427610397339,0.00026579879224300387,0.35353514552116394,0.0036103371530771255,0.0036103371530771255,-5.736822642087937,0.03298643231391907,0.13540019094944,0.0040748268365859985,107225.390625,43573.734375,63651.65625,106691.5390625,43341.3203125,63350.21875,0.00497877923771739,0.005333811044692993,0.004735737107694149,0.497877923771739,3.3288334477692842,2.5956364846229554,3.306190785486251,3.0000118947029115,1.4980222523212434,1.6037144640088083,1.7442423105239866,1998.0825794779587,1998.0825794779587,greedy,1.7442423105239866,0.0,hard_fault_cluster
794,N3781,observe,-0.24975351989269257,2.5414189219474794,5.21082272529602,-1.6002943873405455,1.6519222992658618,-0.24975351989269257,0.055080875754356384,-4.259609050154686,-5.04790277481079,0.0005508087575435639,0.37242430448532104,0.012812266126275063,0.012812266126275063,-5.531255081892014,0.037848975509405136,0.14961926639080048,0.011506356298923492,106691.1875,43341.0625,63350.125,106396.578125,43098.3984375,63298.17578125,0.002761328127235174,0.0055989413522183895,0.00082003342686221,0.2761328127235174,3.852790692821145,3.460085752010346,3.8018708364106715,3.799802544116974,2.290166658163071,2.118608327805996,2.5414189219474794,2000.6239983999062,2000.6239983999062,greedy,2.5414189219474794,0.0,hard_fault_cluster
795,N24349,observe,-0.6042041182518005,1.2216066718101506,4.829933500289917,-2.4575982928276057,0.7940443366765979,-0.6042041182518005,0.040114760398864746,-6.265239844918251,-5.999999999999999,0.0004011476039886475,0.36530885100364685,0.00642804242670536,0.00642804242670536,-6.227348438501358,0.033399928361177444,0.13614557683467865,0.006347067654132843,106396.609375,43098.32421875,63298.2890625,107484.953125,43586.80859375,63898.140625,-0.010229120962321758,-0.011334184557199478,-0.009476584382355213,-1.0229120962321758,3.3865356389433146,1.4656713843345646,3.351628536824137,1.8213799357414246,-0.5990025997161861,-0.2843516898155207,1.2216066718101506,2001.8456050717164,2001.8456050717164,greedy,1.2216066718101506,0.0,hard_fault_cluster
796,N3356,observe,-0.4853018820285797,0.6846571564674375,3.998937344551086,-1.9854810476303102,0.4450271517038344,-0.4853018820285797,0.03414493799209595,-5.585860781669616,-5.698387956619262,0.00034144937992095946,0.3555695712566376,0.00042337365448474884,0.00042337365448474884,-5.969102590084076,0.03365828096866608,0.13654032349586487,0.004068151116371155,107485.203125,43587.12890625,63898.0703125,106940.3125,43401.9609375,63538.3515625,0.005069447681307793,0.004248226061463356,0.005629571620374918,0.5069447681307793,3.4003964085131884,1.651544511318207,3.374470174778253,1.9456105351448063,0.572473067045212,1.002107493579388,0.6846571564674375,2002.5302622281838,2002.5302622281838,greedy,0.6846571564674375,0.0,hard_fault_cluster
797,N15031,observe,-0.32874390482902527,1.504919004440308,4.585254669189453,-1.877175951004028,0.9781973528862002,-0.32874390482902527,0.05380143225193024,-4.9903508567810055,-5.350854301452636,0.0005380143225193024,0.35957756638526917,0.0018032845109701157,0.0018032845109701157,-5.832086877822876,0.036966532468795776,0.14204782247543335,0.007526703178882599,106940.125,43401.53125,63538.59375,106655.078125,43202.5546875,63452.5234375,0.002665481064468622,0.00458455178886652,0.0013546147383749485,0.2665481064468622,3.752257963642478,2.2660479974746703,3.7105544260703027,2.5260476064682007,1.072827243804932,1.327337708473206,1.504919004440308,2004.0351812326242,2004.0351812326242,greedy,1.504919004440308,0.0,hard_fault_cluster
798,N15138,observe,-0.9543117880821228,4.9792722254991535,3.863567870855331,0.30514872521162034,3.23652694657445,-0.9543117880821228,0.22360162436962128,3.633389803767204,2.777109158039093,0.002236016243696213,-0.03293171525001526,0.032738663256168365,0.032738663256168365,-0.8931273519992828,0.028724096715450287,0.12111727893352509,-0.0019054636359214783,106655.0703125,43202.984375,63452.0859375,107043.671875,43372.10546875,63671.56640625,-0.0036435357760638,-0.00391456950455904,-0.003458995372056961,-0.36435357760638,3.1287499591708183,3.1331735467910766,2.936494743451476,3.124237928390503,3.8350556552410127,2.7031546730548146,4.9792722254991535,2009.0144534581234,2009.0144534581234,greedy,4.9792722254991535,0.0,hard_fault_cluster
799,N15010,observe,-0.7991734147071838,4.328511077165604,5.314957618713379,0.0422437781095506,2.813532200157643,-0.7991734147071838,0.23405317962169647,3.1672691106796265,4.085083174705505,0.0023405317962169646,-0.030013203620910645,0.021835895255208015,0.021835895255208015,-4.791722370386124,0.031763605773448944,0.12712278962135315,-0.0019949674606323242,107043.4375,43371.57421875,63671.8671875,106880.171875,43277.125,63603.04296875,0.001525227795355022,0.002177675487473607,0.0010809203376993537,0.1525227795355022,3.432249652221799,4.015165038108826,3.2403328460641205,4.095869917869568,4.654517734050751,5.1254365271329885,4.328511077165604,2013.342964535289,2013.342964535289,greedy,4.328511077165604,0.0,hard_fault_cluster
800,N15350,observe,-0.9136257767677307,6.591867303848266,5.999999999999999,1.0443071126937866,4.284713747501373,-0.9136257767677307,0.22948606312274933,6.54101602435112,5.999999999999999,0.002294860631227493,-0.030238747596740723,0.027262413874268532,0.027262413874268532,-0.1377917778491975,0.029650133103132248,0.12649385631084442,-0.002216741442680359,106880.265625,43277.65234375,63602.609375,106782.2421875,43232.6953125,63549.546875,0.0009171331766992807,0.0010388047667220235,0.0008342817891389132,0.09171331766992807,3.2217617873102427,6.5998211145401005,3.0292004295624793,6.5998211145401005,6.645743602514267,6.419733341634274,6.591867303848266,2019.9348318391371,2019.9348318391371,greedy,6.591867303848266,0.0,hard_fault_cluster
801,N15298,observe,-1.114147424697876,5.779323565959931,4.833356022834777,0.4755264961719515,3.7565603178739555,-1.114147424697876,0.20772753655910492,5.668985348939895,4.402347224950789,0.002077275365591049,-0.019389569759368896,0.019086474552750587,0.019086474552750587,-4.398608790636063,0.03403392434120178,0.1263030767440796,-0.0005157813429832458,107640.265625,43462.765625,64177.50390625,108027.984375,43844.76953125,64183.21484375,-0.003601986216381192,-0.008789222687482834,-8.898659143596888e-05,-0.3601986216381192,3.6302064452320337,5.899323565959931,3.460095936898142,5.899323565959931,6.348308914899826,5.029592055529356,5.779323565959931,2025.714155405097,2025.714155405097,greedy,5.779323565959931,0.0,hard_fault_cluster
802,N14425,observe,-0.62632155418396,3.155720353126526,5.999999999999999,-1.944279646873474,2.051218229532242,-0.62632155418396,0.04520308971405029,-5.521493629217148,-5.999999999999999,0.0004520308971405029,0.31500551104545593,-0.00017825327813625336,-0.00017825327813625336,-5.589851682186127,0.040375716984272,0.13605885207653046,0.005285877734422684,108027.59375,43844.3359375,64183.2578125,107582.65625,43776.203125,63806.453125,0.004118739161640406,0.0015539706218987703,0.005870762746781111,0.41187391616404057,4.082596534863114,5.127939314842225,4.048827907536179,5.728136582374574,2.1228814125061044,2.009872918128968,3.155720353126526,2028.8698757582235,2028.8698757582235,greedy,3.155720353126526,0.0,hard_fault_cluster
803,N15246,observe,-0.9007532596588135,1.042380037903786,3.597413802146911,-1.1401938647031782,0.6775470246374609,-0.9007532596588135,0.14662405848503113,-1.5409860596060752,-2.7402041792869567,0.0014662405848503114,0.15593212842941284,0.005584577098488808,0.005584577098488808,-5.680605397224427,0.035969123244285583,0.13237658143043518,0.00144876167178154,107582.8671875,43776.5,63806.3671875,107363.65625,43587.8828125,63775.7734375,0.0020376008469611406,0.0043086400255560875,0.00047947801067493856,0.20376008469611406,3.7491209600120783,2.0682490670681,3.6349644833244383,2.247633060216904,1.4050499975681303,1.543282498419285,1.042380037903786,2029.9122557961273,2029.9122557961273,greedy,1.042380037903786,0.0,hard_fault_cluster
804,N15046,observe,-1.0499579906463623,2.7275473415851597,4.157112193107604,-0.13466032147407503,1.7729057720303538,-1.0499579906463623,0.21995316445827484,1.9517146050930025,3.2197052240371704,0.0021995316445827485,-0.029706090688705444,0.006906377151608467,0.006906377151608467,-5.020372116565705,0.03282168507575989,0.12326087057590485,-0.001200348138809204,107363.546875,43587.59765625,63775.953125,107008.984375,43507.14453125,63501.84375,0.0033024477306753397,0.0018457801779732108,0.004298005253076553,0.33024477306753397,3.509028049185872,2.949960165023804,3.3388833929784596,3.001706199645996,3.709383976459503,4.511099584698677,2.7275473415851597,2032.6398031377125,2032.6398031377125,greedy,2.7275473415851597,0.0,hard_fault_cluster
805,N1241,observe,-1.0236855745315552,1.6941481351852417,3.215292906761169,-0.024421823024749708,1.1011962878704071,-1.0236855745315552,0.22237949073314667,1.4777756571769713,2.9431568384170532,0.0022237949073314668,-0.031476229429244995,0.008518921211361885,0.008518921211361885,-2.880724232196808,0.03204428777098656,0.12309695780277252,-0.0012597665190696716,107009.03125,43507.1796875,63501.85546875,106781.703125,43440.4375,63341.265625,0.002124382648617029,0.0015340499812737107,0.002528900047764182,0.21243826486170292,3.4353271890431643,1.8795264673233034,3.262153380084783,1.890801615715027,2.322086799144745,3.609356419444084,1.6941481351852417,2034.3339512728978,2034.3339512728978,greedy,1.6941481351852417,0.0,hard_fault_cluster
806,N3763,observe,-0.34060993790626526,3.3820161521434784,5.112935304641724,-0.6408338606357573,2.198310498893261,-0.34060993790626526,0.04258684813976288,-4.373587720096111,-5.615671443939208,0.0004258684813976288,0.37362924218177795,0.02153688855469227,0.02153688855469227,1.763297984302044,0.03817963972687721,0.1496156007051468,0.013450738042593002,106781.5,43440.46875,63341.03125,106639.7109375,43266.53125,63373.1796875,0.001327842939645052,0.004004043061286211,-0.0005075451917946339,0.1327842939645052,3.8820877093821764,3.749241241514683,3.833994906861335,4.0825044003129,0.9871608495712283,1.2716545522212988,3.3820161521434784,2037.7159674250413,2037.7159674250413,greedy,3.3820161521434784,0.0,hard_fault_cluster
807,N15276,observe,-0.28644683957099915,4.725494384765625,5.999999999999999,-0.3745056152343751,3.0715713500976562,-0.28644683957099915,0.059941455721855164,-4.461966274976731,-5.999999999999999,0.0005994145572185516,0.37781208753585815,0.02258663810789585,0.02258663810789585,3.7920523798465724,0.03782185912132263,0.1551664173603058,0.01591392606496811,106639.890625,43266.671875,63373.21875,106705.1875,43250.62890625,63454.5625,-0.0006123118801042438,0.0003707927535288036,-0.0012835667002946138,-0.061231188010424376,3.864714005962014,6.117247996330262,3.802817935589701,6.796869120597839,1.6735732078552252,1.7178225851058966,4.725494384765625,2042.441461809807,2042.441461809807,greedy,4.725494384765625,0.0,hard_fault_cluster
808,N15514,observe,-1.0390894412994385,3.119774781167507,3.3146859407424927,0.6421787156164646,2.0278536077588796,-1.0390894412994385,0.23013462126255035,3.962331289052963,1.0203749656677248,0.0023013462126255037,-0.028550565242767334,0.023710304871201515,0.023710304871201515,0.7478144308924676,0.029856763780117035,0.13317054510116577,-0.001618504524230957,106705.40625,43250.9453125,63454.4609375,106860.796875,43416.4765625,63444.31640625,-0.0014562582364305854,-0.003827228443697095,0.00015987105143722147,-0.14562582364305854,3.2395213041454554,2.44755107909441,3.0491376095451415,2.428707166016102,3.201808257400989,2.046625244095922,3.119774781167507,2045.5612365909744,2045.5612365909744,greedy,3.119774781167507,0.0,hard_fault_cluster
809,N15013,observe,-0.5103592276573181,1.7850453138351445,5.048122406005859,-2.1591033220291136,1.160279453992844,-0.5103592276573181,0.042476460337638855,-5.913637067079544,-5.999999999999999,0.00042476460337638857,0.3512221574783325,0.0013345573097467422,0.0013345573097467422,-5.9259746289253235,0.03079131618142128,0.1397475004196167,0.005704622715711594,106860.5625,43415.8984375,63444.66015625,106394.4921875,43245.296875,63149.1953125,0.004361480940133333,0.00392947206273675,0.004657048266381025,0.4361480940133333,3.1229426357895136,1.578220970630646,3.0900843725539744,1.9262132358551025,0.7196566581726078,1.0977768278121953,1.7850453138351445,2047.3462819048095,2047.3462819048095,greedy,1.7850453138351445,0.0,hard_fault_cluster
810,N15488,observe,-0.47728869318962097,1.1632143914699555,4.408074378967285,-2.003733068704605,0.7560893544554711,-0.47728869318962097,0.020252585411071777,-5.918175065219402,-5.999999999999999,0.00020252585411071778,0.3687748908996582,0.007888102903962135,0.007888102903962135,-4.986307224631309,0.028929147869348526,0.13834822177886963,0.005232919007539749,106394.65625,43245.8515625,63148.80859375,106071.46875,43098.28515625,62973.1875,0.0030376289505511522,0.0034122674260288477,0.0027810675092041492,0.3037628950551152,2.9210554752498865,1.0131011998653412,2.899949959013611,1.2793327605724334,0.33918612003326465,0.4592778727412229,1.1632143914699555,2048.5094962962794,2048.5094962962794,greedy,1.1632143914699555,0.0,hard_fault_cluster
811,N15136,observe,-1.0263588428497314,1.1820071683265267,0.8615627884864806,0.16862632176838815,0.7683046594122425,-1.0263588428497314,0.2217501848936081,1.31754891439341,1.0377618759870528,0.002217501848936081,-0.030888676643371582,0.027654701843857765,0.027654701843857765,-0.352602077042684,0.02791403979063034,0.12664377689361572,-0.002839796245098114,106071.3203125,43098.140625,62973.1796875,106079.796875,42991.55859375,63088.234375,-7.991379970917478e-05,0.0024730076547712088,-0.0018270426662638783,-0.007991379970917478,3.0408088658005,1.372932838294655,2.8537552007474005,1.3756145108677447,1.2565172465983778,0.923740688378457,1.1820071683265267,2049.691503464606,2049.691503464606,greedy,1.1820071683265267,0.0,hard_fault_cluster
812,N15540,observe,-0.9797835946083069,2.984033915400505,3.7342029809951782,0.4447512069344521,1.9396220450103283,-0.9797835946083069,0.22284962236881256,2.464971969425678,3.0653899431228635,0.0022284962236881257,-0.03649622201919556,0.03023858554661274,0.03023858554661274,0.3186871862411498,0.027425900101661682,0.11932842433452606,-0.0016617625951766968,106079.828125,42991.65234375,63088.171875,105716.78125,42855.6796875,62861.1015625,0.0034223932307213545,0.003162768902257085,0.003599253250285983,0.34223932307213545,2.9956782180815935,3.4864667546749115,2.8058620621450245,3.5553351533412934,3.286340594291687,3.8990377627313135,2.984033915400505,2052.6755373800065,2052.6755373800065,greedy,2.984033915400505,0.0,hard_fault_cluster
813,N15561,observe,-0.9573943614959717,2.1821445636451244,3.1209584712982172,0.40468649394810197,1.418393966369331,-0.9573943614959717,0.2208673506975174,1.9746042750775812,2.828489661216736,0.002208673506975174,-0.039453595876693726,0.03214402496814728,0.03214402496814728,0.5295358636975288,0.026946302503347397,0.11603471636772156,-0.0017190724611282349,105716.828125,42855.7109375,62861.12109375,105413.0,42729.4765625,62683.5234375,0.002873980673030019,0.002945567248389125,0.002825238509103656,0.2873980673030019,2.9476416260004044,2.3331338484585284,2.757883094251156,2.357691295892,2.2918745428323746,3.0647184528410434,2.1821445636451244,2054.8576819436516,2054.8576819436516,greedy,2.1821445636451244,0.0,hard_fault_cluster
814,N4516,observe,-0.9716702699661255,1.1256756812334061,2.6754474401473995,0.043842652738094345,0.731689192801714,-0.9716702699661255,0.22146610915660858,1.2091078341007233,2.731663429737091,0.002214661091566086,-0.0411757230758667,0.01955852098762989,0.01955852098762989,-1.8807905453443527,0.02843845635652542,0.1144217699766159,-0.0029383599758148193,105409.5703125,42725.171875,62684.3984375,105267.0625,42666.2734375,62600.7890625,0.0013519438216462731,0.001378541812300682,0.0013338146964088082,0.1351943821646273,3.0848702657967806,1.6410087180137636,2.9041017931886017,1.6698602747917177,1.644585883617401,3.1689808243513102,1.1256756812334061,2055.9833576248852,2055.9833576248852,greedy,1.1256756812334061,0.0,hard_fault_cluster
815,N15391,observe,-0.9757726788520813,1.4202470923960209,2.5351082801818845,0.3700924064218998,0.9231606100574136,-0.9757726788520813,0.21597720682621002,1.4454236187040805,0.29898726940155024,0.0021597720682621003,-0.042844414710998535,0.027864085510373116,0.027864085510373116,1.721602229475975,0.027373474091291428,0.1120588481426239,-0.002522490918636322,105270.3203125,42670.484375,62599.8359375,105120.515625,42598.359375,62522.15234375,0.0014230477390810847,0.0016902784118428826,0.0012409552000463009,0.14230477390810847,2.981188701465726,1.4596711286902428,2.7983077322132885,1.4528992065787316,1.376199695467949,1.6916318158805372,1.4202470923960209,2057.4036047172813,2057.4036047172813,greedy,1.4202470923960209,0.0,hard_fault_cluster
816,N15134,observe,-1.0224740505218506,0.990941038541496,0.6972199767827987,0.194897647369653,0.6441116750519724,-1.0224740505218506,0.2157556265592575,1.1273034451529385,0.8917283535003662,0.002157556265592575,-0.03459259867668152,0.03180498629808426,0.03180498629808426,0.9601032885909081,0.02648109942674637,0.11986564099788666,-0.003595516085624695,105120.4375,42598.28125,62522.15625,105302.84375,42611.1796875,62691.6640625,-0.0017352120485156775,-0.0003027924394700676,-0.0027111638337373734,-0.17352120485156775,2.8956705555319786,1.1770171791315078,2.7100000958889723,1.1700653225183488,0.8919636622071268,0.692625746568665,0.990941038541496,2058.394545755823,2058.394545755823,greedy,0.990941038541496,0.0,hard_fault_cluster
817,N18533,observe,-0.8477219939231873,2.76022467315197,3.542409038543701,0.45110958844423293,1.7941460375487808,-0.8477219939231873,0.23071567714214325,2.387048053741455,3.106984102725982,0.0023071567714214327,-0.03740459680557251,0.031733736395835876,0.031733736395835876,0.4761458736658094,0.028174642473459244,0.1201639324426651,-0.0018509253859519958,105301.921875,42610.19921875,62691.71875,105037.7421875,42536.8984375,62500.84375,0.002508783247321844,0.0017202637391164899,0.003044660435989499,0.2508783247321844,3.0799136608839035,2.952411113977432,2.883076600730419,2.9802676784992217,2.7227948904037476,3.8698166787624357,2.76022467315197,2061.154770428975,2061.154770428975,greedy,2.76022467315197,0.0,hard_fault_cluster
818,N18537,observe,-0.591877281665802,1.3280431717634202,3.835814785957336,-1.1440176397562027,0.8632280616462232,-0.591877281665802,0.14365553855895996,-1.7418880781531334,-2.9307818055152888,0.0014365553855895997,0.1905864179134369,0.0020232927054166794,0.0020232927054166794,-5.196890419721603,0.030764877796173096,0.1305118352174759,0.0004114583134651184,105035.84375,42533.8515625,62501.98828125,105085.7265625,42522.8828125,62562.84375,-0.00047491228906437755,0.00025788284256123006,-0.000973656540736556,-0.047491228906437755,3.222166610881686,1.7592876660823822,3.1129074874334037,1.9218329656124116,1.3251701772212983,1.491360615193844,1.3280431717634202,2062.4828136007386,2062.4828136007386,greedy,1.3280431717634202,0.0,hard_fault_cluster
819,N15180,observe,-0.7826427221298218,1.7563210517168044,3.1124782204627985,0.11381824880838394,1.141608683615923,-0.7826427221298218,0.23642490804195404,1.6564082831144333,3.033839905261993,0.0023642490804195405,-0.035592466592788696,0.021862151101231575,0.021862151101231575,-1.5833717572689057,0.029403463006019592,0.12590204179286957,-0.003460533916950226,105088.375,42526.50390625,62561.875,105177.8515625,42497.3125,62680.5390625,-0.0008514411165378988,0.0006864285678602755,-0.0018967472715303302,-0.08514411165378988,3.198633359745145,1.8309251880645754,3.0049180653877556,1.8343257999420168,1.9515440583229064,3.368503637909889,1.7563210517168044,2064.2391346524555,2064.2391346524555,greedy,1.7563210517168044,0.0,hard_fault_cluster
820,N15322,observe,-0.9397979974746704,4.1028122518211605,4.497900032997131,0.5787535482272506,2.6668279636837546,-0.9397979974746704,0.22780705988407135,3.2622835639864207,3.5135344743728636,0.0022780705988407137,-0.03486129641532898,0.029636705294251442,0.029636705294251442,1.0295124912261961,0.02684638649225235,0.12481909990310669,-0.004071488976478577,105177.984375,42497.7109375,62680.26953125,105324.140625,42537.96875,62786.171875,-0.0013896087184548378,-0.0009472936508245766,-0.0016895643202587962,-0.13896087184548378,2.9420824144035578,3.0499504426121713,2.7489995905198157,3.009216485321522,3.3735308915376665,4.233182675391436,4.1028122518211605,2068.3419469042765,2068.3419469042765,greedy,4.1028122518211605,0.0,hard_fault_cluster
821,N15331,observe,-0.9912416934967041,2.691555711627007,3.7538566350936886,0.22331085830926894,1.7495112125575545,-0.9912416934967041,0.2266523391008377,2.199185436964035,2.939995419979095,0.002266523391008377,-0.03200739622116089,0.02680961973965168,0.02680961973965168,-1.6277985030412676,0.027013733983039856,0.12741678953170776,-0.004419393837451935,105324.1640625,42537.9921875,62786.171875,105390.265625,42541.453125,62848.81640625,-0.0006276011117734015,-8.136108954204246e-05,-0.0009977440349757671,-0.06276011117734015,2.954835357144475,3.5616404294967654,2.764738888014108,3.6445548057556154,2.9558381736278534,3.916376348435879,2.691555711627007,2071.0335026159037,2071.0335026159037,greedy,2.691555711627007,0.0,hard_fault_cluster
822,N26328,observe,-0.9430924654006958,5.482729208469391,5.999999999999999,0.26791044592857366,3.5637739855051045,-0.9430924654006958,0.23158960044384003,3.6647684931755067,3.994757509231567,0.0023158960044384,-0.03753480315208435,0.022831784561276436,0.022831784561276436,-3.2328643465042117,0.02805100753903389,0.1269226223230362,-0.003602437674999237,105389.765625,42541.01953125,62848.7421875,105432.609375,42668.38671875,62764.21875,-0.0004065266693942249,-0.0029939853120595217,0.001344870775938034,-0.04065266693942249,3.0595221389085054,5.111217579841614,2.868706100154668,5.21865228176117,5.676853680610657,5.789954892396927,5.482729208469391,2076.516231824373,2076.516231824373,greedy,5.482729208469391,0.0,hard_fault_cluster
823,N4519,observe,-0.9684752821922302,1.6664185851812363,3.389219284057617,-0.2633476883172989,1.0831720803678035,-0.9684752821922302,0.22950945794582367,1.3438922077417375,3.0211328387260434,0.0022950945794582367,-0.039345741271972656,0.017274746671319008,0.017274746671319008,-3.303234921693802,0.028707072138786316,0.12433549761772156,-0.0038844868540763855,105431.875,42667.31640625,62764.5625,105484.3984375,42738.0859375,62746.3125,-0.000498174165841192,-0.0016586356796324253,0.0002907691814471036,-0.0498174165841192,3.1174914184957743,2.5746100056171417,2.9324032650329173,2.645856772661209,2.457428202033043,3.6973283313214775,1.6664185851812363,2078.1826504095543,2078.1826504095543,greedy,1.6664185851812363,0.0,hard_fault_cluster
824,N15108,observe,-1.0804450511932373,0.8381603547692067,1.0684032320976258,-0.19273486646416127,0.5448042305999844,-1.0804450511932373,0.22357504069805145,0.8866660354673513,0.8666630163788794,0.0022357504069805147,-0.026390284299850464,0.015067579224705696,0.015067579224705696,-2.8181895453846666,0.0274822935461998,0.12818968296051025,-0.004964284598827362,105485.21875,42739.25,62745.96875,105800.59375,42809.54296875,62991.046875,-0.002989755477756262,-0.001644693547859788,-0.0039058784022927284,-0.2989755477756262,2.986871974542737,1.538660491979099,2.807890009600669,1.578325106179691,1.367996070474328,1.0330857088774064,0.8381603547692067,2079.0208107643234,2079.0208107643234,greedy,0.8381603547692067,0.0,hard_fault_cluster
825,N24046,observe,-0.9764261841773987,5.174828416109085,5.999999999999999,0.05237989127635971,3.3636384704709053,-0.9764261841773987,0.23005442321300507,3.032104122638702,3.6368839979171748,0.0023005442321300507,-0.030800968408584595,0.013277696445584297,0.013277696445584297,-4.4964979159832,0.028233744204044342,0.12643031775951385,-0.003448866307735443,105800.375,42809.35546875,62991.0234375,105742.59375,42874.0234375,62868.5703125,0.000546134659089148,-0.0015106037026271224,0.001943977433256805,0.054613465908914804,3.0667065400630236,4.703370094299316,2.8842074503190815,4.840635681152344,5.456047666072846,5.646430982947349,5.174828416109085,2084.1956391804324,2084.1956391804324,greedy,5.174828416109085,0.0,hard_fault_cluster
826,N4520,observe,-0.9970085620880127,1.9341478228569031,3.5629215240478516,-0.20654259920120238,1.257196084856987,-0.9970085620880127,0.2285899668931961,1.4784482657909392,2.5642864227294924,0.002285899668931961,-0.032473742961883545,0.009558448567986488,0.009558448567986488,-3.339754194021225,0.028910435736179352,0.1236187070608139,-0.0037795603275299072,105742.046875,42873.046875,62869.0,105785.8828125,42930.015625,62855.8671875,-0.0004145553975831717,-0.0013287777546793222,0.00020889170991722494,-0.04145553975831717,3.1291919890791178,2.5472551846504214,2.950580677483231,2.622761299610138,2.637817001342774,3.6150137495994574,1.9341478228569031,2086.1297870032895,2086.1297870032895,greedy,1.9341478228569031,0.0,hard_fault_cluster
827,N4521,observe,-0.9861270189285278,1.6921156197786331,3.034966516494751,0.13475939482450486,1.0998751528561115,-0.9861270189285278,0.22951938211917877,1.5200149953365325,2.8488938331604,0.002295193821191788,-0.03540024161338806,0.012844571843743324,0.012844571843743324,-1.158994261622429,0.02848663553595543,0.12298864126205444,-0.0036887899041175842,105786.28125,42930.56640625,62855.7109375,105786.4921875,42953.1171875,62833.375,-1.9939966477977578e-06,-0.0005252849659882486,0.00035535256029106677,-0.00019939966477977578,3.091027507558465,1.8667826735973359,2.9092545420862734,1.8885780894756319,1.888122820854187,3.327279833555221,1.6921156197786331,2087.821902623068,2087.821902623068,greedy,1.6921156197786331,0.0,hard_fault_cluster
828,N15225,observe,-1.0627778768539429,0.9252780050039292,2.57310631275177,-0.013493946194648691,0.601430703252554,-1.0627778768539429,0.22396378219127655,0.9737857043743134,0.21257122755050661,0.0022396378219127653,-0.030023783445358276,0.014942111447453499,0.014942111447453499,-1.9870332103967667,0.02713639661669731,0.12559553980827332,-0.004638664424419403,105787.171875,42954.078125,62833.09375,105749.1015625,42830.90234375,62918.19921875,0.00035987645969726145,0.0028676155488938093,-0.0013544688699766994,0.035987645969726145,2.952545555308461,1.180577917098999,2.7733661350794137,1.1929169368743897,1.3630698144435882,2.005823500454426,0.9252780050039292,2088.747180628072,2088.747180628072,greedy,0.9252780050039292,0.0,hard_fault_cluster
829,N15412,observe,-1.0291475057601929,2.8642450124025345,3.743635106086731,0.3528816685080528,1.8617592580616475,-1.0291475057601929,0.22554592788219452,2.202244821190834,0.9532849788665771,0.002255459278821945,-0.03539755940437317,0.019984448328614235,0.019984448328614235,0.04746804475784294,0.025906462222337723,0.12088072299957275,-0.0035576224327087402,105749.1875,42831.0078125,62918.17578125,105672.296875,42823.98828125,62848.30859375,0.0007271036738529801,0.0001638890098547563,0.0011104452423751354,0.07271036738529801,2.836176598444581,2.4737672185897823,2.6520288162864745,2.484531888961792,2.61523517370224,2.8042125672101976,2.8642450124025345,2091.6114256404744,2091.6114256404744,greedy,2.8642450124025345,0.0,hard_fault_cluster
830,N1240,observe,-0.930977463722229,2.919849357008934,3.701231598854065,0.4278476908802986,1.8979020820558072,-0.930977463722229,0.22911326587200165,2.334207887947559,2.5159374237060543,0.0022911326587200164,-0.04052206873893738,0.025125252082943916,0.025125252082943916,0.06110418319702138,0.026146799325942993,0.11964988708496094,-0.0022602900862693787,105671.703125,42823.08203125,62848.6171875,105215.828125,42629.0546875,62586.77734375,0.004314068704843521,0.004530905745923519,0.004166198894381523,0.4314068704843521,2.868918450549245,3.012064672708511,2.6782395620830357,3.0620550405979157,3.0923960626125333,3.91615960329771,2.919849357008934,2094.5312749974833,2094.5312749974833,greedy,2.919849357008934,0.0,hard_fault_cluster
831,N15265,observe,-0.8220521211624146,2.1586846739053724,3.2607004880905146,0.26948385685682297,1.4031450380384922,-0.8220521211624146,0.23913155496120453,2.0230427056550977,3.0822813272476193,0.0023913155496120453,-0.04094603657722473,0.026140781119465828,0.026140781119465828,-0.6048399186134339,0.02783646434545517,0.12465427815914154,-0.002150796353816986,105216.0546875,42629.5390625,62586.515625,105164.9375,42615.35546875,62549.5859375,0.00048583067837171257,0.000332717492710799,0.0005900582182221115,0.04858306783717126,3.0489187706261873,2.372210266590119,2.8499645185656846,2.3934183859825136,2.3186032652854918,3.5959540754556656,2.1586846739053724,2096.689959671389,2096.689959671389,greedy,2.1586846739053724,0.0,hard_fault_cluster
832,N4524,observe,-0.9279510378837585,1.3843281120061874,2.7973188042640684,0.12130869477987291,0.8998132728040219,-0.9279510378837585,0.22831906378269196,1.476675036549568,1.1559918597340584,0.0022831906378269194,-0.04535678029060364,0.02139282412827015,0.02139282412827015,-1.2826724803447724,0.028297632932662964,0.12051635980606079,-0.0039089396595954895,105164.609375,42614.8515625,62549.7578125,105198.78125,42642.515625,62556.26171875,-0.0003249370201956481,-0.0006491648382507265,-0.00010397972073405981,-0.03249370201956481,3.0794751811772585,1.8027368140220643,2.892191265244037,1.8213355731964112,1.7817707359790802,2.5532704889401794,1.3843281120061874,2098.074287783395,2098.074287783395,greedy,1.3843281120061874,0.0,hard_fault_cluster
833,N15213,observe,-0.45758169889450073,3.6296717762947086,5.999999999999999,-1.470328223705292,2.3592866545915605,-0.45758169889450073,0.02881239354610443,-5.295119827389717,-5.999999999999999,0.0002881239354610443,0.35688239336013794,0.013274798169732094,0.013274798169732094,-1.5279706251621246,0.03500734642148018,0.1356816291809082,0.006611242890357971,106041.3125,42846.4375,63194.875,106410.546875,43283.9609375,63126.5859375,-0.0034819860011339188,-0.010211430490016937,0.0010806107893586159,-0.3481986001133919,3.5428218338638544,1.9662502175569534,3.511256440076977,2.2578809624910354,0.9183991909027107,1.2269594740867622,3.6296717762947086,2101.70395955969,2101.70395955969,greedy,3.6296717762947086,0.0,hard_fault_cluster
834,N2049,observe,-1.0877342224121094,0.822969201952219,0.49894441366195674,0.15197568975389003,0.5349299812689424,-1.0877342224121094,0.21062536537647247,1.117668890580535,1.0481163799762725,0.002106253653764725,-0.029009133577346802,0.024575436487793922,0.024575436487793922,-0.3201158597320318,0.030396535992622375,0.12741653621196747,-0.002993077039718628,106410.421875,43283.7734375,63126.6484375,106697.5703125,43346.125,63351.4453125,-0.0026984992437064648,-0.0014405297115445137,-0.0035610455088317394,-0.2698499243706465,3.274854401126504,0.9728196813166141,3.098453799728304,0.9400194837152958,0.9272765908390284,0.7452994690276683,0.822969201952219,2102.526928761642,2102.526928761642,greedy,0.822969201952219,0.0,hard_fault_cluster
835,N3409,observe,-0.9902349710464478,2.8762480013072493,3.23809974193573,0.5098011118918657,1.8695612008497122,-0.9902349710464478,0.21658365428447723,2.248429861739278,2.118707919120788,0.002165836542844772,-0.03475487232208252,0.027652690187096596,0.027652690187096596,0.7767744904384016,0.030002951622009277,0.1219085305929184,-0.0015730559825897217,106697.90625,43346.546875,63351.35546875,106201.5625,43156.38671875,63045.171875,0.00465186033397913,0.004386973567306995,0.0048331026919186115,0.465186033397913,3.2445315066725016,2.9892230084724725,3.061354248318821,2.998012929279357,2.942465257644653,3.375584442466497,2.8762480013072493,2105.4031767629494,2105.4031767629494,greedy,2.8762480013072493,0.0,hard_fault_cluster
836,N14523,observe,-0.2745639383792877,3.3984468817710876,5.601813983917236,-1.2180415272712708,2.208990473151207,-0.2745639383792877,0.0462755411863327,-4.41556492805481,-5.379174709320068,0.00046275541186332705,0.37403398752212524,0.02213851921260357,0.02213851921260357,-1.3081753420829774,0.03489091992378235,0.14828312397003174,0.01472790539264679,106201.0546875,43156.046875,63045.0078125,106110.578125,43035.55078125,63075.03125,0.0008519365801475942,0.0027921022847294807,-0.0004762222815770656,0.08519365801475942,3.557506052777171,3.3624776792526245,3.506195507477969,3.6845285844802858,1.291896200180054,1.4697325301170354,3.3984468817710876,2108.8016236447206,2108.8016236447206,greedy,3.3984468817710876,0.0,hard_fault_cluster
837,N3776,observe,-0.3218720257282257,3.1421522343298425,5.999999999999999,-1.9578477656701576,2.0423989523143975,-0.3218720257282257,0.05034777522087097,-5.641274812385673,-5.999999999999999,0.0005034777522087097,0.3689992129802704,0.016831593587994576,0.016831593587994576,-3.7266101273172536,0.03533939644694328,0.14470785856246948,0.009820252656936646,106110.75,43035.7109375,63075.0390625,106442.359375,43269.48046875,63172.8828125,-0.003125125076621771,-0.005431989673525095,-0.001551227760501206,-0.3125125076621771,3.601119013503194,2.6449878418585286,3.5507344868965447,2.978541132225655,0.8624985552392908,0.9576330312108627,3.1421522343298425,2111.9437758790505,2111.9437758790505,greedy,3.1421522343298425,0.0,hard_fault_cluster
838,N15232,observe,-0.5279054641723633,1.517334070801735,2.8079398453235624,-1.6459971994161604,0.9862671460211279,-0.5279054641723633,0.03162699192762375,-5.711646678596735,-4.201878629252314,0.0003162699192762375,0.37242451310157776,0.02180333249270916,0.02180333249270916,-2.2466311195492743,0.03096441552042961,0.14051911234855652,0.006330911070108414,106442.421875,43269.5625,63172.859375,106374.8515625,43126.5703125,63248.28125,0.0006348062306642532,0.003304682904854417,-0.0011938967509195209,0.06348062306642532,3.149871876463294,1.4967550700902936,3.1097991331480443,1.7506009405851362,-0.15812207460403407,0.046788975438103286,1.517334070801735,2113.461109949852,2113.461109949852,greedy,1.517334070801735,0.0,hard_fault_cluster
839,N15197,observe,-0.3743828535079956,2.9428515791893006,4.565442895889282,-2.1571484208106995,1.9128535264730455,-0.3743828535079956,0.043832093477249146,-5.745005841851235,-4.199999999999999,0.00043832093477249147,0.3685793876647949,0.015997206792235374,0.015997206792235374,-5.781433578729629,0.03260493278503418,0.14283844828605652,0.00682738795876503,106374.671875,43126.2578125,63248.4140625,106167.984375,43093.5546875,63074.4296875,0.0019430142128840089,0.0007583111873827875,0.0027508100029081106,0.1943014212884009,3.3203225787729025,2.798763854503632,3.275450603570789,3.1885319542884827,1.271406316757203,1.2923529389500623,2.9428515791893006,2116.403961529041,2116.403961529041,greedy,2.9428515791893006,0.0,hard_fault_cluster
840,N15306,observe,-0.522455632686615,2.7115673601627353,5.298373794555664,-1.536457961797714,1.762518784105778,-0.522455632686615,0.030938714742660522,-5.456830126941204,-5.999999999999999,0.0003093871474266052,0.37407180666923523,0.020335553213953972,0.020335553213953972,-1.9479232090711593,0.029737085103988647,0.14045943319797516,0.005203027278184891,106168.34375,43094.015625,63074.328125,106071.7421875,42954.80078125,63116.94140625,0.0009098904556594789,0.0032304914202541113,-0.0006756042130291462,0.09098904556594789,3.0249827783554792,2.1221002170443537,2.9865270773880184,2.4292228114604955,0.6016425371170049,0.9736113935709005,2.7115673601627353,2119.115528889204,2119.115528889204,greedy,2.7115673601627353,0.0,hard_fault_cluster
841,N15559,observe,-0.5415846109390259,2.9804729223251347,5.999999999999999,-2.119527077674866,1.9373073995113377,-0.5415846109390259,0.031301096081733704,-5.705503431558609,-5.999999999999999,0.00031301096081733706,0.37640613317489624,0.021618114784359932,0.021618114784359932,-5.74757436990738,0.028421886265277863,0.14135220646858215,0.006445355713367462,106071.8125,42954.87109375,63116.9453125,105960.5703125,42849.8125,63110.7578125,0.0010487440740689635,0.002445789985358715,9.803230932448059e-05,0.10487440740689635,2.89510783739388,2.843241996765137,2.8554184292443097,3.4125003051757816,1.4218916893005378,1.5542295980453498,2.9804729223251347,2122.0960018115293,2122.0960018115293,greedy,2.9804729223251347,0.0,hard_fault_cluster
842,N4580,observe,-0.8707961440086365,5.684553337097169,5.999999999999999,0.40918733596801776,3.69495966911316,-0.8707961440086365,0.24295921623706818,4.808312606811524,5.018610382080078,0.002429592162370682,-0.027132153511047363,0.01675582118332386,0.01675582118332386,-4.347208442687989,0.0284549742937088,0.13880696892738342,-0.004235327243804932,105959.890625,42849.0390625,63110.84765625,105907.0625,42782.7578125,63124.3046875,0.0004985671839676797,0.0015468549681827426,-0.0002132285007974133,0.049856718396767974,3.105212466791272,6.108164377212525,2.910426188725978,6.12,6.409305191040039,6.179229109883308,5.684553337097169,2127.7805551486263,2127.7805551486263,greedy,5.684553337097169,0.0,hard_fault_cluster
843,N15315,observe,-1.0069020986557007,5.680279278755188,4.577807903289795,0.6300000000000002,3.6921815311908723,-1.0069020986557007,0.23474939167499542,5.934175145626068,4.402347224950789,0.002347493916749954,-0.024973660707473755,0.013827288523316383,0.013827288523316383,-3.49785386800766,0.027414388954639435,0.1340879201889038,-0.004985928535461426,105907.59375,42783.44140625,63124.15625,105947.40625,42777.1015625,63170.30078125,-0.0003759173268917948,0.00014818452473264188,-0.0007310122600756586,-0.03759173268917948,2.9900155756622553,6.163647022247314,2.8035830655135214,6.163647022247314,6.749543190002441,5.109359401911497,5.680279278755188,2133.4608344273815,2133.4608344273815,greedy,5.680279278755188,0.0,hard_fault_cluster
844,N3766,observe,-0.7488487958908081,5.918406867980957,5.999999999999999,0.57288480758667,3.8469644641876224,-0.7488487958908081,0.25828248262405396,5.877610301971436,5.999999999999999,0.0025828248262405396,-0.01805669069290161,0.014666246250271797,0.014666246250271797,-0.9759932899475101,0.03346790000796318,0.1537272036075592,-0.000578269362449646,105947.03125,42776.7109375,63170.3203125,105929.578125,42734.2109375,63195.3671875,0.00016473444702569395,0.0009935313137248158,-0.0003964975185226649,0.016473444702569395,3.619738729670644,6.500048542022705,3.4150271830148995,6.500048542022705,6.696017169952393,6.4524111604690555,5.918406867980957,2139.3792412953626,2139.3792412953626,greedy,5.918406867980957,0.0,hard_fault_cluster
845,N3309,observe,-1.0127780437469482,6.839267855882644,4.6645116806030265,1.2174874991178513,4.4455241063237185,-1.0127780437469482,0.2375837117433548,6.818461567163467,3.307723689079284,0.002375837117433548,-0.029559075832366943,0.020090611651539803,0.020090611651539803,1.4814107966423034,0.026566021144390106,0.1320282220840454,-0.003509521484375,105930.015625,42734.5546875,63195.45703125,106193.125,42974.09375,63219.02734375,-0.002483803778886795,-0.005605278071016073,-0.00037297478411346674,-0.2483803778886795,2.914276437833905,6.8790281188488,2.7210206952877343,6.8790281188488,6.795968556404114,4.427027898728848,6.839267855882644,2146.218509151245,2146.218509151245,greedy,6.839267855882644,0.0,hard_fault_cluster
846,N3769,observe,-0.733172595500946,5.936689037084579,5.999999999999999,0.5856823259592057,3.8588478741049768,-0.733172595500946,0.25811779499053955,4.8810601294040685,4.86508584022522,0.0025811779499053957,-0.021983057260513306,0.018005112186074257,0.018005112186074257,-0.6033068156242374,0.033981069922447205,0.15228500962257385,0.00020547211170196533,106192.6796875,42973.78125,63218.8984375,106022.234375,42842.921875,63179.3125,0.0016050570411607623,0.0030450979247689247,0.0006261725211516023,0.16050570411607623,3.6742298994213343,5.906818203926087,3.467137719038874,5.961436133384705,5.99404137134552,5.9335375499725345,5.936689037084579,2152.15519818833,2152.15519818833,greedy,5.936689037084579,0.0,hard_fault_cluster
847,N3374,observe,-0.9819437861442566,5.015022361278534,4.339976239204407,0.2586360013484955,3.2597645348310476,-0.9819437861442566,0.23828206956386566,4.2164156258106225,2.670659685134887,0.002382820695638657,-0.03227287530899048,0.024294810369610786,0.024294810369610786,-1.9106828987598423,0.0270499587059021,0.13150188326835632,-0.002941526472568512,106022.625,42843.2109375,63179.41015625,106225.96875,43024.01953125,63201.9453125,-0.0019179278751835227,-0.004220238886773586,-0.00035668513737618923,-0.19179278751835227,2.9675727505236864,3.7046401715278625,2.770640090573579,3.792311713695526,5.006037467718124,3.481271803379059,5.015022361278534,2157.1702205496085,2157.1702205496085,greedy,5.015022361278534,0.0,hard_fault_cluster
848,N3757,observe,-0.7185418009757996,4.514837461709976,4.783732843399047,0.6242133063077927,2.9346443501114847,-0.7185418009757996,0.2583822011947632,4.008636456727982,4.281649255752563,0.0025838220119476316,-0.025366365909576416,0.022728735581040382,0.022728735581040382,0.2753013610839843,0.03402233496308327,0.15125000476837158,0.0003820955753326416,106225.640625,43023.75,63201.89453125,106047.7734375,42877.0078125,63170.765625,0.0016744280001148582,0.0034107251558452845,0.0004925312241539359,0.16744280001148582,3.6833444330841303,4.0740259480476375,3.4725112305022776,4.079303677082061,4.253655242919922,4.749486052691936,4.514837461709976,2161.6850580113187,2161.6850580113187,greedy,4.514837461709976,0.0,hard_fault_cluster
849,N15480,observe,-0.9553743600845337,3.656892359256745,2.848808646202087,0.5941051530838013,2.376980033516884,-0.9553743600845337,0.23924942314624786,3.6839607894420623,2.235604619979858,0.0023924942314624787,-0.033795326948165894,0.027360642328858376,0.027360642328858376,0.4532677924633026,0.027390245348215103,0.13082143664360046,-0.0026573538780212402,106048.1015625,42877.328125,63170.7734375,106204.765625,43029.9921875,63174.7734375,-0.0014772925060242414,-0.0035604846198111773,-6.332041812129319e-05,-0.14772925060242414,3.0056346002966166,2.0909817755222324,2.805677051190287,2.0512341201305393,3.3813645660877225,2.4820901933312416,3.656892359256745,2165.3419503705754,2165.3419503705754,greedy,3.656892359256745,0.0,hard_fault_cluster
850,N14504,observe,-0.3615909516811371,2.5213534951210024,5.160703420639038,-1.5595006585121156,1.6388797718286516,-0.3615909516811371,0.04765969514846802,-5.4173710775375366,-5.999999999999999,0.0004765969514846802,0.3782058358192444,0.008556986227631569,0.008556986227631569,-2.793462126255035,0.03415501117706299,0.1428641527891159,0.004962198436260223,106204.125,43029.5546875,63174.5703125,105561.7109375,42729.61328125,62832.09765625,0.006048861891031265,0.006970590446144342,0.005421052221208811,0.6048861891031265,3.4717177990823984,2.7313627099990847,3.4295552880503237,2.9813518857955934,1.4336166381835942,1.5618508148193366,2.5213534951210024,2167.8633038656963,2167.8633038656963,greedy,2.5213534951210024,0.0,hard_fault_cluster
851,N1271,observe,-0.4564981162548065,2.132157784700394,5.138047361373901,-1.9211854398250579,1.3859025600552561,-0.4564981162548065,0.03171271085739136,-5.755997100174427,-5.999999999999999,0.0003171271085739136,0.37218883633613586,0.003083372488617897,0.003083372488617897,-4.683772092461586,0.029397953301668167,0.13794143497943878,0.0037511400878429413,105561.890625,42729.78125,62832.109375,105557.5625,42768.0703125,62789.48828125,4.100082878721878e-05,-0.0008960744016803801,0.0006783329881727695,0.004100082878721878,2.974591413512826,1.055778990983963,2.948494351003319,1.2920552122592928,0.4894490003585821,0.742405175864697,2.132157784700394,2169.9954616503965,2169.9954616503965,greedy,2.132157784700394,0.0,hard_fault_cluster
852,N15106,observe,-0.9997555017471313,1.304015872720629,0.8186171935871244,0.21551080136559903,0.8476103172684089,-0.9997555017471313,0.22887052595615387,1.5755136614199727,1.2359988808631897,0.0022887052595615387,-0.03307119011878967,0.026800261810421944,0.026800261810421944,-0.31972149609588085,0.026862330734729767,0.1286599189043045,-0.004152834415435791,105557.53125,42768.05078125,62789.4765625,105668.5078125,42744.3671875,62924.140625,-0.0010513372253626585,0.0005537683609873056,-0.0021446915343403816,-0.10513372253626585,2.9419038612395525,1.0742800110019743,2.7501507704146206,1.0557383292354643,1.3529387457761912,0.9127625275612808,1.304015872720629,2171.2994775231173,2171.2994775231173,greedy,1.304015872720629,0.0,hard_fault_cluster
853,N3785,observe,-0.8273404836654663,4.995037139952183,4.369186854362487,0.6023771475255489,3.246774140968919,-0.8273404836654663,0.24821050465106964,4.127451251447201,3.980398631095886,0.0024821050465106964,-0.03796279430389404,0.025342071428894997,0.025342071428894997,0.24454186618328078,0.028590187430381775,0.12934525310993195,-0.0025612637400627136,105668.5625,42744.40625,62924.15234375,105768.46875,42862.4765625,62905.99609375,-0.0009454680257476866,-0.0027622401248663664,0.00028854183619841933,-0.09454680257476866,3.132571319118142,3.16822515130043,2.9274068870581686,3.1424229443073273,4.27693398296833,3.9320137194544076,4.995037139952183,2176.2945146630695,2176.2945146630695,greedy,4.995037139952183,0.0,hard_fault_cluster
854,N18419,observe,-0.9926652908325195,1.783573064208031,1.3445369601249695,0.27498948186635974,1.15932249173522,-0.9926652908325195,0.23446030914783478,1.8099435061216353,1.168708324432373,0.0023446030914783477,-0.03541672229766846,0.02758425660431385,0.02758425660431385,-0.22275753736495973,0.02560899406671524,0.12662546336650848,-0.00449274480342865,105768.578125,42862.57421875,62906.00390625,105769.5234375,42761.515625,63008.0078125,-8.93755532160867e-06,0.002357735065743327,-0.0016215289942920208,-0.000893755532160867,2.8229439724236727,1.7669866907596588,2.626410548109561,1.7644058692455291,1.925677552819252,1.3741729695349931,1.783573064208031,2178.0780877272778,2178.0780877272778,greedy,1.783573064208031,0.0,hard_fault_cluster
855,N2315,observe,-0.7378987669944763,4.079880148172379,4.71134705543518,0.2641196841001512,2.6519220963120467,-0.7378987669944763,0.25532954931259155,3.275600063800812,3.6173754692077633,0.0025532954931259157,-0.0282115638256073,0.026241080835461617,0.026241080835461617,-1.0769829833507538,0.03295336663722992,0.14758920669555664,-0.0009129643440246582,105769.703125,42761.6328125,63008.07421875,105742.5234375,42714.1484375,63028.375,0.00025697043747641146,0.001110443496145308,-0.0003221933438908309,0.025697043747641146,3.576907293871045,5.218716666698456,3.3657293212600052,5.31422648191452,4.257684826850891,4.316831610426307,4.079880148172379,2182.15796787545,2182.15796787545,greedy,4.079880148172379,0.0,hard_fault_cluster
856,N4530,observe,-0.9267486929893494,3.543647605180741,3.48568377494812,0.0741641348600389,2.3033709433674816,-0.9267486929893494,0.24215413630008698,3.403717210888863,3.103479838371277,0.00242154136300087,-0.03601723909378052,0.016888270154595375,0.016888270154595375,-4.917766118645668,0.030882347375154495,0.13385070860385895,-0.0037797093391418457,105740.71875,42712.0,63028.72265625,105918.1328125,42901.8203125,63016.3125,-0.0016778216231614351,-0.004444191697984934,0.0001968968426808715,-0.1677821623161435,3.347277143970132,3.443700507879257,3.15299533912912,3.4907863652706146,4.262242719531059,3.329423722624779,3.543647605180741,2185.701615480631,2185.701615480631,greedy,3.543647605180741,0.0,hard_fault_cluster
857,N3778,observe,-0.7476653456687927,3.265682192146778,3.121676754951477,0.5314206294715405,2.122693424895406,-0.7476653456687927,0.25714123249053955,3.30668054074049,3.862652277946472,0.0025714123249053955,-0.027314215898513794,0.018714310601353645,0.018714310601353645,0.10623267352581012,0.035739608108997345,0.1521761566400528,0.000534839928150177,105919.5546875,42903.6796875,63015.875,105945.921875,42853.234375,63092.6875,-0.00024893597583286464,0.0011757805477827787,-0.0012189388507977128,-0.024893597583286464,3.8498163539916277,3.130927702188492,3.642924696672708,3.117835088968277,3.2066667169332503,3.564094813242555,3.265682192146778,2188.967297672778,2188.967297672778,greedy,3.265682192146778,0.0,hard_fault_cluster
858,N2317,observe,-0.23277275264263153,3.719069102406502,5.999999999999999,-1.3809308975934982,2.4173949165642266,-0.23277275264263153,0.08148962259292603,-5.209188082367182,-5.999999999999999,0.0008148962259292603,0.383551687002182,0.018988007679581642,0.018988007679581642,-1.2393785241246222,0.03777701407670975,0.15802015364170074,0.014480974525213242,105945.765625,42852.7890625,63092.98046875,106121.953125,42917.2265625,63204.73046875,-0.0016629970632493496,-0.0015036944532766938,-0.0017711954424157739,-0.16629970632493496,3.8781790379434824,3.752498685717583,3.8028208152391016,4.020764004588127,1.1852976679801948,1.1674524544924505,3.719069102406502,2192.6863667751845,2192.6863667751845,greedy,3.719069102406502,0.0,hard_fault_cluster
859,N3745,observe,-0.9560521245002747,3.387681147456169,2.146858108043671,0.8659714952111244,2.20199274584651,-0.9560521245002747,0.2517738342285156,5.48492731153965,4.670690238475799,0.002517738342285156,-0.028063565492630005,0.02279014326632023,0.02279014326632023,-0.26975175023078923,0.030335452407598495,0.14813145995140076,-0.0026576071977615356,106122.109375,42917.6484375,63204.4609375,106336.5,42997.0703125,63339.4296875,-0.0020202258601784706,-0.0018505644984543324,-0.002135430695489049,-0.20202258601784706,3.3081092182546854,1.63969042301178,3.1021862351335585,1.5818143606185915,3.766845667362213,3.1080272533744573,3.387681147456169,2196.0740479226406,2196.0740479226406,greedy,3.387681147456169,0.0,hard_fault_cluster
860,N2302,observe,-0.7258669137954712,5.778250581026077,5.999999999999999,0.4747754067182542,3.7558628776669503,-0.7258669137954712,0.27030688524246216,5.667375871539115,5.999999999999999,0.0027030688524246217,-0.022281497716903687,0.0226829145103693,0.0226829145103693,-4.399574477076531,0.035171784460544586,0.16331703960895538,0.0015284791588783264,106336.2734375,42996.6328125,63339.640625,106259.8125,42942.57421875,63317.23828125,0.0007190484902821481,0.0012572749983519316,0.0003536859876476228,0.07190484902821481,3.81016824580729,5.623293687105179,3.5904258959926665,5.650805426836014,6.3456264525651935,5.991666164472699,5.778250581026077,2201.8522985036666,2201.8522985036666,greedy,5.778250581026077,0.0,hard_fault_cluster
861,N18394,observe,-1.0012608766555786,4.472253012657165,3.4828889310359954,0.3421166586875917,2.9069644582271574,-1.0012608766555786,0.25282710790634155,5.153242552280426,4.402335387468337,0.0025282710790634154,-0.029410868883132935,0.009539933875203133,0.009539933875203133,-4.708054468631745,0.028772130608558655,0.1374833732843399,-0.00536307692527771,106260.1171875,42943.27734375,63316.83984375,106326.34375,42964.234375,63362.11328125,-0.0006232494488358498,-0.00048801657976582646,-0.0007150299497880042,-0.062324944883584976,3.13958010263741,1.995557999610901,2.9428048213012516,1.9639901161193847,5.149413692951201,3.673768514197581,4.472253012657165,2206.324551516324,2206.324551516324,greedy,4.472253012657165,0.0,hard_fault_cluster
862,N3760,observe,-0.7260291576385498,6.8397800683975225,5.525088214874267,1.2178460478782656,4.44585704445839,-0.7260291576385498,0.2732395529747009,6.839780068397522,5.999999999999999,0.002732395529747009,-0.024199575185775757,0.011899227276444435,0.011899227276444435,1.275501418113708,0.03495233133435249,0.15624043345451355,4.756450653076172e-05,106326.015625,42963.8671875,63362.15234375,106232.40625,42899.0859375,63333.3203125,0.0008803995442576706,0.001507807755842805,0.0004550355370156467,0.08803995442576706,3.7803719136863947,6.88657019853592,3.5665178284980357,6.88657019853592,6.9,6.126719019114971,6.8397800683975225,2213.1643315847214,2213.1643315847214,greedy,6.8397800683975225,0.0,hard_fault_cluster
863,N4576,observe,-0.7651660442352295,6.369647687673569,5.999999999999999,0.8887533813714981,4.14027099698782,-0.7651660442352295,0.2690257430076599,6.280862820148467,5.876508378982543,0.002690257430076599,-0.02336561679840088,0.00857093371450901,0.00857093371450901,-0.19185831665992747,0.03145844116806984,0.15026195347309113,-0.0025696679949760437,106232.109375,42898.8046875,63333.3046875,106333.28125,42934.57421875,63398.7109375,-0.0009523662156425416,-0.0008338118204846978,-0.0010327306808903813,-0.09523662156425416,3.423440793529153,6.525943887233733,3.215243285987526,6.525943887233733,6.456075662374497,5.904932170882821,6.369647687673569,2219.533979272395,2219.533979272395,greedy,6.369647687673569,0.0,hard_fault_cluster
864,N26331,observe,-0.770124077796936,6.81410251557827,5.999999999999999,1.199871760904789,4.429166635125876,-0.770124077796936,0.2587811350822449,6.81410251557827,4.716427659988403,0.0025878113508224485,-0.03238031268119812,0.018662499263882637,0.018662499263882637,1.1860368728637691,0.029957525432109833,0.13897766172885895,-0.0016266778111457825,106333.7265625,42935.09375,63398.6328125,106041.0390625,42887.5546875,63153.484375,0.0027525369077920914,0.001107230898924172,0.003866777988150716,0.27525369077920914,3.273196177557111,6.874045162200928,3.065113451797515,6.874045162200928,6.9,5.718907887041569,6.81410251557827,2226.348081787973,2226.348081787973,greedy,6.81410251557827,0.0,hard_fault_cluster
865,N26329,observe,-1.188830852508545,6.210715144872665,3.8723844408988946,0.7775006014108656,4.036964844167232,-1.188830852508545,0.2326287180185318,5.80349019318819,4.617483687400817,0.002326287180185318,-0.03460252285003662,0.01680171675980091,0.01680171675980091,1.066995086967945,0.03007345274090767,0.12417924404144287,-0.0005203336477279663,106891.5234375,43128.3515625,63763.171875,108495.046875,44075.453125,64419.58984375,-0.015001408755779266,-0.021960068494081497,-0.010294625535607338,-1.5001408755779266,3.2567757088690996,1.5017046485841274,3.06970288278535,1.4223076258599758,4.863875241577626,3.053214160576463,6.210715144872665,2232.558796932846,2232.558796932846,greedy,6.210715144872665,0.0,hard_fault_cluster
866,N15481,observe,-0.41486838459968567,2.3191365301609044,4.878248357772827,-1.4187364757061003,1.5074387446045878,-0.41486838459968567,0.05814029276371002,-4.833644551634789,-5.558954191207885,0.0005814029276371002,0.3589273691177368,0.0053769368678331375,0.0053769368678331375,-2.314177596569061,0.037492603063583374,0.13995924592018127,0.007832881063222885,108495.6171875,44075.90625,64419.7109375,107515.8125,43677.0,63838.8125,0.009030822664499283,0.009050438180565834,0.009017402306199074,0.9030822664499283,3.8127775359898806,2.551644473075867,3.765139613766223,2.744298963546753,1.5360635042190554,1.436361677050591,2.3191365301609044,2234.8779334630067,2234.8779334630067,greedy,2.3191365301609044,0.0,hard_fault_cluster
867,N2310,observe,-0.30347326397895813,3.5371618390083315,4.612656462192534,-1.5628381609916686,2.2991551953554157,-0.30347326397895813,0.07695013284683228,-5.354211750626564,-4.236667855828999,0.0007695013284683228,0.3717058598995209,0.008290538564324379,0.008290538564324379,-1.6389503300189971,0.03801293671131134,0.14925342798233032,0.013205412775278091,107515.71875,43676.9609375,63838.7578125,107459.78125,43609.703125,63850.08203125,0.0005202727625146508,0.0015398921677842736,-0.0001773878320818767,0.05202727625146508,3.8865343425422907,2.8233151894807818,3.822603838983923,3.0215488886833195,0.9831424236297615,1.0670282582007353,3.5371618390083315,2238.415095302015,2238.415095302015,greedy,3.5371618390083315,0.0,hard_fault_cluster
868,N2321,observe,-0.2728244364261627,3.404770332574845,4.666246819496154,-1.6952296674251555,2.2131007161736496,-0.2728244364261627,0.0880824476480484,-5.461989275813103,-4.199999999999999,0.000880824476480484,0.3749246895313263,0.010016126558184624,0.010016126558184624,-2.07171897649765,0.03763628751039505,0.15405525267124176,0.015394262969493866,107459.71875,43609.609375,63850.11328125,107490.328125,43602.55078125,63887.77734375,-0.0002848450967576355,0.00016185868298634887,-0.0005898824892938137,-0.028484509675763547,3.861727325245738,2.658792176246643,3.7881533945910633,2.7521341228485108,0.8105313301086433,1.0364361839741472,3.404770332574845,2241.81986563459,2241.81986563459,greedy,3.404770332574845,0.0,hard_fault_cluster
869,N15181,observe,-0.3780352771282196,3.116604508459568,4.6243426322937005,-1.9833954915404317,2.0257929304987194,-0.3780352771282196,0.06603708863258362,-5.664092443808913,-4.199999999999999,0.0006603708863258362,0.36861875653266907,0.007375029847025871,0.007375029847025871,-3.6047394524514673,0.036497775465250015,0.148423969745636,0.012583538889884949,107490.25,43602.203125,63888.046875,107495.3828125,43582.3515625,63913.03125,-4.7751422243891284e-05,0.0004552880709525198,-0.0003910649393219501,-0.004775142224389128,3.723189665004611,3.2550771012902264,3.668130576144904,2.413060237467289,0.8061074316501624,1.0140053626149896,3.116604508459568,2244.9364701430495,2244.9364701430495,greedy,3.116604508459568,0.0,hard_fault_cluster
870,N15093,control1,-0.9366589784622192,6.413108003139496,4.464289087057113,0.919175602197647,4.168520202040672,-0.9366589784622192,0.23304612934589386,6.290679758787155,4.437729978561401,0.0023304612934589384,-0.022826850414276123,0.018665144219994545,0.018665144219994545,-0.20228733897209183,0.02666645497083664,0.13061733543872833,-0.005818590521812439,107495.609375,43582.9140625,63912.6953125,107069.390625,43403.44140625,63665.9453125,0.003964987583458424,0.004117959178984165,0.003860735334455967,0.39649875834584236,2.9183567706495523,1.9820005464553834,2.729573315475136,1.9222529697418214,6.287858778238297,4.4402098565548656,6.413108003139496,2251.349578146189,2251.349578146189,greedy,6.413108003139496,0.0,hard_fault_cluster
871,N18585,observe,-0.9085282683372498,6.129668086767197,4.683768689632415,0.7207676607370377,3.984284256398678,-0.9085282683372498,0.23604615032672882,5.168450206518173,3.0933859013020992,0.0023604615032672884,-0.035409778356552124,0.023884112015366554,0.023884112015366554,-0.3905938434600833,0.026150062680244446,0.12560179829597473,-0.0038582608103752136,107068.875,43403.046875,63665.828125,106682.03125,43306.44140625,63375.58984375,0.003613036358729005,0.0022257762029767036,0.004558776505291462,0.3613036358729005,2.87493653036654,6.533395123481751,2.6799888336099684,6.675924706459045,6.361717987060548,4.344050305653364,6.129668086767197,2257.479246232956,2257.479246232956,greedy,6.129668086767197,0.0,hard_fault_cluster
872,N14468,observe,-0.7976757884025574,2.8635550081729892,3.2015384674072265,0.031050598025322045,1.861310755312443,-0.7976757884025574,0.2434874325990677,2.4263239562511445,3.2294374227523805,0.002434874325990677,-0.03833693265914917,0.017227405682206154,0.017227405682206154,-3.7091818833351136,0.030480682849884033,0.12968701124191284,-0.0028630048036575317,106681.796875,43306.35546875,63375.4375,106018.390625,42984.953125,63033.4375,0.006218551658093929,0.007421597372740507,0.005396412219852209,0.6218551658093929,3.308783123269677,3.2856297183036807,3.113246994558722,3.332828872203827,3.8755171477794645,3.8128006923198696,2.8635550081729892,2260.342801241129,2260.342801241129,greedy,2.8635550081729892,0.0,hard_fault_cluster
873,N18562,observe,-0.9050586223602295,2.585259751975536,1.7964841425418854,0.5256491334736346,1.6804188387840984,-0.9050586223602295,0.23257340490818024,2.5869569197297095,1.520011605322361,0.0023257340490818023,-0.04130992293357849,0.024622129276394844,0.024622129276394844,1.2534423774480818,0.027114354074001312,0.12159878015518188,-0.0031147077679634094,106018.6015625,42985.0625,63033.5390625,105932.8359375,42982.0625,62950.7734375,0.0008089676848612726,6.979168392717838e-05,0.0013130410807207227,0.08089676848612726,2.9686309415847063,1.6504204273223877,2.775734290946275,1.6109124422073364,2.295667603611946,1.6411330616101623,2.585259751975536,2262.9280609931047,2262.9280609931047,greedy,2.585259751975536,0.0,hard_fault_cluster
874,N15271,observe,-0.8837664723396301,2.0755147233605387,1.7328840494155884,0.4599449490010738,1.3490845701843501,-0.8837664723396301,0.23014365136623383,2.056224472820759,1.1591665491461753,0.0023014365136623384,-0.04330611228942871,0.028924638405442238,0.028924638405442238,1.175485998392105,0.02604927495121956,0.11820948123931885,-0.002842254936695099,105932.7734375,42981.78125,62950.9921875,105562.8125,42816.7421875,62746.0703125,0.0034924123901873827,0.0038397444877773523,0.0032552604097872972,0.34924123901873827,2.863995784893632,1.4568474847078323,2.669694567564875,1.4295648890733719,1.9180891424417494,1.554388323239982,2.0755147233605387,2265.003575716465,2265.003575716465,greedy,2.0755147233605387,0.0,hard_fault_cluster
875,N18521,observe,-0.9697523713111877,1.0987214282155036,0.7271383047103881,0.1510374407470226,0.7141689283400774,-0.9697523713111877,0.2257722169160843,1.2594725117087364,0.9891862139105797,0.002257722169160843,-0.03681883215904236,0.028040150180459023,0.028040150180459023,-0.35974849164485934,0.0256289504468441,0.12356853485107422,-0.004563674330711365,105562.203125,42816.3359375,62745.87109375,105648.3125,42767.0625,62881.25,-0.000815721636172384,0.0011508093448355794,-0.002157574752345681,-0.0815721636172384,2.8167074117809534,1.0583210122585296,2.626348136458546,1.0475455057621001,1.098523908853531,0.7311355560366065,1.0987214282155036,2266.1022971446805,2266.1022971446805,greedy,1.0987214282155036,0.0,hard_fault_cluster
876,N15207,observe,-0.9109500646591187,2.4471537590026857,1.8032811820507049,0.3478280127048492,1.5906499433517458,-0.9109500646591187,0.2282702773809433,2.120698696374893,1.2639733493328094,0.002282702773809433,-0.03984120488166809,0.028543809428811073,0.028543809428811073,-0.16175114750862118,0.025798320770263672,0.11678306758403778,-0.002932444214820862,105648.578125,42767.234375,62881.34375,105259.96875,42623.07421875,62636.890625,0.0036783209070563316,0.0033708084374666214,0.0038875301834195852,0.36783209070563316,2.8366461638361216,2.8536408722400664,2.644035598728806,2.9010460197925565,2.6769444704055783,1.9234245841205118,2.4471537590026857,2268.549450903683,2268.549450903683,greedy,2.4471537590026857,0.0,hard_fault_cluster
877,N2306,observe,-0.688428521156311,2.7308520078659058,2.6318209409713744,0.38816648602485654,1.7750538051128388,-0.688428521156311,0.24684764444828033,2.4389772683382036,2.7574348688125605,0.0024684764444828033,-0.032181233167648315,0.029168622568249702,0.029168622568249702,-0.24887933433055875,0.03285672888159752,0.13910844922065735,-0.001456819474697113,105260.2890625,42623.6328125,62636.65625,105243.3203125,42555.1640625,62688.15625,0.0001612075138837099,0.0016063564689829946,-0.0008222022443078458,0.01612075138837099,3.561689155176282,3.1860425233840943,3.3546769549138844,3.2122912645339965,2.62302325963974,2.8771377414464947,2.7308520078659058,2271.280302911549,2271.280302911549,greedy,2.7308520078659058,0.0,hard_fault_cluster
878,N15345,observe,-0.28725600242614746,2.9469058990478514,5.999999999999999,-2.1530941009521483,1.9154888343811034,-0.28725600242614746,0.04101569950580597,-5.740748805999756,-5.999999999999999,0.00041015699505805967,0.38004544377326965,0.01197914220392704,0.01197914220392704,-5.777784690856934,0.035941626876592636,0.1432044357061386,0.006532132625579834,105242.9609375,42554.703125,62688.2578125,105099.984375,42521.23828125,62578.75,0.001358538051135838,0.0007863959181122482,0.0017468632431700826,0.1358538051135838,3.6471575293689966,2.9666985702514648,3.607411398086697,3.3116061878204346,1.2876235961914069,1.2339643078297384,2.9469058990478514,2274.227208810597,2274.227208810597,greedy,2.9469058990478514,0.0,hard_fault_cluster
879,N15259,observe,-0.4076787531375885,2.2006618052721025,3.609703159332275,-1.831684252619743,1.4304301734268667,-0.4076787531375885,0.024809852242469788,-5.724221401065588,-4.402236056327819,0.0002480985224246979,0.37394392490386963,0.006058620288968086,0.006058620288968086,-3.340708046853542,0.030416276305913925,0.13721483945846558,0.004028264433145523,105099.890625,42521.06640625,62578.8203125,105211.828125,42632.9140625,62578.91015625,-0.0010650581680238247,-0.0026304058264940977,-1.4356894553202437e-06,-0.10650581680238247,3.0724961031228304,1.084201761931181,3.049344748724252,1.3384607273340225,0.16129289865493826,0.18670069121464655,2.2006618052721025,2276.427870615869,2276.427870615869,greedy,2.2006618052721025,0.0,hard_fault_cluster
880,N14424,observe,-1.0076611042022705,0.9978507690131664,0.4296845436096191,0.17971374846994878,0.6486029998585582,-1.0076611042022705,0.22497962415218353,1.264818561822176,2.75609689950943,0.002249796241521835,-0.034202396869659424,0.02902817912399769,0.02902817912399769,-0.02643523305654527,0.02686193957924843,0.12789548933506012,-0.004375971853733063,105211.2265625,42632.75,62578.4765625,105435.9375,42667.80078125,62768.140625,-0.0021358076483011246,-0.0008221562602557242,-0.0030308193527162075,-0.21358076483011246,2.940201761201024,0.8826635229587555,2.749695908743888,0.8614312636852265,0.9668136924505234,0.9220428819954395,0.9978507690131664,2277.425721384882,2277.425721384882,greedy,0.9978507690131664,0.0,hard_fault_cluster
881,N15357,observe,-0.9415320158004761,3.3722722232341766,2.108190102688968,0.5748367172479629,2.191976945102215,-0.9415320158004761,0.22640858590602875,2.7677681577205657,1.1959825098514556,0.0022640858590602876,-0.03802928328514099,0.0304111335426569,0.0304111335426569,1.1788247203826905,0.02689613774418831,0.12059275805950165,-0.0025925859808921814,105436.78125,42668.58203125,62768.203125,105152.8125,42592.921875,62559.890625,0.0026932607870548964,0.001773205352947116,0.003318758448585868,0.26932607870548964,2.9464334938675165,2.8373132778704164,2.7538187042810023,2.8288832737505434,3.3661939918994905,2.164744650609791,3.3722722232341766,2280.797993608116,2280.797993608116,greedy,3.3722722232341766,0.0,hard_fault_cluster
882,N15554,observe,-0.9240524172782898,2.0231938339769844,1.2717750191688537,0.33522691749036315,1.31507599208504,-0.9240524172782898,0.22422699630260468,1.843862996250391,0.850994473695755,0.002242269963026047,-0.040198445320129395,0.031662262976169586,0.031662262976169586,0.21465928196907036,0.02651696279644966,0.11709979176521301,-0.0025182217359542847,105152.78125,42592.89453125,62559.8828125,104940.828125,42511.46875,62429.359375,0.002015668200328946,0.0019117221236228943,0.0020863760728389025,0.2015668200328946,2.9075855389237404,1.8650947993993758,2.7156685944646597,1.8661184376478193,2.0586225777864455,1.3144974993169307,2.0231938339769844,2282.821187442093,2282.821187442093,greedy,2.0231938339769844,0.0,hard_fault_cluster
883,N15255,observe,-0.9047759175300598,1.7958942279219627,1.1713415324687957,0.43049452319741244,1.167331248149276,-0.9047759175300598,0.2234545797109604,1.7867466166615487,0.97751045525074,0.0022345457971096037,-0.04216504096984863,0.03350298851728439,0.03350298851728439,1.1382332748174666,0.025890816003084183,0.11383219063282013,-0.002506554126739502,104940.703125,42511.09375,62429.609375,104736.515625,42415.76171875,62320.7578125,0.0019457417074590921,0.0022425211500376463,0.0017435887129977345,0.19457417074590921,2.846039168536663,1.6277869862318037,2.6533209923654795,1.6166479510068892,1.724490663409233,1.2630318289995193,1.7958942279219627,2284.617081670015,2284.617081670015,greedy,1.7958942279219627,0.0,hard_fault_cluster
884,N15182,observe,-0.7844493985176086,1.6616427958011626,1.1437192678451538,0.19098857939243316,1.0800678172707556,-0.7844493985176086,0.23156221210956573,1.630500318109989,1.4018915116786956,0.002315622121095657,-0.03669366240501404,0.02299305982887745,0.02299305982887745,-0.8522889289259912,0.029034055769443512,0.12299780547618866,-0.0034938007593154907,104736.375,42415.515625,62320.86328125,104775.546875,42359.73828125,62415.8125,-0.00037400450673885643,0.0013150221202522516,-0.0015235543251037598,-0.037400450673885643,3.1579608488827944,1.570363549590111,2.967044394928962,1.5668305438756944,1.727613078057766,1.2031935204565525,1.6616427958011626,2286.278724465816,2286.278724465816,greedy,1.6616427958011626,0.0,hard_fault_cluster
885,N4604,observe,-0.7565502524375916,4.213698126375675,3.214277148246765,0.4967565475404262,2.738903782144189,-0.7565502524375916,0.23699365556240082,3.4319798916578295,3.182525181770324,0.002369936555624008,-0.03515201807022095,0.026343347504734993,0.026343347504734993,-0.36976959079504024,0.027663446962833405,0.12735936045646667,-0.0039687976241111755,104774.609375,42358.8046875,62415.8046875,104986.953125,42396.58984375,62590.36328125,-0.002026671776548028,-0.0008920260006561875,-0.002796705113723874,-0.2026671776548028,3.0296816993504763,2.656872618794441,2.8321789470501244,2.6110207921266553,3.5749615684151648,2.8783511228486898,4.213698126375675,2290.492422592192,2290.492422592192,greedy,4.213698126375675,0.0,hard_fault_cluster
886,N15219,observe,-0.8571892380714417,6.254128322890029,4.402347224950789,0.80788982602302,4.065183409878519,-0.8571892380714417,0.22885899245738983,4.261025094115175,2.162004905939102,0.0022885899245738985,-0.03998243808746338,0.031112024560570717,0.031112024560570717,1.3805282804369925,0.02562548965215683,0.11790180206298828,-0.003338940441608429,104987.578125,42397.46875,62590.10546875,104920.7578125,42446.8671875,62473.890625,0.0006364592118188739,-0.0011651270324364305,0.0018567605875432491,0.06364592118188739,2.8225199822336435,4.634113001488149,2.627541719470173,4.604608463905752,5.363421392440796,3.6273245535045864,6.254128322890029,2296.746550915082,2296.746550915082,greedy,6.254128322890029,0.0,hard_fault_cluster
887,N4599,observe,-0.7603528499603271,2.2659491866827013,1.998799467086792,0.2572261121869087,1.4728669713437559,-0.7603528499603271,0.2361234575510025,2.0139320746064184,2.0582814335823056,0.002361234575510025,-0.035268962383270264,0.024646775797009468,0.024646775797009468,-0.608265852034092,0.027364157140254974,0.12632690370082855,-0.00408935546875,104919.953125,42445.90625,62474.04296875,105027.6875,42427.79296875,62599.8984375,-0.0010268244659528136,0.00042673799907788634,-0.002014524070546031,-0.10268244659528136,2.9971859473735094,2.143494623303414,2.8016082723625004,2.1426412516832354,2.1802702262997626,1.9015665340796113,2.2659491866827013,2299.0125001017645,2299.0125001017645,greedy,2.2659491866827013,0.0,hard_fault_cluster
888,N15241,observe,-0.8538041710853577,6.129795921221375,4.354950356483459,0.7859636416658758,3.984367348793894,-0.8538041710853577,0.2283211201429367,4.0293588265404106,2.1670178592205045,0.002283211201429367,-0.04015070199966431,0.030144842341542244,0.030144842341542244,1.6040641760826109,0.025412149727344513,0.11730335652828217,-0.003374934196472168,105028.5390625,42428.75,62599.7890625,104939.34375,42460.67578125,62478.671875,0.0008492483175359666,-0.0007524563116021454,0.0019347858615219593,0.08492483175359666,2.7996809352189302,4.100748106688261,2.605831463355571,4.067007824629545,5.134886491298675,3.5578076276928186,6.129795921221375,2305.142296022986,2305.142296022986,greedy,6.129795921221375,0.0,hard_fault_cluster
889,N15042,observe,-0.7576108574867249,1.673683537915349,1.5235010839998722,-0.20567433647811412,1.087894299644977,-0.7576108574867249,0.1921790987253189,0.36210146129131315,0.18505061119794844,0.0019217909872531892,0.07888302206993103,0.015431294217705727,0.015431294217705727,-2.161978750154376,0.0297941192984581,0.12249962985515594,-0.002177208662033081,104939.0234375,42460.359375,62478.6640625,104933.71875,42514.2265625,62419.48828125,5.055018846178427e-05,-0.0012686465634033084,0.0009471358498558402,0.005055018846178427,3.1870223227888346,2.4327584648132325,3.031314528081566,2.522705163955689,1.7387104474008084,1.1671452471695376,1.673683537915349,2306.8159795609013,2306.8159795609013,greedy,1.673683537915349,0.0,hard_fault_cluster
890,N18392,observe,-0.9374844431877136,1.3043576709926128,0.6535573154687881,0.25280626960098745,0.8478324861451983,-0.9374844431877136,0.22434280812740326,1.4465820766985416,1.3734863519668579,0.0022434280812740326,-0.045169979333877563,0.022793250158429146,0.022793250158429146,0.017850794494152056,0.024619214236736298,0.11273428797721863,-0.004890695214271545,104933.9765625,42514.90625,62419.0703125,104873.1875,42411.22265625,62461.96484375,0.0005793077289126813,0.002438758499920368,-0.0006872023222967982,0.057930772891268134,2.709057481959462,1.04263607442379,2.523705438245088,1.025191791653633,1.4417671397328378,1.0150170191377401,1.3043576709926128,2308.1203372318937,2308.1203372318937,greedy,1.3043576709926128,0.0,hard_fault_cluster
891,N15573,observe,-0.4272656738758087,1.1774887204170232,2.934283399581909,-1.928243517875671,0.7653676682710652,-0.4272656738758087,0.04248395562171936,-5.255992383956909,-5.508673334121704,0.0004248395562171936,0.32620736956596375,-0.010758308693766594,-0.010758308693766594,-5.890204675197602,0.028782829642295837,0.12977004051208496,-0.0009393543004989624,104873.1171875,42411.2109375,62461.90625,104712.015625,42360.0,62352.01953125,0.0015361568657681346,0.001207485911436379,0.0017592597287148237,0.15361568657681346,2.9100086111575365,2.214978296756745,2.886214375961572,2.6492395234107975,0.8625046014785769,0.058425129577517776,1.1774887204170232,2309.2978259523106,2309.2978259523106,greedy,1.1774887204170232,0.0,hard_fault_cluster
892,N14423,observe,-0.9729655981063843,1.2430842727422715,0.3430746912956237,0.23022634118795396,0.8080047772824765,-0.9729655981063843,0.2179977148771286,1.7067153036594391,1.8353413581848144,0.002179977148771286,-0.042016416788101196,0.029817016795277596,0.029817016795277596,-0.5963164907693863,0.02385883778333664,0.11563615500926971,-0.005121409893035889,104711.609375,42359.578125,62352.02734375,104730.03125,42294.6171875,62435.4140625,-0.00017592962831258774,0.0015335596399381757,-0.001337353722192347,-0.017592962831258774,2.63369851000607,1.5507247614860533,2.4478374612517655,1.571778814792633,1.7207922816276549,0.8920594753697514,1.2430842727422715,2310.540910225053,2310.540910225053,greedy,1.2430842727422715,0.0,hard_fault_cluster
893,N15547,observe,-0.9127629995346069,2.7504703879356383,1.7311370551586152,0.6258579158782959,1.787805752158165,-0.9127629995346069,0.2222580760717392,2.345384966433048,1.2017971426248548,0.002222580760717392,-0.04458200931549072,0.03307836502790451,0.03307836502790451,1.8321798330545427,0.02426106482744217,0.11400605738162994,-0.0036555081605911255,104730.453125,42295.04296875,62435.40625,104605.9609375,42289.59375,62316.3671875,0.0011886913562193513,0.00012883823364973068,0.0019065954256802797,0.11886913562193513,2.6814429238438606,3.4937542796134946,2.489940593019128,3.589870274066925,2.534242910146713,1.8017900808714329,2.7504703879356383,2313.2913806129886,2313.2913806129886,greedy,2.7504703879356383,0.0,hard_fault_cluster
894,N15036,observe,-0.7807445526123047,1.499808817729354,1.723078805208206,-0.4785091225057839,0.9748757315240801,-0.7807445526123047,0.1873837262392044,0.1168959937989712,0.10258886963129044,0.001873837262392044,0.0786934494972229,0.015264110639691353,0.015264110639691353,-3.442695404663682,0.028764721006155014,0.12073817849159241,-0.0024557411670684814,104605.6328125,42288.8671875,62316.765625,104608.0,42332.05859375,62275.9375,-2.2629637896898203e-05,-0.0010213422356173396,0.0006551708211190999,-0.0022629637896898203,3.079119937494397,2.4463654720783232,2.9271340598352253,2.5774246418476103,1.7543248541653158,1.4158654791489247,1.499808817729354,2314.791189430718,2314.791189430718,greedy,1.499808817729354,0.0,hard_fault_cluster
895,N15396,observe,-0.994157075881958,1.373360373079777,0.728546841442585,0.33691750034689905,0.8926842425018551,-0.994157075881958,0.2191428393125534,1.4565125867724418,0.8986239954829215,0.002191428393125534,-0.04052916169166565,0.02763974852859974,0.02763974852859974,1.0050215631723405,0.025258928537368774,0.11834415793418884,-0.004991263151168823,104608.265625,42332.7734375,62275.48828125,104766.359375,42326.9375,62439.42578125,-0.0015112931141629815,0.0001378586166538298,-0.0026324563659727573,-0.15112931141629815,2.7726754415780306,1.4197252917289735,2.5875885006971657,1.4121160793304444,1.225235614180565,0.8195942588523031,1.373360373079777,2316.164549803798,2316.164549803798,greedy,1.373360373079777,0.0,hard_fault_cluster
896,N15568,observe,-0.9531964063644409,2.5769157871603965,1.7327119767665864,0.5079458202421666,1.6749952616542578,-0.9531964063644409,0.22181729972362518,2.207572399228811,1.4123811066150664,0.002218172997236252,-0.04306039214134216,0.03083549626171589,0.03083549626171589,1.4590700536966323,0.024744298309087753,0.11501464247703552,-0.0038141459226608276,104766.328125,42326.91796875,62439.4140625,104717.359375,42349.08984375,62368.265625,0.00046740923426114023,-0.0005238244775682688,0.0011394795728847384,0.04674092342611402,2.7270826268941164,2.67331157207489,2.5375930299051106,2.698927097320557,2.215360271930695,1.670413610953838,2.5769157871603965,2318.7414655909583,2318.7414655909583,greedy,2.5769157871603965,0.0,hard_fault_cluster
897,N21350,control1,-1.0527652502059937,3.929337975382805,4.62328758239746,0.3507421377301216,2.5540696839988235,-1.0527652502059937,0.19044439494609833,2.486088653504848,3.0829639434814453,0.0019044439494609834,-0.027567893266677856,0.018866093829274178,0.018866093829274178,-0.005172127485275291,0.029334723949432373,0.11622022092342377,-0.004798300564289093,105581.984375,42572.21875,63009.765625,105639.9375,42834.37109375,62805.56640625,-0.0005488921888172626,-0.006157826632261276,0.003240755060687661,-0.054889218881726265,3.14278288371861,2.324143021404743,2.9858000171370804,2.3235959699749946,3.3648742198944093,4.195385288596153,3.929337975382805,2322.670803566341,2322.670803566341,greedy,3.929337975382805,0.0,hard_fault_cluster
898,N24119,control1,-0.7162158489227295,3.665106984972954,4.257100796699524,0.4770392122864724,2.3823195402324204,-0.7162158489227295,0.22479389607906342,2.8618505552411078,3.270441699028015,0.0022479389607906342,-0.03383621573448181,0.02397000975906849,0.02397000975906849,0.2917615556716917,0.03236892446875572,0.12387876212596893,-0.001976713538169861,105640.1171875,42834.82421875,62805.29296875,105171.6796875,42717.13671875,62454.54296875,0.00443427637219429,0.0027474723756313324,0.0055847205221652985,0.443427637219429,3.485656352713704,4.8803976285457615,3.299083423335105,5.039579223394394,3.9874935269355776,4.691870792508125,3.665106984972954,2326.335910551314,2326.335910551314,greedy,3.665106984972954,0.0,hard_fault_cluster
899,N25856,observe,-0.7681669592857361,1.5917662903666496,1.994987642765045,-0.3917481496930121,1.0346480887383223,-0.7681669592857361,0.22744975984096527,1.4403490133583547,1.7783008992671967,0.002274497598409653,-0.02838537096977234,0.02361706830561161,0.02361706830561161,-5.370792055875063,0.030767828226089478,0.12808199226856232,-0.003327883780002594,105171.109375,42716.75,62454.359375,105371.359375,42696.109375,62675.25,-0.0019040399929508567,0.00048319745110347867,-0.0035368327517062426,-0.19040399929508567,3.3278496507555246,2.577720567882061,3.139549529645592,2.634501859843731,2.4455603055655954,1.947709760032594,1.5917662903666496,2327.9276768416807,2327.9276768416807,greedy,1.5917662903666496,0.0,hard_fault_cluster
900,N15398,observe,-0.895948588848114,3.745471549034119,4.129024338722228,0.0091559839248659,2.4345565068721773,-0.895948588848114,0.21834857761859894,2.6724574089050295,1.8567467689514159,0.0021834857761859894,-0.03654143214225769,0.027883166447281837,0.027883166447281837,-2.231509652137756,0.027600958943367004,0.11806517839431763,-0.0033722519874572754,105371.734375,42696.546875,62675.1875,105314.53125,42699.171875,62615.359375,0.0005428697331808507,-6.14803793723695e-05,0.000954574323259294,0.054286973318085074,3.006327638402581,4.261154398918151,2.8216538303531706,4.336009702682495,4.5091215729713445,3.4579148268885915,3.745471549034119,2331.6731483907147,2331.6731483907147,greedy,3.745471549034119,0.0,hard_fault_cluster
901,N15533,observe,-0.8098923563957214,1.9396844372153286,3.5202393054962156,-0.1491775766015052,1.2607948841899637,-0.8098923563957214,0.2009202092885971,0.9101030737161636,-1.2515726029872893,0.002009202092885971,0.03882646560668945,0.02690352313220501,0.02690352313220501,-2.2515796759724616,0.028506673872470856,0.11918067932128906,-0.0014005526900291443,105314.5390625,42699.171875,62615.3671875,105111.0234375,42616.765625,62494.2578125,0.0019324551103636622,0.0019299262203276157,0.0019341798033565283,0.19324551103636622,3.0784911196678877,2.722237260341644,2.907623320352286,2.823558242321014,2.3235978215932844,1.7893719971179964,1.9396844372153286,2333.61283282793,2333.61283282793,greedy,1.9396844372153286,0.0,hard_fault_cluster
902,N14508,observe,-0.19208352267742157,2.1922377735376357,4.909741067886352,-1.5838763803243636,1.4249545527994634,-0.19208352267742157,0.03275028616189957,-4.74468351200223,-5.328981971740722,0.0003275028616189957,0.3795802891254425,0.01659131981432438,0.01659131981432438,-3.345771748125553,0.03236081078648567,0.14454004168510437,0.010818041861057281,105110.625,42616.41015625,62494.2109375,105080.609375,42531.2734375,62549.3359375,0.00028556224424391985,0.0019977448973804712,-0.0008820816874504089,0.028556224424391985,3.285422684624791,2.743614611029625,3.248416480142623,3.071884807944298,0.7805855154991153,0.9050960343331103,2.1922377735376357,2335.805070601468,2335.805070601468,greedy,2.1922377735376357,0.0,hard_fault_cluster
903,N15299,observe,-0.3407222032546997,2.679441118240357,4.109704416990279,-2.0075070619583126,1.741636726856232,-0.3407222032546997,0.02085115760564804,-5.647410471439361,-4.417397993803023,0.0002085115760564804,0.3755548894405365,0.010031649842858315,0.010031649842858315,-5.517217907905579,0.028728660196065903,0.13512545824050903,0.005503293126821518,105080.9296875,42531.5703125,62549.359375,105065.0,42590.58203125,62474.421875,0.00015159446047618985,-0.0013874804135411978,0.0011980538256466389,0.015159446047618985,2.9037488270550966,1.5582519888877868,2.880586721468717,1.9798889160156252,1.6755944252014163,1.1684137958288197,2.679441118240357,2338.4845117197083,2338.4845117197083,greedy,2.679441118240357,0.0,hard_fault_cluster
904,N6927,observe,-0.3509649336338043,0.9381989181041718,2.312434089183807,-1.6240493953227997,0.6098292967677117,-0.3509649336338043,0.014525622129440308,-5.5044664040207865,-4.038405847549439,0.00014525622129440307,0.3737875521183014,0.007114710286259651,0.007114710286259651,-3.911638966202736,0.027640141546726227,0.13402687013149261,0.003327786922454834,105064.6328125,42590.125,62474.5078125,104883.0,42514.5234375,62368.4765625,0.001728772185742855,0.0017750960541889071,0.0016971922013908625,0.1728772185742855,2.7856544870883226,0.9190781173110009,2.7694242377765477,1.1569100713729858,0.521671524643898,0.4925331449508667,0.9381989181041718,2339.4227106378125,2339.4227106378125,greedy,0.9381989181041718,0.0,hard_fault_cluster
905,N2324,observe,-0.17466358840465546,1.7842701375484467,2.7475223302841183,-1.149158674478531,1.1597755894064903,-0.17466358840465546,0.04798603057861328,-3.581195708811283,-1.9870964050292965,0.00047986030578613283,0.38790908455848694,0.014537012204527855,0.014537012204527855,-2.2949060040712355,0.03349892050027847,0.14829014241695404,0.010588034987449646,104883.5546875,42515.0546875,62368.5,104874.90625,42438.59375,62436.30859375,8.245751814683899e-05,0.0017984438454732299,-0.001087225042283535,0.0082457518146839,3.4124150928109884,1.9780034863948823,3.3655228107236326,2.1856818878650666,0.5878019452095035,1.0937052365392448,1.7842701375484467,2341.206980775361,2341.206980775361,greedy,1.7842701375484467,0.0,hard_fault_cluster
906,N24043,observe,-0.33558619022369385,1.9673123985528946,3.3731681466102597,-1.8829701274633408,1.2787530590593816,-0.33558619022369385,0.026384510099887848,-5.772868690639735,-4.402805632352829,0.0002638451009988785,0.3804462254047394,0.01226375438272953,0.01226375438272953,-3.780156243145466,0.03291449323296547,0.14038193225860596,0.005034830421209335,104874.265625,42438.0234375,62436.2421875,105165.015625,42655.46875,62509.54296875,-0.0027723675593733788,-0.0051238322630524635,-0.0011740101035684347,-0.2772367559373379,3.3300975877791643,1.7309082287549973,3.3011113894172013,1.9556847470998764,0.22980326414108324,0.429442355744541,1.9673123985528946,2343.174293173914,2343.174293173914,greedy,1.9673123985528946,0.0,hard_fault_cluster
907,N21355,control1,-0.2631251811981201,1.3100674450397494,4.318843030929565,-1.7485276639461518,0.8515438392758371,-0.2631251811981201,0.02861575037240982,-5.789150639772415,-2.3999999999999995,0.00028615750372409823,0.3779071271419525,0.009229553863406181,0.009229553863406181,-3.145141748189926,0.03099154680967331,0.1379377394914627,0.0059792473912239075,105165.1875,42655.65625,62509.53125,104907.515625,42535.8984375,62371.6171875,0.0024501632433384657,0.0028075482696294785,0.0022062885109335184,0.24501632433384657,3.136999985203147,1.6524591827392578,3.108616007026285,1.3862928533554078,-0.10041890144348092,2.034727714061737,1.3100674450397494,2344.484360618954,2344.484360618954,greedy,1.3100674450397494,0.0,hard_fault_cluster
908,N21354,control1,-0.19872300326824188,1.3552725732326505,4.455813789367675,-1.869644170999527,0.8809271726012229,-0.19872300326824188,0.034530363976955414,-5.777449744045734,-2.3999999999999995,0.00034530363976955416,0.3790021240711212,0.006439747288823128,0.006439747288823128,-4.813805440068245,0.029831774532794952,0.13651549816131592,0.006466202437877655,104907.5546875,42535.9296875,62371.625,104653.8046875,42413.83984375,62239.96484375,0.0024187962990254164,0.0028702756389975548,0.0021108982618898153,0.24187962990254164,3.024147564545274,1.86072629570961,2.99341998109594,1.3877377259731294,0.8065651655197149,2.624267357587814,1.3552725732326505,2345.8396331921863,2345.8396331921863,greedy,1.3552725732326505,0.0,hard_fault_cluster
909,N21359,control1,-0.1520928591489792,1.1567107141017916,4.584687566757202,-2.2246956169605254,0.7518619641661646,-0.1520928591489792,0.04011167585849762,-6.063610073626041,-2.3999999999999995,0.0004011167585849762,0.3801448345184326,0.0034049171954393387,0.0034049171954393387,-6.054522920250893,0.029712431132793427,0.13541044294834137,0.006048612296581268,104653.796875,42413.796875,62240.0,104456.09375,42319.75390625,62136.33984375,0.0018891156651079655,0.0022172729950398207,0.0016654909122735262,0.18891156651079655,3.0147597063332796,1.8600606620311737,2.982122261542827,1.202783089876175,0.19246757030487105,2.225103920698166,1.1567107141017916,2346.996343906288,2346.996343906288,greedy,1.1567107141017916,0.0,hard_fault_cluster
910,N15507,observe,-0.8518157601356506,1.0652981327543967,0.3259348928928375,0.31060939297778534,0.6924437862903579,-0.8518157601356506,0.23348365724086761,1.401533292781096,0.9054095745086669,0.0023348365724086763,-0.054460108280181885,0.04593077301979065,0.04593077301979065,0.9207451391522772,0.02521810308098793,0.11224320530891418,-0.0034073516726493835,104456.4140625,42320.19140625,62136.22265625,104608.390625,42403.79296875,62204.59765625,-0.001454927958548069,-0.0019754532258957624,-0.0011004048865288496,-0.1454927958548069,2.8012247383594513,2.1379024964245037,2.5916639156639576,0.9244034391315653,0.9544518604059703,0.5043180896557169,1.0652981327543967,2348.0616420390425,2348.0616420390425,greedy,1.0652981327543967,0.0,hard_fault_cluster
911,N15089,control1,-0.7831392288208008,1.245497975088656,2.4280138313770294,0.3483353588357568,0.8095736838076264,-0.7831392288208008,0.22151492536067963,1.2943661829456687,2.4012767791748044,0.002215149253606796,-0.05069151520729065,0.043166227638721466,0.043166227638721466,0.44363322891294954,0.022654559463262558,0.11486327648162842,-0.006733551621437073,104608.515625,42403.90625,62204.61328125,103981.4765625,42077.28125,61904.1953125,0.00599414948374033,0.00770271010696888,0.004829512909054756,0.599414948374033,2.530137099325657,1.181726205116138,2.331626234576106,0.8348369178827852,1.597283910959959,3.138234542123973,1.245497975088656,2349.307140014131,2349.307140014131,greedy,1.245497975088656,0.0,hard_fault_cluster
912,N15289,observe,-0.7790270447731018,2.8645073351450265,2.0292546927928923,0.45228378693573174,1.8619297678442672,-0.7790270447731018,0.2254808396100998,2.4536022481508555,1.612591451406479,0.002254808396100998,-0.05708649754524231,0.04418046027421951,0.04418046027421951,0.8547630786895751,0.023554999381303787,0.11106890439987183,-0.004233881831169128,103980.9609375,42076.4765625,61904.484375,103896.34375,42070.265625,61826.08203125,0.0008137757540680468,0.00014761068450752646,0.001266505103558302,0.08137757540680468,2.625161238014698,2.6066067373752593,2.4229152631014585,2.605694571733475,2.509309703111649,1.83550918313209,2.8645073351450265,2352.171647349276,2352.171647349276,greedy,2.8645073351450265,0.0,hard_fault_cluster
913,N15521,observe,-0.7778121829032898,2.21212322384119,1.4658347487449646,0.6099616971611976,1.4378800954967736,-0.7778121829032898,0.22355474531650543,2.127636038959026,1.2570655405521394,0.002235547453165054,-0.058622121810913086,0.043257951736450195,0.043257951736450195,2.057418021559715,0.024404160678386688,0.10946415364742279,-0.0036149024963378906,103896.5625,42070.8671875,61825.6953125,103801.3125,42035.4296875,61765.8828125,0.000916777178645134,0.0008423287072218955,0.0009674375760369003,0.0916777178645134,2.7072287648916245,1.9496300423145294,2.5071192421019077,1.9460424387454986,1.7655257284641266,1.4247913954500109,2.21212322384119,2354.383770573117,2354.383770573117,greedy,2.21212322384119,0.0,hard_fault_cluster
914,N15285,observe,-0.765199601650238,1.8654913306236265,1.5658130049705505,0.4645051157474517,1.2125693649053573,-0.765199601650238,0.22381652891635895,1.9289279252290725,2.36342453956604,0.0022381652891635896,-0.05778124928474426,0.042299263179302216,0.042299263179302216,1.3069421368837357,0.02484145760536194,0.10863153636455536,-0.003136768937110901,103801.203125,42035.078125,61766.12109375,103694.5625,41986.453125,61708.109375,0.0010273543884977698,0.0011567720212042332,0.0009392158244736493,0.10273543884977698,2.750261552631855,1.5910168707370758,2.550674708560109,1.5756042540073396,1.638147559762001,1.8925669462233783,1.8654913306236265,2356.2492619037407,2356.2492619037407,greedy,1.8654913306236265,0.0,hard_fault_cluster
915,N15090,control1,-0.7749121785163879,1.5657486185431482,2.6595875978469845,0.3653745748102665,1.0177366020530463,-0.7749121785163879,0.20892243087291718,1.3218693363666534,2.4145352602005,0.0020892243087291718,-0.05086696147918701,0.04183245450258255,0.04183245450258255,1.5682669427990912,0.021782156080007553,0.10935576260089874,-0.007286570966243744,103694.7734375,41986.9375,61707.8359375,103210.859375,41751.078125,61459.78125,0.004666715860366821,0.005617446266114712,0.004019824787974358,0.46667158603668213,2.428970493376255,1.0877128385007382,2.2409043293446302,1.0877128385007382,1.4571568205952645,3.0471519333869215,1.5657486185431482,2357.815010522284,2357.815010522284,greedy,1.5657486185431482,0.0,hard_fault_cluster
