step,node,type,q_pred,score_pred,reward_pred,fc_pred,pattern_pred,return_pred,guarded_reward,hard_reduction_total_pred,hard_reduction_sa0_pred,hard_reduction_sa1_pred,derived_hard_count_pre_total_pred,derived_hard_count_pre_sa0_pred,derived_hard_count_pre_sa1_pred,derived_hard_count_post_total_pred,derived_hard_count_post_sa0_pred,derived_hard_count_post_sa1_pred,derived_hard_reduction_total_pred,derived_hard_reduction_sa0_pred,derived_hard_reduction_sa1_pred,derived_hard_reduction_hybrid_pred,hybrid_pred,bounded_residual_hybrid_pred,step_value,sequence_score,lookahead_score,planner,score_adjusted,diversity_penalty,candidate_strategy
1,N826,observe,0.4097149670124054,0.4097149670124054,0.1884300857782364,0.0018843008577823638,-0.07193523645401001,0.8388228416442871,0.1884300857782364,-0.009092815220355988,-0.04328407347202301,-0.032470546662807465,74793.40625,30806.734375,43986.67578125,73915.25,30935.13671875,42980.109375,0.01174109149724245,-0.004167995881289244,0.02288343943655491,1.174109149724245,0.11797140538692474,-0.6524682901799679,0.1884300857782364,0.1884300857782364,0.1884300857782364,greedy,0.1884300857782364,0.0,hard_fault_cluster
2,N21193,observe,0.39734625816345215,0.39734625816345215,0.2324979305267334,0.002324979305267334,-0.11199411004781723,0.8499808311462402,0.2324979305267334,-0.009020471945405006,-0.04490043595433235,-0.034572534263134,73903.5859375,30932.8359375,42970.75,73245.7578125,30609.4609375,42636.296875,0.00890116672962904,0.010454101487994194,0.007783274166285992,0.890116672962904,0.180431567132473,-0.6314275041222572,0.2324979305267334,0.4209280163049698,0.4209280163049698,greedy,0.2324979305267334,0.0,hard_fault_cluster
3,N32556,observe,0.39481884241104126,0.39481884241104126,0.2578548192977905,0.0025785481929779053,-0.13338978588581085,0.8591456413269043,0.2578548192977905,-0.00899414625018835,-0.045488618314266205,-0.03533744066953659,73244.734375,30609.07421875,42635.6640625,72896.046875,30452.03125,42444.01171875,0.0047605810686945915,0.005130601581186056,0.0044951182790100574,0.47605810686945915,0.21758583560585976,-0.6201645098626614,0.2578548192977905,0.6787828356027603,0.6787828356027603,greedy,0.2578548192977905,0.0,hard_fault_cluster
4,N21208,observe,0.3922029435634613,0.3922029435634613,0.2906920313835144,0.002906920313835144,-0.1344236582517624,0.8625634908676147,0.2906920313835144,-0.009111573919653893,-0.04286493360996246,-0.03192547708749771,72897.59375,30452.9453125,42444.64453125,72514.171875,30170.90234375,42343.2734375,0.005259732715785503,0.00926159881055355,0.0023883129470050335,0.5259732715785503,0.2420981302857399,-0.622843511402607,0.2906920313835144,0.9694748669862747,0.9694748669862747,greedy,0.2906920313835144,0.0,hard_fault_cluster
5,N3441,observe,0.3910946249961853,0.3910946249961853,0.2793164849281311,0.002793164849281311,-0.1349942833185196,0.8672096729278564,0.2793164849281311,-0.008977226912975311,-0.04586665704846382,-0.035829052329063416,72512.3359375,30169.5390625,42342.796875,72415.8125,30216.8359375,42198.9765625,0.0013311313232406974,-0.0015677029732614756,0.0033965709153562784,0.13311313232406974,0.24880346655845642,-0.6110911518335342,0.2793164849281311,1.2487913519144058,1.2487913519144058,greedy,0.2793164849281311,0.0,hard_fault_cluster
6,N1796,control1,0.3877069354057312,0.3877069354057312,0.26503798365592957,0.002650379836559296,-0.13806532323360443,0.8626756072044373,0.26503798365592957,-0.00890832208096981,-0.04740617051720619,-0.03783111274242401,72427.25,30210.501953125,42216.75,72617.828125,30444.46484375,42173.359375,-0.0026313040871173143,-0.007744422648102045,0.0010278059635311365,-0.26313040871173143,0.23688138276338577,-0.6089038103818893,0.26503798365592957,1.5138293355703354,1.5138293355703354,greedy,0.26503798365592957,0.0,hard_fault_cluster
7,N21340,control1,0.38390064239501953,0.38390064239501953,0.25654083490371704,0.0025654083490371706,-0.14048506319522858,0.8653252124786377,0.25654083490371704,-0.008792119100689888,-0.05000247806310654,-0.04120747745037079,72607.5546875,30451.263671875,42156.29296875,72482.953125,30507.44921875,41975.5078125,0.001716096419841051,-0.0018450974021106958,0.0042884498834609985,0.1716096419841051,0.24265413731336594,-0.5987453982234001,0.25654083490371704,1.7703701704740524,1.7703701704740524,greedy,0.25654083490371704,0.0,hard_fault_cluster
8,N3438,observe,0.38692405819892883,0.38692405819892883,0.2600567638874054,0.002600567638874054,-0.14315016567707062,0.8742845058441162,0.2600567638874054,-0.008777270093560219,-0.05033426359295845,-0.04163894057273865,72482.578125,30507.078125,41975.5,72175.46875,30368.421875,41807.046875,0.0042370096780359745,0.004545051604509354,0.004013129509985447,0.42370096780359745,0.2566142603754997,-0.5941416919231415,0.2600567638874054,2.030426934361458,2.030426934361458,greedy,0.2600567638874054,0.0,hard_fault_cluster
9,N3435,observe,0.3865979015827179,0.3865979015827179,0.25878748297691345,0.0025878748297691345,-0.14630737900733948,0.8816481232643127,0.25878748297691345,-0.008734629489481449,-0.0512869730591774,-0.042877890169620514,72175.40625,30368.37109375,41807.0390625,71919.5859375,30272.12109375,41647.46484375,0.003544424893334508,0.003169415984302759,0.0038169221952557564,0.3544424893334508,0.2669726572930813,-0.5883540473878384,0.25878748297691345,2.2892144173383713,2.2892144173383713,greedy,0.25878748297691345,0.0,hard_fault_cluster
10,N1741,observe,0.3852364122867584,0.3852364122867584,0.25571081042289734,0.0025571081042289733,-0.14889779686927795,0.884406566619873,0.25571081042289734,-0.008684348315000534,-0.05241040140390396,-0.04433884471654892,71919.578125,30272.240234375,41647.33984375,71777.78125,30246.0390625,41531.7421875,0.0019716033712029457,0.0008655181154608727,0.002775631146505475,0.19716033712029457,0.271682545542717,-0.5834054872393608,0.25571081042289734,2.5449252277612686,2.5449252277612686,greedy,0.25571081042289734,0.0,hard_fault_cluster
11,N1740,observe,0.3832211196422577,0.3832211196422577,0.25338518619537354,0.0025338518619537355,-0.14983218908309937,0.8865082859992981,0.25338518619537354,-0.008649448864161968,-0.05319014936685562,-0.04535286873579025,71777.734375,30246.02734375,41531.703125,71627.125,30220.10546875,41407.015625,0.0020982741843909025,0.0008570340578444302,0.003002224490046501,0.20982741843909025,0.2749485857784748,-0.5799715183675289,0.25338518619537354,2.798310413956642,2.798310413956642,greedy,0.25338518619537354,0.0,hard_fault_cluster
12,N23924,observe,0.3822842538356781,0.3822842538356781,0.2568186819553375,0.0025681868195533753,-0.1493782252073288,0.8874163627624512,0.2568186819553375,-0.008661950007081032,-0.05291084200143814,-0.04498964548110962,71627.265625,30220.177734375,41407.0859375,71440.109375,30149.115234375,41290.9921875,0.002612919081002474,0.0023514917120337486,0.002803717041388154,0.2612919081002474,0.2780400440096855,-0.580136239528656,0.2568186819553375,3.0551290959119797,3.0551290959119797,greedy,0.2568186819553375,0.0,hard_fault_cluster
13,N29793,control1,0.39510250091552734,0.39510250091552734,0.25315797328948975,0.0025315797328948975,-0.12751129269599915,0.9120858311653137,0.25315797328948975,-0.008854750543832779,-0.0486031174659729,-0.039387673139572144,71441.734375,30149.8046875,41291.9296875,71194.2890625,29890.537109375,41303.75,0.0034635961055755615,0.008599312044680119,-0.000286262045847252,0.34635961055755615,0.2797687500715256,-0.594164103269577,0.25315797328948975,3.3082870692014694,3.3082870692014694,greedy,0.25315797328948975,0.0,hard_fault_cluster
14,N23923,observe,0.387387216091156,0.387387216091156,0.24642837047576904,0.0024642837047576904,-0.13053202629089355,0.9169089794158936,0.24642837047576904,-0.008742035366594791,-0.05112149938941002,-0.04266270250082016,71192.59375,29889.80859375,41302.78125,71148.921875,29923.08984375,41225.828125,0.0006134328432381153,-0.0011134648229926825,0.001863146317191422,0.06134328432381153,0.28913381323218346,-0.5833691991865635,0.24642837047576904,3.5547154396772385,3.5547154396772385,greedy,0.24642837047576904,0.0,hard_fault_cluster
15,N1414,control1,0.39945822954177856,0.39945822954177856,0.2254534363746643,0.002254534363746643,-0.12219265103340149,0.9297258853912354,0.2254534363746643,-0.008627239614725113,-0.05368637293577194,-0.045998185873031616,71148.7109375,29922.46875,41226.2421875,71234.8125,30092.671875,41142.140625,-0.0012101633474230766,-0.005688137840479612,0.002040000632405281,-0.12101633474230766,0.29245536029338837,-0.5739291310310364,0.2254534363746643,3.7801688760519028,3.7801688760519028,greedy,0.2254534363746643,0.0,hard_fault_cluster
16,N1415,control1,0.40567728877067566,0.40567728877067566,0.20626795291900635,0.0020626795291900633,-0.11625533550977707,0.940619945526123,0.20626795291900635,-0.009021833539009094,-0.05603351444005966,-0.04728366434574127,71234.8125,30092.6796875,41142.1328125,71194.6484375,30164.65625,41029.9921875,0.0005638262955471873,-0.0023918296210467815,0.002725688274949789,0.05638262955471873,0.24470454454421997,-0.6154613792896271,0.20626795291900635,3.986436828970909,3.986436828970909,greedy,0.20626795291900635,0.0,hard_fault_cluster
17,N22092,control1,0.40258488059043884,0.40258488059043884,0.20424675941467285,0.0020424675941467284,-0.12155751138925552,0.9437441229820251,0.20424675941467285,-0.00990036316215992,-0.06061067059636116,-0.049404919147491455,71197.171875,30166.73828125,41030.4296875,70990.2421875,30155.958984375,40834.28125,0.0029064312111586332,0.0003573239082470536,0.00478056026622653,0.2906431211158633,0.15795456618070602,-0.7030385956168175,0.20424675941467285,4.190683588385582,4.190683588385582,greedy,0.20424675941467285,0.0,hard_fault_cluster
18,N45308,control1,0.39422452449798584,0.39422452449798584,0.20687592029571533,0.002068759202957153,-0.1294938176870346,0.9480510950088501,0.20687592029571533,-0.010560652241110802,-0.0638691708445549,-0.05079178512096405,70990.9609375,30151.49609375,40839.46484375,70868.28125,30143.62890625,40724.65234375,0.001728102914057672,0.00026092195184901357,0.0028113124426454306,0.1728102914057672,0.09886179119348526,-0.7673334702849388,0.20687592029571533,4.397559508681297,4.397559508681297,greedy,0.20687592029571533,0.0,hard_fault_cluster
19,N1249,control1,0.38959893584251404,0.38959893584251404,0.20938807725906372,0.002093880772590637,-0.1313277781009674,0.9563764333724976,0.20938807725906372,-0.010995372198522091,-0.06595629453659058,-0.05163838714361191,70882.171875,30143.359375,40738.8125,70771.828125,30070.17578125,40701.6484375,0.0015567208174616098,0.002427851315587759,0.0009122519986703992,0.15567208174616098,0.06622729077935219,-0.8080960921943188,0.20938807725906372,4.606947585940361,4.606947585940361,greedy,0.20938807725906372,0.0,hard_fault_cluster
20,N828,control1,0.3874756097793579,0.3874756097793579,0.2223132848739624,0.002223132848739624,-0.13817209005355835,0.96175616979599,0.2223132848739624,-0.011210011318325996,-0.06624111533164978,-0.05120468884706497,70787.71875,30047.083984375,40740.63671875,70569.796875,29902.59765625,40667.203125,0.003078526584431529,0.004808663856238127,0.0018024655291810632,0.3078526584431529,0.06306832283735275,-0.8249837681651115,0.2223132848739624,4.829260870814323,4.829260870814323,greedy,0.2223132848739624,0.0,hard_fault_cluster
21,N3550,observe,0.38701939582824707,0.38701939582824707,0.22040867805480957,0.002204086780548096,-0.14196090400218964,0.9638204574584961,0.22040867805480957,-0.01145070418715477,-0.06811246275901794,-0.0524909570813179,70535.375,29926.501953125,40608.87109375,70404.4921875,29928.203125,40476.2890625,0.00185556267388165,-5.6844994105631486e-05,0.0032648539636284113,0.185556267388165,0.039158716797828674,-0.8490131348371506,0.22040867805480957,5.049669548869133,5.049669548869133,greedy,0.22040867805480957,0.0,hard_fault_cluster
22,N1814,control1,0.38485005497932434,0.38485005497932434,0.21438053250312805,0.0021438053250312805,-0.14373429119586945,0.9685548543930054,0.21438053250312805,-0.011912897229194641,-0.07149757444858551,-0.054722949862480164,70436.59375,29899.71875,40536.875,70305.640625,29917.720703125,40387.921875,0.0018591632833704352,-0.0006020776927471161,0.003674509236589074,0.18591632833704352,-0.008354336023330688,-0.8955558761954308,0.21438053250312805,5.264050081372261,5.264050081372261,greedy,0.21438053250312805,0.0,hard_fault_cluster
23,N22099,control1,0.3803865313529968,0.3803865313529968,0.2167474329471588,0.002167474329471588,-0.14967598021030426,0.9692912101745605,0.2167474329471588,-0.01266498677432537,-0.07470514625310898,-0.055727019906044006,70272.859375,29947.61328125,40325.25,69849.984375,29869.291015625,39980.6953125,0.006017614621669054,0.002615309087559581,0.00854439102113247,0.6017614621669054,-0.08046003431081772,-0.9699890166521072,0.2167474329471588,5.48079751431942,5.48079751431942,greedy,0.2167474329471588,0.0,hard_fault_cluster
24,N15818,control1,0.37805625796318054,0.37805625796318054,0.21498343348503113,0.0021498343348503113,-0.153367280960083,0.9679639935493469,0.21498343348503113,-0.012717200443148613,-0.07565706223249435,-0.05662962794303894,69847.8203125,29867.30078125,39980.51953125,69666.75,29886.361328125,39780.390625,0.0025923545472323895,-0.000638174416963011,0.005005660466849804,0.25923545472323895,-0.08877261728048325,-0.9759831875562668,0.21498343348503113,5.695780947804451,5.695780947804451,greedy,0.21498343348503113,0.0,hard_fault_cluster
25,N8970,control1,0.37588468194007874,0.37588468194007874,0.2120858132839203,0.002120858132839203,-0.1562548726797104,0.9674428105354309,0.2120858132839203,-0.012863954529166222,-0.07691167294979095,-0.057543665170669556,69666.734375,29886.35546875,39780.375,69456.0625,29885.31640625,39570.74609375,0.0030239953193813562,3.4767119359457865e-05,0.005269656423479319,0.3023995319381356,-0.10686682909727097,-0.9915132969617844,0.2120858132839203,5.907866761088371,5.907866761088371,greedy,0.2120858132839203,0.0,hard_fault_cluster
26,N8972,control1,0.37443235516548157,0.37443235516548157,0.20919427275657654,0.0020919427275657653,-0.15803031623363495,0.9677870273590088,0.20919427275657654,-0.013041121885180473,-0.07818667590618134,-0.05837343633174896,69456.1328125,29885.396484375,39570.734375,69244.734375,29879.96484375,39364.7734375,0.003043625270947814,0.00018174898286815733,0.005204880144447088,0.3043625270947814,-0.127130888402462,-1.009866863489151,0.20919427275657654,6.117061033844948,6.117061033844948,greedy,0.20919427275657654,0.0,hard_fault_cluster
27,N15817,control1,0.3737754225730896,0.3737754225730896,0.20691755414009094,0.0020691755414009093,-0.1586141288280487,0.968560516834259,0.20691755414009094,-0.01320846751332283,-0.07926890254020691,-0.05901776999235153,69244.671875,29879.890625,39364.78125,69054.421875,29873.98046875,39180.4375,0.0027475038077682257,0.00019779711146838963,0.004682961385697126,0.27475038077682257,-0.14536868035793304,-1.0269772335886955,0.20691755414009094,6.323978587985039,6.323978587985039,greedy,0.20691755414009094,0.0,hard_fault_cluster
28,N15816,control1,0.37378886342048645,0.37378886342048645,0.20499739050865173,0.0020499739050865175,-0.15880568325519562,0.9694833159446716,0.20499739050865173,-0.013405071571469307,-0.08033005148172379,-0.05953456461429596,69054.5078125,29874.0078125,39180.5,68889.625,29872.03515625,39017.59375,0.0023877196945250034,6.603253132198006e-05,0.004157839808613062,0.23877196945250034,-0.16602645069360733,-1.0468869805335999,0.20499739050865173,6.5289759784936905,6.5289759784936905,greedy,0.20499739050865173,0.0,hard_fault_cluster
29,N8971,control1,0.37217414379119873,0.37217414379119873,0.20245489478111267,0.0020245489478111266,-0.15839305520057678,0.9703644514083862,0.20245489478111267,-0.013610058464109898,-0.08147510886192322,-0.06011754274368286,68889.515625,29872.013671875,39017.5,68753.296875,29873.86328125,38879.4296875,0.001977351028472185,-6.191780266817659e-05,0.0035386765375733376,0.1977351028472185,-0.18818650022149086,-1.067801009863615,0.20245489478111267,6.731430873274803,6.731430873274803,greedy,0.20245489478111267,0.0,hard_fault_cluster
30,N15815,control1,0.3705286979675293,0.3705286979675293,0.19997936487197876,0.0019997936487197877,-0.15791843831539154,0.9711973071098328,0.19997936487197876,-0.013786831870675087,-0.08250011503696442,-0.060663171112537384,68753.34375,29873.82421875,38879.5234375,68650.828125,29879.25,38771.578125,0.0014910638565197587,-0.00018162325432058424,0.002776405308395624,0.14910638565197587,-0.20750651508569717,-1.0858890190720558,0.19997936487197876,6.931410238146782,6.931410238146782,greedy,0.19997936487197876,0.0,hard_fault_cluster
31,N15819,control1,0.3695622980594635,0.3695622980594635,0.19695702195167542,0.001969570219516754,-0.15744684636592865,0.9721440076828003,0.19695702195167542,-0.013979692943394184,-0.08364532142877579,-0.06128919869661331,68650.734375,29879.34765625,38771.390625,68566.4140625,29889.6640625,38676.75,0.0012282506795600057,-0.0003452687815297395,0.002440991345793009,0.12282506795600057,-0.2288682647049427,-1.1056940369307995,0.19695702195167542,7.128367260098457,7.128367260098457,greedy,0.19695702195167542,0.0,hard_fault_cluster
32,N22692,control1,0.36614564061164856,0.36614564061164856,0.20261670649051666,0.0020261670649051665,-0.15890026092529297,0.9742618799209595,0.20261670649051666,-0.014619903638958931,-0.0853806734085083,-0.061007365584373474,68566.3515625,29889.671875,38676.6796875,68193.484375,29753.37890625,38440.109375,0.005438049323856831,0.004559868481010199,0.006116613745689392,0.5438049323856831,-0.28511177748441696,-1.167770717293024,0.20261670649051666,7.330983966588974,7.330983966588974,greedy,0.20261670649051666,0.0,hard_fault_cluster
33,N1943,control0,0.36671051383018494,0.36671051383018494,0.1956719160079956,0.0019567191600799562,-0.1575021892786026,0.9739287495613098,0.1956719160079956,-0.015032242052257061,-0.08752160519361496,-0.06199456751346588,68193.453125,29753.87890625,38439.5703125,68364.765625,29781.474609375,38583.2890625,-0.002512154635041952,-0.0009274657350033522,-0.003738823113963008,-0.2512154635041952,-0.3336235396564007,-1.2108240388333797,0.1956719160079956,7.52665588259697,7.52665588259697,greedy,0.1956719160079956,0.0,hard_fault_cluster
34,N1416,observe,0.3645966351032257,0.3645966351032257,0.1909138560295105,0.001909138560295105,-0.15586405992507935,0.976140558719635,0.1909138560295105,-0.014914392493665218,-0.08779223263263702,-0.0627204179763794,68365.265625,29781.1875,38584.07421875,68286.109375,29819.41796875,38466.6875,0.001157843042165041,-0.0012837119866162539,0.003042361931875348,0.1157843042165041,-0.3243848346173763,-1.1996756456792355,0.1909138560295105,7.71756973862648,7.71756973862648,greedy,0.1909138560295105,0.0,hard_fault_cluster
35,N8163,control1,0.3625583350658417,0.3625583350658417,0.18686553835868835,0.0018686553835868835,-0.1549096554517746,0.9771344661712646,0.18686553835868835,-0.01501056831330061,-0.08879846334457397,-0.0635296106338501,68286.484375,29818.7265625,38467.7578125,68209.609375,29835.361328125,38374.24609375,0.0011257717851549387,-0.0005578630371019244,0.0024309116415679455,0.11257717851549387,-0.33705682680010796,-1.2100568301975727,0.18686553835868835,7.9044352769851685,7.9044352769851685,greedy,0.18686553835868835,0.0,hard_fault_cluster
36,N3554,observe,0.3630555272102356,0.3630555272102356,0.22650685906410217,0.0022650685906410216,-0.1642761528491974,0.9757466316223145,0.22650685906410217,-0.014417311176657677,-0.0815933421254158,-0.05739796906709671,68212.671875,29836.17578125,38376.4921875,68041.984375,29515.642578125,38526.34375,0.0025022842455655336,0.01074310578405857,-0.003904774785041809,0.25022842455655336,-0.23947762697935104,-1.1411677449941635,0.22650685906410217,8.13094213604927,8.13094213604927,greedy,0.22650685906410217,0.0,hard_fault_cluster
37,N45187,observe,0.3622422516345978,0.3622422516345978,0.20311424136161804,0.0020311424136161805,-0.15925823152065277,0.9756177067756653,0.20311424136161804,-0.014998321421444416,-0.08644594997167587,-0.06088592857122421,68040.765625,29516.46875,38524.296875,68104.4140625,29692.173828125,38412.2421875,-0.0009354456560686231,-0.005952781066298485,0.0029086756985634565,-0.0935445656068623,-0.3211001940071583,-1.2051491551101208,0.20311424136161804,8.334056377410889,8.334056377410889,greedy,0.20311424136161804,0.0,hard_fault_cluster
38,N21189,observe,0.24015241861343384,0.24015241861343384,0.2708815634250641,0.002708815634250641,-0.14207640290260315,0.9421657919883728,0.2708815634250641,-0.00856812298297882,-0.0550072155892849,-0.047715865075588226,68103.7265625,29692.642578125,38411.0859375,67039.046875,28926.15625,38112.890625,0.01563320681452751,0.025814015418291092,0.007763261906802654,1.5633206814527512,0.3562350571155548,-0.5535504594445229,0.2708815634250641,8.604937940835953,8.604937940835953,greedy,0.2708815634250641,0.0,hard_fault_cluster
39,N32582,observe,0.23789723217487335,0.23789723217487335,0.26580438017845154,0.002658043801784515,-0.14475955069065094,0.9426829218864441,0.26580438017845154,-0.008512036874890327,-0.056260332465171814,-0.0493454784154892,67037.25,28925.28515625,38111.96875,67123.578125,28964.123046875,38159.453125,-0.0012877634726464748,-0.0013426969526335597,-0.0012459176359698176,-0.12877634726464748,0.3572836145758629,-0.5490818619728088,0.26580438017845154,8.870742321014404,8.870742321014404,greedy,0.26580438017845154,0.0,hard_fault_cluster
40,N12805,observe,0.2154518961906433,0.2154518961906433,0.8896310925483704,0.008896310925483703,-0.16923008859157562,0.9710866212844849,0.8896310925483704,-0.009108392521739006,-0.04293603450059891,-0.032017938792705536,67123.8125,28964.26171875,38159.55078125,65526.8125,27858.7578125,37668.0546875,0.023791855201125145,0.038167860358953476,0.01288002822548151,2.3791855201125145,0.9498784616589546,-0.4456598237156868,0.8896310925483704,9.760373413562775,9.760373413562775,greedy,0.8896310925483704,0.0,hard_fault_cluster
41,N12798,observe,0.22569113969802856,0.22569113969802856,1.638766884803772,0.01638766884803772,-0.1857759654521942,1.024261713027954,1.024261713027954,-0.005566632840782404,-0.027308031916618347,-0.012641789391636848,65527.3046875,27859.0,37668.3046875,64266.74609375,26901.9453125,37364.80078125,0.019237149506807327,0.03435352072119713,0.008057275786995888,1.9237149506807327,2.1063653137534857,0.10909386537969112,1.638766884803772,11.399140298366547,11.399140298366547,greedy,1.638766884803772,0.0,hard_fault_cluster
42,N1436,observe,0.21883364021778107,0.21883364021778107,1.0604286193847656,0.010604286193847656,-0.15912239253520966,1.0005295276641846,1.0005295276641846,-0.009195557795464993,-0.0409884974360466,-0.029485275968909264,64265.1015625,26900.830078125,37364.26953125,65467.703125,27539.15234375,37928.55078125,-0.01871313527226448,-0.02372872084379196,-0.015102162025868893,-1.871313527226448,1.141402367502451,-0.4043162427842617,1.0604286193847656,12.459568917751312,12.459568917751312,greedy,1.0604286193847656,0.0,hard_fault_cluster
43,N1682,observe,0.33866086602211,0.33866086602211,2.4338676929473877,0.024338676929473876,-0.2513446807861328,1.116965651512146,1.116965651512146,0.015683487057685852,-0.0003854706883430481,0.03815256804227829,65468.84765625,27539.9296875,37928.91796875,62694.765625,25867.5546875,36827.2109375,0.04237255081534386,0.060725465416908264,0.029046624898910522,4.237255081534386,5.119182050228119,2.4560570418834686,2.4338676929473877,14.8934366106987,14.8934366106987,greedy,2.4338676929473877,0.0,hard_fault_cluster
44,N32536,observe,0.2869414985179901,0.2869414985179901,2.7384097576141357,0.027384097576141356,-0.24054746329784393,1.1514617204666138,1.1514617204666138,0.013891930691897869,-0.001195826567709446,0.03989940881729126,62694.46875,25867.7578125,36826.7109375,62580.9453125,25513.158203125,37067.78515625,0.0018107409123331308,0.01370816957205534,-0.006546178366988897,0.18107409123331308,5.279064547270536,2.3616609387099743,2.7384097576141357,17.631846368312836,17.631846368312836,greedy,2.7384097576141357,0.0,hard_fault_cluster
45,N3432,observe,0.18815487623214722,0.18815487623214722,2.693694829940796,0.02693694829940796,-0.159307599067688,1.1492631435394287,1.1492631435394287,0.009437677450478077,-0.013899748213589191,0.030561573803424835,62580.46875,25512.53125,37067.9375,62727.15234375,25547.94921875,37179.203125,-0.0023439195938408375,-0.0013882577186450362,-0.003001667559146881,-0.23439195938408375,4.786725718528032,1.9045072384178638,2.693694829940796,20.32554119825363,20.32554119825363,greedy,2.693694829940796,0.0,hard_fault_cluster
46,N3429,observe,0.13241657614707947,0.13241657614707947,2.9320759773254395,0.029320759773254393,-0.12105272710323334,1.1568549871444702,1.1568549871444702,0.014336281456053257,-0.027116969227790833,0.03354475647211075,62727.15234375,25547.92578125,37179.2265625,62334.0234375,25369.400390625,36964.625,0.006267284508794546,0.006987862288951874,0.0057720826007425785,0.6267284508794546,5.522559110075235,2.455860886722803,2.9320759773254395,23.25761717557907,23.25761717557907,greedy,2.9320759773254395,0.0,hard_fault_cluster
47,N1680,observe,-0.1291932463645935,-0.1291932463645935,5.648663520812988,0.05648663520812988,-0.167765274643898,1.2491835355758667,1.2491835355758667,0.06947222352027893,-0.010287853889167309,0.08771676570177078,62335.28515625,25370.17578125,36965.109375,58877.3046875,23571.744140625,35305.5625,0.05547388643026352,0.07088763266801834,0.044894952327013016,5.547388643026352,13.845069408416748,8.671684116125107,5.648663520812988,28.90628069639206,28.90628069639206,greedy,5.648663520812988,0.0,hard_fault_cluster
48,N4043,observe,-0.3050667345523834,-0.3050667345523834,6.443427085876465,0.06443427085876464,-0.11202512681484222,1.3215129375457764,1.3215129375457764,0.07586358487606049,-0.05059228464961052,0.08197697252035141,58876.3515625,23570.900390625,35305.453125,59499.765625,23657.248046875,35842.515625,-0.010588530451059341,-0.0036633159033954144,-0.01521188486367464,-1.0588530451059341,15.35129851102829,9.527593493461609,6.443427085876465,35.349707782268524,35.349707782268524,greedy,6.443427085876465,0.0,hard_fault_cluster
49,N3426,observe,-0.4593389928340912,-0.4593389928340912,7.518229961395264,0.07518229961395263,-0.09076987206935883,1.434525966644287,1.434525966644287,0.08511003106832504,-0.07184845209121704,0.08799772709608078,59499.625,23657.228515625,35842.3984375,59234.8515625,23422.1796875,35812.671875,0.0044500017538666725,0.00993560254573822,0.0008293686551041901,0.44500017538666725,17.463759034872055,10.749192088842392,7.518229961395264,42.86793774366379,42.86793774366379,greedy,7.518229961395264,0.0,hard_fault_cluster
50,N4041,observe,-0.5972139835357666,-0.5972139835357666,8.64053726196289,0.08640537261962891,-0.07979555428028107,1.530711054801941,1.530711054801941,0.09397108852863312,-0.07102178782224655,0.10090114921331406,59235.21875,23422.19921875,35813.01953125,58640.48828125,23103.22265625,35537.265625,0.01004015002399683,0.013618557713925838,0.007699823006987572,1.004015002399683,19.568357169628143,11.93992093205452,8.64053726196289,51.50847500562668,51.50847500562668,greedy,8.64053726196289,0.0,hard_fault_cluster
51,N32561,observe,-0.8608225584030151,-0.8608225584030151,11.806692123413086,0.11806692123413086,-0.12517918646335602,1.720185399055481,1.720185399055481,0.15297488868236542,-0.020489420741796494,0.1556551158428192,58640.984375,23104.30859375,35536.67578125,55345.109375,21427.298828125,33917.80859375,0.05620429292321205,0.07258428633213043,0.04555482789874077,5.620429292321205,28.82436639070511,18.679208248853683,11.806692123413086,63.315167129039764,63.315167129039764,greedy,11.806692123413086,0.0,hard_fault_cluster
52,N4039,observe,-0.9018564224243164,-0.9018564224243164,12.255311012268066,0.12255311012268066,-0.0642167180776596,1.797195315361023,1.797195315361023,0.13968224823474884,-0.04952254518866539,0.14433783292770386,55344.265625,21426.0234375,33918.2421875,55293.5234375,21342.447265625,33951.07421875,0.0009168463293462992,0.003900685114786029,-0.0009679755894467235,0.09168463293462992,28.020731151103973,17.481351405382156,12.255311012268066,75.57047814130783,75.57047814130783,greedy,12.255311012268066,0.0,hard_fault_cluster
53,N24272,observe,-1.047652244567871,-1.047652244567871,13.369561195373535,0.13369561195373536,-0.04570095241069794,1.9224152565002441,1.9224152565002441,0.1399116814136505,-0.0511491484940052,0.15046797692775726,55312.3671875,21348.505859375,33963.859375,55197.83984375,21027.37890625,34170.4609375,0.002070555929094553,0.015042128041386604,-0.006082982290536165,0.2070555929094553,29.28314459323883,17.814162254333496,13.369561195373535,88.94003933668137,88.94003933668137,greedy,13.369561195373535,0.0,hard_fault_cluster
54,N24271,observe,-1.2101953029632568,-1.2101953029632568,14.785269737243652,0.14785269737243653,-0.036783114075660706,2.055652141571045,2.055652141571045,0.1485728919506073,-0.045289669185876846,0.1628103256225586,55196.4140625,21027.09375,34169.3203125,55266.52734375,20797.73046875,34468.796875,-0.0012702506501227617,0.01090798806399107,-0.008764486759901047,-0.12702506501227617,31.698211073875427,19.067519664764404,14.785269737243652,103.72530907392502,103.72530907392502,greedy,14.785269737243652,0.0,hard_fault_cluster
55,N12789,observe,-1.3648396730422974,-1.3648396730422974,16.115455627441406,0.16115455627441405,-0.023743346333503723,2.185399055480957,2.185399055480957,0.15586575865745544,-0.043913718312978745,0.17394231259822845,55246.484375,20792.3125,34454.171875,55679.5390625,20759.837890625,34919.69921875,-0.007838592864573002,0.001561856595799327,-0.013511493802070618,-0.7838592864573002,33.88743054866791,20.161789536476135,16.115455627441406,119.84076470136642,119.84076470136642,greedy,16.115455627441406,0.0,hard_fault_cluster
56,N26267,observe,-1.5403509140014648,-1.5403509140014648,17.834726333618164,0.17834726333618164,-0.02656872570514679,2.33530330657959,2.33530330657959,0.17578953504562378,-0.035257499665021896,0.19496560096740723,55679.98828125,20759.76171875,34920.2265625,55514.83203125,20492.890625,35021.94140625,0.00296616880223155,0.012855209410190582,-0.002912777243182063,0.296616880223155,37.74898314476013,22.621460914611816,17.834726333618164,137.6754910349846,137.6754910349846,greedy,17.834726333618164,0.0,hard_fault_cluster
57,N1743,observe,-1.7093138694763184,-1.7093138694763184,19.490955352783203,0.19490955352783204,-0.034565940499305725,2.4909472465515137,2.4909472465515137,0.19093990325927734,-0.030986841768026352,0.21265608072280884,55515.23046875,20492.97265625,35022.2578125,55940.08984375,20409.65234375,35530.4375,-0.007653023581951857,0.004065799061208963,-0.014510191977024078,-0.7653023581951857,41.07589292526245,24.589465975761414,19.490955352783203,157.1664463877678,157.1664463877678,greedy,19.490955352783203,0.0,hard_fault_cluster
58,N1753,observe,-1.8788479566574097,-1.8788479566574097,21.23276710510254,0.2123276710510254,-0.042507484555244446,2.6511738300323486,2.6511738300323486,0.20741166174411774,-0.02735745534300804,0.23107850551605225,55940.19140625,20409.67578125,35530.515625,56347.99609375,20295.18359375,36052.8125,-0.007290012203156948,0.0056097013875842094,-0.014699951745569706,-0.7290012203156948,44.62510710954666,26.712151408195496,21.23276710510254,178.39921349287033,178.39921349287033,greedy,21.23276710510254,0.0,hard_fault_cluster
59,N12794,observe,-2.029468297958374,-2.029468297958374,22.736286163330078,0.22736286163330077,-0.03909279406070709,2.8006105422973633,2.8006105422973633,0.2199365347623825,-0.031219523400068283,0.24547968804836273,56347.34765625,20295.25390625,36052.09375,56888.3984375,20328.908203125,36559.48828125,-0.009602063335478306,-0.0016582348616793752,-0.014073926955461502,-0.9602063335478306,47.53055018186569,28.37787765264511,22.736286163330078,201.1354996562004,201.1354996562004,greedy,22.736286163330078,0.0,hard_fault_cluster
60,N24932,observe,-2.157897710800171,-2.157897710800171,23.989370346069336,0.23989370346069336,-0.03359659016132355,2.9321720600128174,2.9321720600128174,0.22966279089450836,-0.04231187328696251,0.25709694623947144,56901.8671875,20327.818359375,36574.046875,57383.95703125,20484.45703125,36899.5,-0.008472302928566933,-0.007705631200224161,-0.008898471482098103,-0.8472302928566933,49.88782149553299,29.696664690971375,23.989370346069336,225.12487000226974,225.12487000226974,greedy,23.989370346069336,0.0,hard_fault_cluster
61,N1440,observe,-2.2679972648620605,-2.2679972648620605,25.073787689208984,0.2507378768920898,-0.018100276589393616,3.058664083480835,3.058664083480835,0.23449790477752686,-0.055482473224401474,0.2653106153011322,57369.83984375,20484.6796875,36885.16015625,57589.1015625,20528.638671875,37060.4609375,-0.003821898717433214,-0.002145944396033883,-0.004752609878778458,-0.3821898717433214,51.582242250442505,30.48290342092514,25.073787689208984,250.19865769147873,250.19865769147873,greedy,25.073787689208984,0.0,hard_fault_cluster
62,N960,observe,-2.389173984527588,-2.389173984527588,26.304723739624023,0.26304723739624025,-0.020821169018745422,3.1914596557617188,3.1914596557617188,0.2429814487695694,-0.054585572332143784,0.27129897475242615,57589.03125,20529.037109375,37059.99609375,57472.10546875,20435.74609375,37036.359375,0.0020303481724113226,0.004544344265013933,0.0006377960671670735,0.20303481724113226,53.79432827234268,31.672190725803375,26.304723739624023,276.50338143110275,276.50338143110275,greedy,26.304723739624023,0.0,hard_fault_cluster
63,N55430,control0,-2.5131046772003174,-2.5131046772003174,27.56545066833496,0.2756545066833496,-0.04213382303714752,3.320220947265625,3.320220947265625,0.24692873656749725,-0.05345671996474266,0.2696063816547394,57473.3203125,20435.923828125,37037.3984375,58255.9609375,20775.310546875,37480.6484375,-0.013617459684610367,-0.016607359051704407,-0.011967632919549942,-1.3617459684610367,55.57854527235031,32.41429156064987,27.56545066833496,304.0688320994377,304.0688320994377,greedy,27.56545066833496,0.0,hard_fault_cluster
64,N2715,control0,-2.640972852706909,-2.640972852706909,28.928512573242188,0.2892851257324219,-0.05853183567523956,3.4544408321380615,3.4544408321380615,0.2557607889175415,-0.047887470573186874,0.27457448840141296,58255.0703125,20775.244140625,37479.828125,58901.8125,21024.36328125,37877.44921875,-0.011101903393864632,-0.011991153471171856,-0.010608935728669167,-1.1101903393864632,57.9590322971344,33.67181724309921,28.928512573242188,332.9973446726799,332.9973446726799,greedy,28.928512573242188,0.0,hard_fault_cluster
65,N15850,control0,-2.7636215686798096,-2.7636215686798096,30.156740188598633,0.30156740188598635,-0.06509841978549957,3.585312604904175,3.585312604904175,0.27306514978408813,-0.03241696581244469,0.283298134803772,58901.02734375,21024.11328125,37876.9140625,58220.671875,20834.2890625,37386.3828125,0.011550825089216232,0.00902888085693121,0.012950665317475796,1.1550825089216232,61.04856777191162,35.742028176784515,30.156740188598633,363.15408486127853,363.15408486127853,greedy,30.156740188598633,0.0,hard_fault_cluster
66,N45124,observe,-2.8872034549713135,-2.8872034549713135,31.430383682250977,0.3143038368225098,-0.0654757171869278,3.718977928161621,3.718977928161621,0.29066401720046997,-0.020539220422506332,0.2944391965866089,58219.8671875,20831.1953125,37388.671875,57842.765625,20748.234375,37094.53125,0.006477197166532278,0.003982533700764179,0.007867105305194855,0.6477197166532278,64.2157633304596,37.85374212265015,31.430383682250977,394.5844685435295,394.5844685435295,greedy,31.430383682250977,0.0,hard_fault_cluster
67,N9003,control0,-3.012485980987549,-3.012485980987549,32.75514602661133,0.32755146026611326,-0.06007315218448639,3.8560147285461426,3.8560147285461426,0.30839571356773376,-0.011366602964699268,0.3085117042064667,57843.21484375,20750.93359375,37092.28125,57685.89453125,20743.27734375,36942.6171875,0.0027197713498026133,0.00036895929952152073,0.004034911282360554,0.2719771349802613,67.45073211193085,39.992361545562744,32.75514602661133,427.33961457014084,427.33961457014084,greedy,32.75514602661133,0.0,hard_fault_cluster
68,N48101,control0,-3.1405820846557617,-3.1405820846557617,34.108943939208984,0.34108943939208985,-0.058751180768013,3.995680809020996,3.995680809020996,0.3258289396762848,-0.00034340936690568924,0.3220454752445221,57698.84375,20745.3046875,36953.5390625,57597.125,20751.17578125,36845.94921875,0.0017629252979531884,-0.00028300832491368055,0.002911489689722657,0.17629252979531884,70.68751871585846,42.109050154685974,34.108943939208984,461.4485585093498,461.4485585093498,greedy,34.108943939208984,0.0,hard_fault_cluster
69,N29913,control1,-3.267474412918091,-3.267474412918091,35.236236572265625,0.3523623657226562,-0.07663710415363312,4.126351356506348,4.126351356506348,0.333883672952652,0.01472956221550703,0.31751325726509094,57584.39453125,20749.1484375,36835.24609375,57893.8125,20931.912109375,36961.8984375,-0.005373295396566391,-0.008808249607682228,-0.003438346553593874,-0.5373295396566391,72.75095522403717,43.22901427745819,35.236236572265625,496.68479508161545,496.68479508161545,greedy,35.236236572265625,0.0,hard_fault_cluster
70,N24270,control0,-3.3785908222198486,-3.3785908222198486,36.43894577026367,0.3643894577026367,-0.07311506569385529,4.258492946624756,4.258492946624756,0.34258005023002625,0.020191971212625504,0.3229621946811676,57901.5390625,20908.1796875,36993.359375,58356.4296875,21083.015625,37273.4140625,-0.00785627868026495,-0.00836208276450634,-0.007570404093712568,-0.785627868026495,74.95544373989105,44.43236470222473,36.43894577026367,533.1237408518791,533.1237408518791,greedy,36.43894577026367,0.0,hard_fault_cluster
71,N29911,control1,-3.4842710494995117,-3.4842710494995117,37.486209869384766,0.3748620986938477,-0.08173610270023346,4.382100582122803,4.382100582122803,0.3512936532497406,0.02188080921769142,0.32284656167030334,58342.78125,21105.845703125,37236.9375,58246.53515625,21277.6171875,36968.91796875,0.00164966587908566,-0.008138573728501797,0.00719767902046442,0.164966587908566,76.99767577648163,45.59644293785095,37.486209869384766,570.6099507212639,570.6099507212639,greedy,37.486209869384766,0.0,hard_fault_cluster
72,N15814,control1,-3.6024649143218994,-3.6024649143218994,38.659820556640625,0.38659820556640623,-0.08507485687732697,4.513752460479736,4.513752460479736,0.3624595105648041,0.02873099222779274,0.32641804218292236,58246.0,21277.1875,36968.8125,58497.2265625,21403.666015625,37093.5625,-0.004313198383897543,-0.0059443251229822636,-0.00337446597404778,-0.4313198383897543,79.41952407360077,47.0393443107605,38.659820556640625,609.2697712779045,609.2697712779045,greedy,38.659820556640625,0.0,hard_fault_cluster
73,N29917,control1,-3.747551202774048,-3.747551202774048,40.150054931640625,0.4015005493164063,-0.0967155247926712,4.663321495056152,4.663321495056152,0.37769365310668945,0.04297393932938576,0.3371610939502716,58498.078125,21404.208984375,37093.8671875,58558.1484375,21354.349609375,37203.796875,-0.001026876736432314,0.002329419134184718,-0.002963554346933961,-0.10268767364323139,82.58274173736572,48.97270941734314,40.150054931640625,649.4198262095451,649.4198262095451,greedy,40.150054931640625,0.0,hard_fault_cluster
74,N34870,control1,-3.8972675800323486,-3.8972675800323486,41.675594329833984,0.41675594329833987,-0.12078042328357697,4.815566062927246,4.815566062927246,0.39089474081993103,0.06124085560441017,0.3428269028663635,58557.96484375,21354.265625,37203.69921875,58680.21484375,21318.1953125,37362.01953125,-0.0020876750349998474,0.0016891384730115533,-0.004255499225109816,-0.20876750349998474,85.58063447475433,50.71226418018341,41.675594329833984,691.0954205393791,691.0954205393791,greedy,41.675594329833984,0.0,hard_fault_cluster
75,N15776,control0,-4.0122528076171875,-4.0122528076171875,42.800331115722656,0.42800331115722656,-0.1041497141122818,4.9536824226379395,4.9536824226379395,0.40088728070259094,0.060591403394937515,0.34747231006622314,58680.16796875,21318.07421875,37362.09375,59451.1328125,21661.740234375,37789.390625,-0.013138422742486,-0.016120875254273415,-0.011436641216278076,-1.3138422742486,87.84274160861969,52.02723145484924,42.800331115722656,733.8957516551018,733.8957516551018,greedy,42.800331115722656,0.0,hard_fault_cluster
76,N8929,control0,-4.141429424285889,-4.141429424285889,44.0398063659668,0.440398063659668,-0.10516335070133209,5.093130588531494,5.093130588531494,0.41261962056159973,0.06641805171966553,0.3558303415775299,59451.1484375,21661.744140625,37789.40625,60269.828125,22030.328125,38239.5,-0.013770628720521927,-0.01701543480157852,-0.011910580098628998,-1.3770628720521927,90.39489901065826,53.545196294784546,44.0398063659668,777.9355580210686,777.9355580210686,greedy,44.0398063659668,0.0,hard_fault_cluster
77,N8904,control0,-4.279335975646973,-4.279335975646973,45.378395080566406,0.4537839508056641,-0.10905452072620392,5.238711833953857,5.238711833953857,0.42657411098480225,0.07540607452392578,0.36562734842300415,60270.0625,22030.265625,38239.796875,61465.70703125,22493.078125,38972.62890625,-0.0198381170630455,-0.02100803144276142,-0.01916411891579628,-1.9838117063045502,93.27451801300049,55.31168782711029,45.378395080566406,823.313953101635,823.313953101635,greedy,45.378395080566406,0.0,hard_fault_cluster
78,N29919,control1,-4.457391738891602,-4.457391738891602,47.371421813964844,0.4737142181396484,-0.14087344706058502,5.413114547729492,5.413114547729492,0.44929635524749756,0.09751731157302856,0.3879207372665405,61465.5234375,22493.296875,38972.2265625,61623.40234375,22412.12890625,39211.2734375,-0.002568576717749238,0.0036085403990000486,-0.0061337752267718315,-0.2568576717749238,97.71417188644409,58.12576961517334,47.371421813964844,870.6853749155998,870.6853749155998,greedy,47.371421813964844,0.0,hard_fault_cluster
79,N8905,control0,-4.604333877563477,-4.604333877563477,48.82188034057617,0.48821880340576174,-0.13295938074588776,5.577715873718262,5.577715873718262,0.464743047952652,0.10437369346618652,0.4014962315559387,61623.484375,22411.87109375,39211.61328125,63217.796875,22999.96875,40217.828125,-0.02587183378636837,-0.026240453124046326,-0.02566114440560341,-2.587183378636837,100.87390100955963,60.074203848838806,48.82188034057617,919.507255256176,919.507255256176,greedy,48.82188034057617,0.0,hard_fault_cluster
80,N22088,control1,-4.665733337402344,-4.665733337402344,49.19239044189453,0.4919239044189453,-0.13061203062534332,5.679393768310547,5.679393768310547,0.46877503395080566,0.09091031551361084,0.3965558409690857,63218.28125,23000.9921875,40217.2890625,65177.90625,24822.47265625,40355.43359375,-0.030997758731245995,-0.07919138669967651,-0.00343495374545455,-3.0997758731245995,101.74928760528564,60.595449447631836,49.19239044189453,968.6996456980705,968.6996456980705,greedy,49.19239044189453,0.0,hard_fault_cluster
81,N29888,control1,-4.643342018127441,-4.643342018127441,48.168758392333984,0.4816875839233398,-0.07935239374637604,5.697666645050049,5.697666645050049,0.4563981294631958,0.05398750677704811,0.38294172286987305,65177.1953125,24821.771484375,40355.42578125,68301.0625,27504.0859375,40796.9765625,-0.047928836196660995,-0.1080629751086235,-0.01094154641032219,-4.7928836196660995,99.50623798370361,59.10641920566559,48.168758392333984,1016.8684040904045,1016.8684040904045,greedy,48.168758392333984,0.0,hard_fault_cluster
82,N34839,control1,-4.58156681060791,-4.58156681060791,46.459007263183594,0.46459007263183594,0.009461864829063416,5.665999412536621,5.665999412536621,0.4325980544090271,0.0005906848236918449,0.37901684641838074,68301.03125,27504.08203125,40796.9453125,71711.609375,30405.70703125,41305.8984375,-0.0499345026910305,-0.10549797862768173,-0.012475275434553623,-4.99345026910305,95.38481211662292,56.291057109832764,46.459007263183594,1063.327411353588,1063.327411353588,greedy,46.459007263183594,0.0,hard_fault_cluster
83,N29855,control1,-4.485207557678223,-4.485207557678223,44.185302734375,0.44185302734375,0.1325439065694809,5.595365524291992,5.595365524291992,0.3993603587150574,-0.0693320631980896,0.3783898651599884,71711.875,30405.51953125,41306.35546875,74681.3515625,32818.44921875,41862.90234375,-0.04140843451023102,-0.07935827970504761,-0.013473637402057648,-4.140843451023102,89.71670413017273,52.381202936172485,44.185302734375,1107.512714087963,1107.512714087963,greedy,44.185302734375,0.0,hard_fault_cluster
84,N29886,control1,-4.451064109802246,-4.451064109802246,42.4407958984375,0.424407958984375,0.22481583058834076,5.552626132965088,5.552626132965088,0.3809555470943451,-0.11612159013748169,0.3812233507633209,74681.0,32818.65234375,41862.3515625,77137.078125,34540.75,42596.328125,-0.03288758918642998,-0.05247313901782036,-0.017533093690872192,-3.2887589186429977,86.0889767408371,50.093910217285156,42.4407958984375,1149.9535099864006,1149.9535099864006,greedy,42.4407958984375,0.0,hard_fault_cluster
85,N15872,control1,-4.744053840637207,-4.744053840637207,45.319393157958984,0.45319393157958987,0.062179550528526306,5.715386867523193,5.715386867523193,0.40508419275283813,0.0018850592896342278,0.4214767515659332,77137.25,34540.8046875,42596.4453125,74832.15625,33368.515625,41463.640625,0.029883017763495445,0.03393924981355667,0.026593878865242004,2.9883017763495445,91.54319930076599,53.26711428165436,45.319393157958984,1195.2729031443596,1195.2729031443596,greedy,45.319393157958984,0.0,hard_fault_cluster
86,N29854,control1,-4.781137466430664,-4.781137466430664,44.935367584228516,0.44935367584228514,0.15094290673732758,5.790201663970947,5.790201663970947,0.4041399359703064,-0.044884320348501205,0.4224245250225067,74832.109375,33368.21484375,41463.8984375,78403.6875,35126.66796875,43277.01953125,-0.047727882862091064,-0.05269844830036163,-0.043727703392505646,-4.7727882862091064,91.1395628452301,53.095385909080505,44.935367584228516,1240.208270728588,1240.208270728588,greedy,44.935367584228516,0.0,hard_fault_cluster
87,N29884,control1,-4.729879379272461,-4.729879379272461,43.159141540527344,0.43159141540527346,0.27449536323547363,5.773573398590088,5.773573398590088,0.38230904936790466,-0.11170321702957153,0.41674181818962097,78403.21875,35126.8828125,43276.33984375,80832.6640625,36459.4296875,44373.234375,-0.030986551195383072,-0.03793524578213692,-0.025346286594867706,-3.098655119538307,87.1636198759079,50.464083671569824,43.159141540527344,1283.3674122691154,1283.3674122691154,greedy,43.159141540527344,0.0,hard_fault_cluster
88,N34799,control1,-4.744333744049072,-4.744333744049072,41.98715591430664,0.4198715591430664,0.34319615364074707,5.7676615715026855,5.7676615715026855,0.36750587821006775,-0.13856780529022217,0.4090980291366577,80832.71875,36459.1015625,44373.6171875,83080.71875,37599.9140625,45480.80078125,-0.02781052142381668,-0.0312901996076107,-0.024951394647359848,-2.781052142381668,84.5054053068161,48.689292192459106,41.98715591430664,1325.354568183422,1325.354568183422,greedy,41.98715591430664,0.0,hard_fault_cluster
89,N34798,control1,-4.781546592712402,-4.781546592712402,41.14351272583008,0.4114351272583008,0.39845848083496094,5.774617671966553,5.774617671966553,0.3539125919342041,-0.15329301357269287,0.40354371070861816,83080.8125,37599.96875,45480.83984375,84843.0546875,38408.1640625,46434.890625,-0.021211180835962296,-0.02149457484483719,-0.02097698301076889,-2.1211180835962296,82.30938959121704,47.12079179286957,41.14351272583008,1366.4980809092522,1366.4980809092522,greedy,41.14351272583008,0.0,hard_fault_cluster
90,N29882,control1,-4.837157249450684,-4.837157249450684,40.71217346191406,0.40712173461914064,0.4379969835281372,5.801003932952881,5.801003932952881,0.3424261808395386,-0.15968620777130127,0.4029712975025177,84842.890625,38408.484375,46434.40625,85948.796875,38930.1484375,47018.6484375,-0.013034754432737827,-0.013582000508904457,-0.01258209627121687,-1.3034754432737827,80.7557954788208,45.87091243267059,40.71217346191406,1407.2102543711662,1407.2102543711662,greedy,40.71217346191406,0.0,hard_fault_cluster
91,N28639,control1,-4.885680675506592,-4.885680675506592,40.396156311035156,0.4039615631103516,0.47484922409057617,5.8329644203186035,5.8329644203186035,0.32863855361938477,-0.16613328456878662,0.4059050381183624,85949.0,38930.2578125,47018.7421875,86661.5625,39288.953125,47372.609375,-0.008290527388453484,-0.009213792160153389,-0.007526088040322065,-0.8290527388453484,79.09297609329224,44.42113554477692,40.396156311035156,1447.6064106822014,1447.6064106822014,greedy,40.396156311035156,0.0,hard_fault_cluster
92,N34800,control1,-4.945834159851074,-4.945834159851074,40.35630416870117,0.40356304168701174,0.5012571811676025,5.881279468536377,5.881279468536377,0.31567877531051636,-0.1669926643371582,0.41209161281585693,86661.21875,39288.34375,47372.875,87008.9296875,39542.3359375,47466.59375,-0.004012301564216614,-0.0064648231491446495,-0.001978321000933647,-0.4012301564216614,77.80546116828918,43.12727344036102,40.35630416870117,1487.9627148509026,1487.9627148509026,greedy,40.35630416870117,0.0,hard_fault_cluster
93,N29856,control1,-5.0213236808776855,-5.0213236808776855,40.563472747802734,0.40563472747802737,0.5237076282501221,5.9474263191223145,5.9474263191223145,0.3043573796749115,-0.16394418478012085,0.42013460397720337,87008.890625,39542.33984375,47466.546875,87148.9609375,39731.1171875,47417.84375,-0.0016098390333354473,-0.004774055909365416,0.0010260515846312046,-0.16098390333354473,76.9466370344162,42.06346273422241,40.563472747802734,1528.5261875987053,1528.5261875987053,greedy,40.563472747802734,0.0,hard_fault_cluster
94,N25294,control1,-5.093646049499512,-5.093646049499512,40.736412048339844,0.40736412048339843,0.5473366975784302,6.0130486488342285,6.0130486488342285,0.29217568039894104,-0.16236484050750732,0.42792603373527527,87149.453125,39731.8203125,47417.62890625,87227.171875,39873.5078125,47353.6640625,-0.0008917870000004768,-0.003566096303984523,0.0013489675475284457,-0.08917870000004768,75.96702873706818,40.90493321418762,40.736412048339844,1569.2625996470451,1569.2625996470451,greedy,40.736412048339844,0.0,hard_fault_cluster
95,N25334,control1,-5.187552452087402,-5.187552452087402,41.252262115478516,0.41252262115478516,0.5525492429733276,6.094438076019287,6.094438076019287,0.2821350693702698,-0.15186119079589844,0.4400906264781952,87227.109375,39873.546875,47353.56640625,87176.40625,39942.203125,47234.203125,0.0005812771269120276,-0.0017218495486304164,0.002520682057365775,0.05812771269120276,75.56020712852478,40.05018198490143,41.252262115478516,1610.5148617625237,1610.5148617625237,greedy,41.252262115478516,0.0,hard_fault_cluster
96,N25454,control1,-5.306486129760742,-5.306486129760742,42.18800354003906,0.42188003540039065,0.5399401187896729,6.197275638580322,6.197275638580322,0.275131493806839,-0.13264834880828857,0.45758914947509766,87176.453125,39942.1640625,47234.2890625,86946.4296875,39921.6484375,47024.78125,0.0026385958772152662,0.0005136333056725562,0.0044355024583637714,0.2638595877215266,75.89842855930328,39.609469175338745,42.18800354003906,1652.7028653025627,1652.7028653025627,greedy,42.18800354003906,0.0,hard_fault_cluster
97,N25446,control1,-5.453270435333252,-5.453270435333252,43.539276123046875,0.43539276123046877,0.5076245069503784,6.3203535079956055,6.3203535079956055,0.27125006914138794,-0.10338413715362549,0.47990643978118896,86946.390625,39921.65625,47024.734375,86529.1640625,39756.3046875,46772.859375,0.004798664711415768,0.004141901154071093,0.005356223788112402,0.47986647114157677,76.98463654518127,39.589914321899414,43.539276123046875,1696.2421414256096,1696.2421414256096,greedy,43.539276123046875,0.0,hard_fault_cluster
98,N25366,control1,-5.618545055389404,-5.618545055389404,45.19055938720703,0.4519055938720703,0.4645202159881592,6.46101188659668,6.46101188659668,0.26909035444259644,-0.06864917278289795,0.5063558220863342,86529.171875,39756.265625,46772.90625,86036.453125,39488.78125,46547.67578125,0.005694250110536814,0.006728106178343296,0.004815404769033194,0.5694250110536814,78.56060671806335,39.82192826271057,45.19055938720703,1741.4327008128166,1741.4327008128166,greedy,45.19055938720703,0.0,hard_fault_cluster
99,N25398,control1,-5.795175552368164,-5.795175552368164,46.982540130615234,0.46982540130615236,0.4223017692565918,6.616586208343506,6.616586208343506,0.2687032222747803,-0.033805008977651596,0.5336770415306091,86036.40625,39488.7734375,46547.63671875,85566.890625,39208.515625,46358.37109375,0.0054571740329265594,0.007097151596099138,0.004066063091158867,0.545717403292656,80.46944856643677,40.27010381221771,46.982540130615234,1788.4152409434319,1788.4152409434319,greedy,46.982540130615234,0.0,hard_fault_cluster
100,N25478,control1,-5.982120037078857,-5.982120037078857,48.860496520996094,0.48860496520996094,0.3828277587890625,6.784237861633301,6.784237861633301,0.2696840167045593,0.0003188876435160637,0.5611191391944885,85566.8828125,39208.515625,46358.3671875,85164.5234375,38935.0859375,46229.4375,0.004702279344201088,0.006973732262849808,0.002781152492389083,0.4702279344201088,82.61313605308533,40.87958526611328,48.860496520996094,1837.275737464428,1837.275737464428,greedy,48.860496520996094,0.0,hard_fault_cluster
101,N25350,control1,-6.178017616271973,-6.178017616271973,50.77351379394531,0.5077351379394531,0.34814178943634033,6.9623212814331055,6.9623212814331055,0.2719268500804901,0.033051494508981705,0.5875241160392761,85164.484375,38935.01953125,46229.46875,84849.84375,38687.16796875,46162.6796875,0.0036945051979273558,0.006365774665027857,0.0014447291614487767,0.3694505197927356,84.92852008342743,41.626643776893616,50.77351379394531,1888.0492512583733,1888.0492512583733,greedy,50.77351379394531,0.0,hard_fault_cluster
102,N34843,control1,-6.434787750244141,-6.434787750244141,53.83272933959961,0.538327293395996,0.23329733312129974,7.1462297439575195,7.1462297439575195,0.27325016260147095,0.1151350736618042,0.6393741369247437,84849.296875,38686.7578125,46162.5390625,83468.0625,37391.984375,46076.07421875,0.01627867855131626,0.033468130975961685,0.0018730522133409977,1.6278678551316261,88.30397534370422,42.56975603103638,53.83272933959961,1941.8819805979729,1941.8819805979729,greedy,53.83272933959961,0.0,hard_fault_cluster
103,N34872,control1,-6.6820197105407715,-6.6820197105407715,56.527442932128906,0.565274429321289,0.16711221635341644,7.351858615875244,7.351858615875244,0.27608996629714966,0.17860448360443115,0.6745250225067139,83468.0625,37391.921875,46076.13671875,82331.1484375,36485.0859375,45846.0625,0.013620947487652302,0.024252189323306084,0.004993348848074675,1.3620947487652302,91.48829817771912,43.578822016716,56.527442932128906,1998.4094235301018,1998.4094235301018,greedy,56.527442932128906,0.0,hard_fault_cluster
104,N25382,control1,-6.87863302230835,-6.87863302230835,58.18449020385742,0.5818449020385742,0.20278309285640717,7.572547435760498,7.572547435760498,0.2827053964138031,0.1777360439300537,0.6896555423736572,82331.5078125,36485.5390625,45845.96875,83127.15625,36908.0859375,46219.0703125,-0.0096639608964324,-0.01158121507614851,-0.00813815463334322,-0.96639608964324,94.02757728099823,44.70979905128479,58.18449020385742,2056.593913733959,2056.593913733959,greedy,58.18449020385742,0.0,hard_fault_cluster
105,N25414,control1,-7.099940776824951,-7.099940776824951,59.99391555786133,0.5999391555786133,0.2214881032705307,7.800314426422119,7.800314426422119,0.29264119267463684,0.19061791896820068,0.708061695098877,83127.125,36908.1015625,46219.0234375,83121.484375,37055.72265625,46065.76171875,6.785540608689189e-05,-0.003999693319201469,0.003315987763926387,0.006785540608689189,97.05834925174713,46.212676763534546,59.99391555786133,2116.5878292918205,2116.5878292918205,greedy,59.99391555786133,0.0,hard_fault_cluster
106,N25282,control1,-7.335092067718506,-7.335092067718506,61.950862884521484,0.6195086288452148,0.23017440736293793,8.032941818237305,8.032941818237305,0.30343788862228394,0.2110213041305542,0.7301914691925049,83121.53125,37055.75,46065.78515625,82841.5703125,37029.984375,45811.5859375,0.003368091769516468,0.0006953205447643995,0.005518178455531597,0.3368091769516468,100.32759356498718,47.83974003791809,61.950862884521484,2178.538692176342,2178.538692176342,greedy,61.950862884521484,0.0,hard_fault_cluster
107,N25310,control1,-7.5817766189575195,-7.5817766189575195,64.04918670654297,0.6404918670654297,0.22992657124996185,8.271476745605469,8.271476745605469,0.3148196339607239,0.23720216751098633,0.7539083957672119,82841.53125,37029.9921875,45811.54296875,82458.9609375,36911.37890625,45547.58203125,0.0046180980280041695,0.003203167812898755,0.0057618869468569756,0.46180980280041695,103.80262684822083,49.5621292591095,64.04918670654297,2242.587878882885,2242.587878882885,greedy,64.04918670654297,0.0,hard_fault_cluster
108,N25302,control1,-7.83787202835083,-7.83787202835083,66.28459167480469,0.6628459167480468,0.2255713790655136,8.517358779907227,8.517358779907227,0.32644155621528625,0.26673877239227295,0.7799251079559326,82458.9453125,36911.296875,45547.6484375,81998.1875,36724.3984375,45273.7890625,0.005587724037468433,0.00506344810128212,0.006012591067701578,0.5587724037468433,107.44610607624054,51.344643235206604,66.28459167480469,2308.8724705576897,2308.8724705576897,greedy,66.28459167480469,0.0,hard_fault_cluster
109,N25494,control1,-8.103675842285156,-8.103675842285156,68.65179443359375,0.6865179443359375,0.21910355985164642,8.771980285644531,8.771980285644531,0.3385891616344452,0.29888665676116943,0.8081437945365906,81998.1796875,36724.46484375,45273.71484375,81436.765625,36476.01171875,44960.75390625,0.006846664939075708,0.006765330210328102,0.006912641227245331,0.6846664939075708,111.2826908826828,53.21485984325409,68.65179443359375,2377.5242649912834,2377.5242649912834,greedy,68.65179443359375,0.0,hard_fault_cluster
110,N25502,control1,-8.381686210632324,-8.381686210632324,71.15234375,0.7115234375,0.20833157002925873,9.0369873046875,9.0369873046875,0.35184144973754883,0.3346301317214966,0.8373337984085083,81436.75,36476.05859375,44960.69140625,80686.3203125,36151.32421875,44534.99609375,0.00921487808227539,0.008902671746909618,0.009468166157603264,0.9214878082275391,115.37347602844238,55.23147773742676,71.15234375,2448.6766087412834,2448.6766087412834,greedy,71.15234375,0.0,hard_fault_cluster
111,N25318,control1,-8.665987968444824,-8.665987968444824,73.72955322265625,0.7372955322265625,0.20014117658138275,9.310806274414062,9.310806274414062,0.36564791202545166,0.3691595792770386,0.8680042028427124,80686.2734375,36151.12109375,44535.15234375,79972.984375,35849.09765625,44123.8828125,0.008840277791023254,0.008354469202458858,0.00923471711575985,0.8840277791023254,119.60515069961548,57.324881076812744,73.72955322265625,2522.4061619639397,2522.4061619639397,greedy,73.72955322265625,0.0,hard_fault_cluster
112,N29853,control1,-8.964244842529297,-8.964244842529297,76.52371978759766,0.7652371978759765,0.18338249623775482,9.593902587890625,9.593902587890625,0.3798084855079651,0.40948617458343506,0.9017518162727356,79972.34375,35848.4453125,44123.89453125,79048.7578125,35406.8203125,43641.9375,0.011548816226422787,0.012319223023951054,0.010922812856733799,1.1548816226422787,124.09847092628479,59.51025414466858,76.52371978759766,2598.9298817515373,2598.9298817515373,greedy,76.52371978759766,0.0,hard_fault_cluster
113,N25486,control1,-9.264517784118652,-9.264517784118652,79.27330780029297,0.7927330780029297,0.18050764501094818,9.888639450073242,9.888639450073242,0.39480942487716675,0.44147932529449463,0.935053825378418,79048.8125,35407.45703125,43641.3515625,78662.21875,35256.90234375,43405.3125,0.00489056995138526,0.00425206171348691,0.005408610217273235,0.48905699513852596,128.64288973808289,61.77142930030823,79.27330780029297,2678.2031895518303,2678.2031895518303,greedy,79.27330780029297,0.0,hard_fault_cluster
114,N23249,control1,-9.590961456298828,-9.590961456298828,82.34996795654297,0.8234996795654297,0.1674036830663681,10.207672119140625,10.207672119140625,0.41322004795074463,0.4800676107406616,0.9715476036071777,78661.75,35256.7109375,43405.03515625,77260.359375,34759.6875,42500.671875,0.017815401777625084,0.014097271487116814,0.020835446193814278,1.7815401777625084,133.87964487075806,64.46141481399536,82.34996795654297,2760.5531575083733,2760.5531575083733,greedy,82.34996795654297,0.0,hard_fault_cluster
115,N22904,control1,-9.930717468261719,-9.930717468261719,85.5807876586914,0.855807876586914,0.12480543553829193,10.512491226196289,10.512491226196289,0.4250338077545166,0.535955548286438,1.0142998695373535,77258.734375,34759.109375,42499.62890625,75841.2265625,33854.2421875,41986.984375,0.018347540870308876,0.026032518595457077,0.012062329798936844,1.8347540870308876,138.59665966033936,66.52670049667358,85.5807876586914,2846.1339451670647,2846.1339451670647,greedy,85.5807876586914,0.0,hard_fault_cluster
116,N25430,control1,-10.250650405883789,-10.250650405883789,88.557373046875,0.88557373046875,0.12658832967281342,10.839315414428711,10.839315414428711,0.4414427876472473,0.5610452890396118,1.0487834215164185,75842.4140625,33854.85546875,41987.55859375,74963.46875,33601.91015625,41361.5546875,0.011589099653065205,0.007471463177353144,0.014909271150827408,1.1589099653065205,143.54096722602844,68.99345088005066,88.557373046875,2934.6913182139397,2934.6913182139397,greedy,88.557373046875,0.0,hard_fault_cluster
117,N23254,control1,-10.605364799499512,-10.605364799499512,91.86038970947266,0.9186038970947266,0.09866522252559662,11.159881591796875,11.159881591796875,0.45587658882141113,0.6111713647842407,1.0918048620224,74962.640625,33601.32421875,41361.3125,74106.28125,32957.3359375,41148.94921875,0.011423815041780472,0.019165562465786934,0.005134345963597298,1.1423815041780472,148.60793018341064,71.3427267074585,91.86038970947266,3026.5517079234123,3026.5517079234123,greedy,91.86038970947266,0.0,hard_fault_cluster
118,N29892,control1,-10.96131706237793,-10.96131706237793,95.17237091064453,0.9517237091064453,0.08508490025997162,11.49355697631836,11.49355697631836,0.47100692987442017,0.653725266456604,1.1351107358932495,74105.703125,32957.15234375,41148.5546875,74124.4140625,32638.599609375,41485.8125,-0.0002524898445699364,0.009665663354098797,-0.008196103386580944,-0.02524898445699364,153.7666208744049,73.76717495918274,95.17237091064453,3121.724078834057,3121.724078834057,greedy,95.17237091064453,0.0,hard_fault_cluster
119,N34797,control1,-11.326274871826172,-11.326274871826172,98.52030944824219,0.9852030944824218,0.07519601285457611,11.839996337890625,11.839996337890625,0.48768237233161926,0.6944407224655151,1.177409052848816,74124.9375,32638.26171875,41486.6796875,74244.3125,32424.783203125,41819.52734375,-0.0016104566166177392,0.006540744099766016,-0.008023000322282314,-0.16104566166177392,159.12854301929474,76.35831367969513,98.52030944824219,3220.244388282299,3220.244388282299,greedy,98.52030944824219,0.0,hard_fault_cluster
120,N29921,control1,-11.7012939453125,-11.7012939453125,101.91455841064453,1.0191455841064454,0.06192110478878021,12.197433471679688,12.197433471679688,0.5054149031639099,0.7364546060562134,1.2175822257995605,74243.40625,32424.91015625,41818.5,74213.2265625,32248.4296875,41964.796875,0.00040649654692970216,0.00544274365529418,-0.003498376812785864,0.040649654692970216,164.6534821987152,79.06948828697205,101.91455841064453,3322.1589466929436,3322.1589466929436,greedy,101.91455841064453,0.0,hard_fault_cluster
121,N22899,control1,-12.085142135620117,-12.085142135620117,105.40328979492188,1.0540328979492188,0.06134723126888275,12.581819534301758,12.581819534301758,0.5281786322593689,0.770842432975769,1.2554229497909546,74212.375,32248.39453125,41963.984375,72738.609375,31952.85546875,40785.7578125,0.01985875889658928,0.009164458140730858,0.02807709015905857,1.985875889658928,170.80297255516052,82.3141405582428,105.40328979492188,3427.5622364878654,3427.5622364878654,greedy,105.40328979492188,0.0,hard_fault_cluster
122,N25422,control1,-12.4882173538208,-12.4882173538208,108.992431640625,1.08992431640625,0.06229875981807709,12.984230041503906,12.984230041503906,0.5545861124992371,0.8072186708450317,1.294499397277832,72739.6015625,31953.255859375,40786.34765625,71084.9375,31685.931640625,39399.00390625,0.02274777553975582,0.00836610235273838,0.034014906734228134,2.274777553975582,177.4352729320526,85.95277667045593,108.992431640625,3536.5546681284904,3536.5546681284904,greedy,108.992431640625,0.0,hard_fault_cluster
123,N27911,control1,-12.905462265014648,-12.905462265014648,112.68362426757812,1.1268362426757812,0.05730508267879486,13.396411895751953,13.396411895751953,0.5814061164855957,0.8468021154403687,1.3344587087631226,71084.734375,31685.8359375,39398.8984375,69544.109375,31438.3046875,38105.8046875,0.02167307771742344,0.007812047377228737,0.032820556312799454,2.167307771742344,184.22064781188965,89.66062068939209,112.68362426757812,3649.2382923960686,3649.2382923960686,greedy,112.68362426757812,0.0,hard_fault_cluster
124,N31687,control1,-13.339313507080078,-13.339313507080078,116.59102630615234,1.1659102630615235,0.024131521582603455,13.791152954101562,13.791152954101562,0.6030116081237793,0.9047328233718872,1.3817417621612549,69542.890625,31437.8359375,38105.0546875,69046.046875,31142.39453125,37903.6484375,0.0071444218046963215,0.009397638030350208,0.005285552237182856,0.7144421804696321,190.68334007263184,92.8967056274414,116.59102630615234,3765.829318702221,3765.829318702221,greedy,116.59102630615234,0.0,hard_fault_cluster
125,N21336,control1,-13.772489547729492,-13.772489547729492,120.55208587646484,1.2055208587646484,0.019043192267417908,14.229761123657227,14.229761123657227,0.6307903528213501,0.9437538385391235,1.4238405227661133,69047.3828125,31142.875,37904.5078125,67804.2890625,31060.9765625,36743.3125,0.018003487959504128,0.0026297648437321186,0.03063475526869297,1.8003487959504128,197.86088228225708,96.77449703216553,120.55208587646484,3886.3814045786858,3886.3814045786858,greedy,120.55208587646484,0.0,hard_fault_cluster
126,N22270,control1,-14.231136322021484,-14.231136322021484,124.68644714355469,1.2468644714355468,0.007706865668296814,14.682760238647461,14.682760238647461,0.6607227325439453,0.9889887571334839,1.4678394794464111,67803.390625,31060.51171875,36742.875,66389.0390625,30951.6171875,35437.421875,0.020859599113464355,0.0035058832727372646,0.035529423505067825,2.0859599113464355,205.44148063659668,100.91457509994507,124.68644714355469,4011.0678517222404,4011.0678517222404,greedy,124.68644714355469,0.0,hard_fault_cluster
127,N34796,control1,-14.706930160522461,-14.706930160522461,128.98709106445312,1.2898709106445312,-0.02912689745426178,15.111328125,15.111328125,0.6845577955245972,1.0548444986343384,1.5205490589141846,66389.796875,30951.51171875,35438.28515625,65422.6171875,30443.716796875,34978.90234375,0.014568197540938854,0.016406143084168434,0.01296289637684822,1.4568197540938854,212.55419874191284,104.480384349823,128.98709106445312,4140.054942786694,4140.054942786694,greedy,128.98709106445312,0.0,hard_fault_cluster
128,N29852,control1,-15.182517051696777,-15.182517051696777,133.3854522705078,1.3338545227050782,-0.06016971170902252,15.554950714111328,15.554950714111328,0.7074801921844482,1.1141458749771118,1.572674036026001,65422.4375,30443.427734375,34979.0078125,64951.828125,30090.640625,34861.1875,0.0071933940052986145,0.011588284745812416,0.0033683148212730885,0.7193394005298615,219.68842220306396,107.98311996459961,133.3854522705078,4273.440395057201,4273.440395057201,greedy,133.3854522705078,0.0,hard_fault_cluster
129,N27751,control1,-15.663936614990234,-15.663936614990234,137.76882934570312,1.3776882934570311,-0.05802871286869049,16.046300888061523,16.046300888061523,0.7375087738037109,1.1532522439956665,1.6179554462432861,64950.9609375,30091.119140625,34859.83984375,64559.4140625,30305.947265625,34253.46875,0.006028346251696348,-0.007139253430068493,0.017394546419382095,0.6028346251696348,227.56600761413574,112.20465993881226,137.76882934570312,4411.2092244029045,4411.2092244029045,greedy,137.76882934570312,0.0,hard_fault_cluster
130,N25406,control1,-16.171953201293945,-16.171953201293945,142.3177032470703,1.4231770324707032,-0.06340505182743073,16.548664093017578,16.548664093017578,0.769705057144165,1.2008737325668335,1.6661040782928467,64558.9609375,30305.875,34253.0859375,63753.5234375,30349.474609375,33404.046875,0.012475998140871525,-0.001438652048818767,0.02478722855448723,1.2475998140871525,235.8368730545044,116.68709754943848,142.3177032470703,4553.526927649975,4553.526927649975,greedy,142.3177032470703,0.0,hard_fault_cluster
131,N25438,control1,-16.69541358947754,-16.69541358947754,147.02093505859375,1.4702093505859375,-0.07431937754154205,17.061588287353516,17.061588287353516,0.801791787147522,1.2523738145828247,1.7170854806900024,63753.94140625,30349.47265625,33404.46875,62946.796875,30344.85546875,32601.943359375,0.012660307809710503,0.00015213403094094247,0.024024492129683495,1.2660307809710503,244.26170206069946,121.19980955123901,147.02093505859375,4700.547862708569,4700.547862708569,greedy,147.02093505859375,0.0,hard_fault_cluster
132,N23403,control1,-17.235475540161133,-17.235475540161133,151.93858337402344,1.5193858337402344,-0.0903487354516983,17.58835220336914,17.58835220336914,0.8345050811767578,1.3074227571487427,1.771335244178772,62947.484375,30345.046875,32602.435546875,61789.609375,30234.4296875,31555.181640625,0.01839430071413517,0.003645312739536166,0.03212195262312889,1.839430071413517,252.97744369506836,125.83224201202393,151.93858337402344,4852.486446082592,4852.486446082592,greedy,151.93858337402344,0.0,hard_fault_cluster
133,N26287,control1,-17.801294326782227,-17.801294326782227,157.03277587890625,1.5703277587890625,-0.13536979258060455,18.090835571289062,18.090835571289062,0.8600986003875732,1.3863445520401,1.8363475799560547,61788.6484375,30233.5546875,31555.09375,59918.00390625,29192.689453125,30725.314453125,0.0302748903632164,0.03442748263478279,0.026296207681298256,3.02748903632164,261.13347148895264,129.79076290130615,157.03277587890625,5009.519221961498,5009.519221961498,greedy,157.03277587890625,0.0,hard_fault_cluster
134,N27743,control1,-18.351842880249023,-18.351842880249023,162.10435485839844,1.6210435485839845,-0.14145232737064362,18.649799346923828,18.649799346923828,0.8923614025115967,1.4332877397537231,1.8903439044952393,59917.16796875,29192.91796875,30724.25,59640.82421875,29372.65234375,30268.171875,0.00461209611967206,-0.0061567798256874084,0.014844239689409733,0.461209611967206,269.99029445648193,134.42467880249023,162.10435485839844,5171.623576819897,5171.623576819897,greedy,162.10435485839844,0.0,hard_fault_cluster
135,N27839,control1,-18.931276321411133,-18.931276321411133,167.3675537109375,1.673675537109375,-0.15158511698246002,19.219085693359375,19.219085693359375,0.9263836145401001,1.488679051399231,1.9493207931518555,59640.95703125,29372.673828125,30268.283203125,59184.92578125,29450.22265625,29734.703125,0.007646276615560055,-0.0026401691138744354,0.01762835681438446,0.7646276615560055,279.2250008583069,139.28502130508423,167.3675537109375,5338.991130530834,5338.991130530834,greedy,167.3675537109375,0.0,hard_fault_cluster
136,N27823,control1,-19.528409957885742,-19.528409957885742,172.8065643310547,1.7280656433105468,-0.16559793055057526,19.80118179321289,19.80118179321289,0.9606055021286011,1.5477591753005981,2.011880874633789,59184.84765625,29450.177734375,29734.669921875,58735.15625,29488.7734375,29246.380859375,0.007598083466291428,-0.0013105422258377075,0.016421539708971977,0.7598083466291428,288.6682963371277,144.212486743927,172.8065643310547,5511.797694861889,5511.797694861889,greedy,172.8065643310547,0.0,hard_fault_cluster
137,N27719,control1,-20.14086151123047,-20.14086151123047,178.42486572265625,1.7842486572265626,-0.18142320215702057,20.397380828857422,20.397380828857422,0.9951508045196533,1.6093813180923462,2.0779972076416016,58735.125,29488.74609375,29246.380859375,58239.54296875,29475.154296875,28764.388671875,0.008437574841082096,0.0004609147144947201,0.016480404883623123,0.8437574841082096,298.337327003479,149.22064208984375,178.42486572265625,5690.222560584545,5690.222560584545,greedy,178.42486572265625,0.0,hard_fault_cluster
138,N27871,control1,-20.76911735534668,-20.76911735534668,184.2139129638672,1.8421391296386718,-0.1980896145105362,21.010356903076172,21.010356903076172,1.030492901802063,1.6743723154067993,2.1472396850585938,58239.9375,29475.21484375,28764.72265625,57731.859375,29394.421875,28337.435546875,0.008723878301680088,0.0027410476468503475,0.014854553155601025,0.8723878301680088,308.27356004714966,154.35535764694214,184.2139129638672,5874.436473548412,5874.436473548412,greedy,184.2139129638672,0.0,hard_fault_cluster
139,N31760,control1,-21.441560745239258,-21.441560745239258,190.39373779296875,1.9039373779296875,-0.26342010498046875,21.599529266357422,21.599529266357422,1.0590424537658691,1.7730709314346313,2.2299270629882812,57730.4609375,29393.62890625,28336.830078125,55179.4921875,27836.20703125,27343.28515625,0.04418756812810898,0.052985016256570816,0.03506196290254593,4.418756812810898,317.8975124359131,158.90256214141846,190.39373779296875,6064.830211341381,6064.830211341381,greedy,190.39373779296875,0.0,hard_fault_cluster
140,N31739,control1,-22.10484504699707,-22.10484504699707,196.59927368164062,1.9659927368164063,-0.3161582946777344,22.216506958007812,22.216506958007812,1.0890369415283203,1.8592263460159302,2.3052749633789062,55179.6640625,27836.296875,27343.369140625,53916.5078125,27042.5703125,26873.939453125,0.0228916984051466,0.028514085337519646,0.017167953774333,2.28916984051466,327.71947479248047,163.60763931274414,196.59927368164062,6261.429485023022,6261.429485023022,greedy,196.59927368164062,0.0,hard_fault_cluster
141,N27767,control1,-22.76177406311035,-22.76177406311035,202.70950317382812,2.0270950317382814,-0.31560754776000977,22.903648376464844,22.903648376464844,1.127173662185669,1.912274956703186,2.3690595626831055,53917.4375,27043.15625,26874.28125,54170.4375,27446.9609375,26723.4765625,-0.004692359361797571,-0.014931862242519855,0.005611487198621035,-0.4692359361797571,338.33051776885986,169.12065410614014,202.70950317382812,6464.13898819685,6464.13898819685,greedy,202.70950317382812,0.0,hard_fault_cluster
142,N31612,control1,-23.480138778686523,-23.480138778686523,209.25396728515625,2.0925396728515624,-0.3653998374938965,23.555932998657227,23.555932998657227,1.1610052585601807,2.0075924396514893,2.4510483741760254,54169.53515625,27446.30078125,26723.234375,53045.5703125,26652.4375,26393.1328125,0.02074902132153511,0.028924236074090004,0.01235260535031557,2.074902132153511,348.91042613983154,174.30300092697144,209.25396728515625,6673.392955482006,6673.392955482006,greedy,209.25396728515625,0.0,hard_fault_cluster
143,N27879,control1,-24.177722930908203,-24.177722930908203,215.7281951904297,2.157281951904297,-0.3693728446960449,24.281158447265625,24.281158447265625,1.200859785079956,2.06494402885437,2.519352436065674,53046.3203125,26652.994140625,26393.32421875,52987.8203125,26856.59765625,26131.22265625,0.0011028097942471504,-0.007639048621058464,0.00993060041218996,0.11028097942471504,360.0953321456909,180.08831691741943,215.7281951904297,6889.121150672436,6889.121150672436,greedy,215.7281951904297,0.0,hard_fault_cluster
144,N25462,control1,-24.913026809692383,-24.913026809692383,222.44837951660156,2.2244837951660155,-0.38290834426879883,25.018918991088867,25.018918991088867,1.2415192127227783,2.134673833847046,2.5947299003601074,52987.94140625,26856.6796875,26131.26171875,52527.3671875,26759.17578125,25768.189453125,0.008692056871950626,0.0036305272951722145,0.013894172385334969,0.8692056871950626,371.61921977996826,186.01874589920044,222.44837951660156,7111.569530189037,7111.569530189037,greedy,222.44837951660156,0.0,hard_fault_cluster
145,N31713,control1,-25.704975128173828,-25.704975128173828,229.61297607421875,2.2961297607421876,-0.44711875915527344,25.719749450683594,25.719749450683594,1.2777268886566162,2.241649866104126,2.684863567352295,52526.3828125,26758.453125,25767.9296875,51028.76171875,25643.515625,25385.24609375,0.028511788696050644,0.04166673868894577,0.014851157553493977,2.8511788696050644,383.10541439056396,191.6058702468872,229.61297607421875,7341.182506263256,7341.182506263256,greedy,229.61297607421875,0.0,hard_fault_cluster
146,N27759,control1,-26.464143753051758,-26.464143753051758,236.71392822265625,2.3671392822265624,-0.45835447311401367,26.504945755004883,26.504945755004883,1.3214590549468994,2.308197259902954,2.7588610649108887,51030.8671875,25644.748046875,25386.119140625,50653.765625,25593.16015625,25060.60546875,0.007389675825834274,0.0020116358064115047,0.01282250601798296,0.7389675825834274,395.3647794723511,197.95062398910522,236.71392822265625,7577.896434485912,7577.896434485912,greedy,236.71392822265625,0.0,hard_fault_cluster
147,N27807,control1,-27.267257690429688,-27.267257690429688,244.03079223632812,2.440307922363281,-0.4828352928161621,27.299121856689453,27.299121856689453,1.36616849899292,2.388429880142212,2.836367607116699,50653.72265625,25593.140625,25060.58203125,50371.0546875,25494.1171875,24876.9375,0.005580398719757795,0.0038691398221999407,0.007328023202717304,0.5580398719757795,407.94676399230957,204.4493284225464,244.03079223632812,7821.92722672224,7821.92722672224,greedy,244.03079223632812,0.0,hard_fault_cluster
148,N27927,control1,-28.094711303710938,-28.094711303710938,251.58468627929688,2.515846862792969,-0.506981372833252,28.10954475402832,28.10954475402832,1.41170334815979,2.4717857837677,2.919750690460205,50371.03125,25494.09375,24876.9375,49748.609375,25161.04296875,24587.56640625,0.012356742285192013,0.013063840568065643,0.0116321025416255,1.2356742285192013,420.8645658493042,211.0938925743103,251.58468627929688,8073.511913001537,8073.511913001537,greedy,251.58468627929688,0.0,hard_fault_cluster
149,N25326,control1,-28.943737030029297,-28.943737030029297,259.3569641113281,2.593569641113281,-0.531064510345459,28.937469482421875,28.937469482421875,1.4572665691375732,2.557218313217163,3.007871627807617,49747.6328125,25160.49609375,24587.13671875,48869.8203125,24636.248046875,24233.57421875,0.01764531247317791,0.020836157724261284,0.01437997817993164,1.764531247317791,434.0210905075073,217.80026531219482,259.3569641113281,8332.868877112865,8332.868877112865,greedy,259.3569641113281,0.0,hard_fault_cluster
150,N25374,control1,-29.81609535217285,-29.81609535217285,267.3445739746094,2.673445739746094,-0.5612740516662598,29.783771514892578,29.783771514892578,1.5026243925094604,2.6470253467559814,3.098177909851074,48870.27734375,24636.4375,24233.83984375,47950.828125,24032.13671875,23918.69140625,0.018814077600836754,0.024528739973902702,0.013004478067159653,1.8814077600836754,447.390784740448,224.54452562332153,267.3445739746094,8600.213451087475,8600.213451087475,greedy,267.3445739746094,0.0,hard_fault_cluster
151,N27831,control1,-30.71181869506836,-30.71181869506836,275.5484619140625,2.755484619140625,-0.5936694145202637,30.651123046875,30.651123046875,1.5483838319778442,2.7398006916046143,3.1909852027893066,47950.3515625,24031.896484375,23918.455078125,47026.8046875,23385.87890625,23640.92578125,0.019260480999946594,0.02688167244195938,0.01160314492881298,1.9260480999946594,461.0379681587219,231.3882794380188,275.5484619140625,8875.761913001537,8875.761913001537,greedy,275.5484619140625,0.0,hard_fault_cluster
152,N27799,control1,-31.631254196166992,-31.631254196166992,283.9761962890625,2.839761962890625,-0.6252284049987793,31.541637420654297,31.541637420654297,1.5953919887542725,2.834336042404175,3.2869060039520264,47026.6328125,23385.79296875,23640.83984375,46032.234375,22683.91015625,23348.32421875,0.021145431324839592,0.03001321479678154,0.012373317964375019,2.114543132483959,475.05703258514404,238.41865730285645,283.9761962890625,9159.7381092906,9159.7381092906,greedy,283.9761962890625,0.0,hard_fault_cluster
153,N23226,control1,-32.619441986083984,-32.619441986083984,292.9676208496094,2.929676208496094,-0.7257552146911621,32.398338317871094,32.398338317871094,1.6349873542785645,2.9673850536346436,3.3977715969085693,46033.7734375,22684.671875,23349.1015625,43867.6796875,20927.099609375,22940.580078125,0.04705444723367691,0.07747840881347656,0.01749623939394951,4.705444723367691,488.8646945953369,244.84022521972656,292.9676208496094,9452.70573014021,9452.70573014021,greedy,292.9676208496094,0.0,hard_fault_cluster
154,N27727,control1,-33.55876541137695,-33.55876541137695,301.8310852050781,3.018310852050781,-0.739769458770752,33.3567008972168,33.3567008972168,1.6875998973846436,3.0579774379730225,3.4933478832244873,43866.19140625,20926.34765625,22939.84375,43730.953125,20815.03125,22915.921875,0.003082972951233387,0.0053194379433989525,0.0010428089881315827,0.3082972951233387,503.9477758407593,252.5569362640381,301.8310852050781,9754.536815345287,9754.536815345287,greedy,301.8310852050781,0.0,hard_fault_cluster
155,N27863,control1,-34.550506591796875,-34.550506591796875,310.9037170410156,3.109037170410156,-0.766608715057373,34.330848693847656,34.330848693847656,1.7404329776763916,3.1576426029205322,3.5920770168304443,43730.9609375,20815.03125,22915.9296875,43551.6953125,20634.84765625,22916.84765625,0.004099283833056688,0.008656417019665241,-4.0058104787021875e-05,0.40992838330566883,519.2778635025024,260.351939201355,310.9037170410156,10065.440532386303,10065.440532386303,greedy,310.9037170410156,0.0,hard_fault_cluster
156,N27791,control1,-35.57537841796875,-35.57537841796875,320.2369384765625,3.202369384765625,-0.8007712364196777,35.3268928527832,35.3268928527832,1.794816017150879,3.262721300125122,3.694685459136963,43551.82421875,20634.8828125,22916.94140625,43041.421875,20234.5625,22806.861328125,0.011719425208866596,0.01940017379820347,0.004803436808288097,1.1719425208866596,535.0454330444336,268.3725595474243,320.2369384765625,10385.677470862865,10385.677470862865,greedy,320.2369384765625,0.0,hard_fault_cluster
157,N31633,control1,-36.66994857788086,-36.66994857788086,330.2288818359375,3.302288818359375,-0.9038901329040527,36.2903938293457,36.2903938293457,1.84126615524292,3.4062283039093018,3.8159666061401367,43040.4296875,20233.85546875,22806.572265625,41298.15234375,18699.984375,22598.16796875,0.04048001766204834,0.07580716162919998,0.009137905202805996,4.048001766204834,550.6458911895752,275.7564344406128,330.2288818359375,10715.906352698803,10715.906352698803,greedy,330.2288818359375,0.0,hard_fault_cluster
158,N29851,control1,-37.759918212890625,-37.759918212890625,340.38079833984375,3.4038079833984374,-0.977790355682373,37.303871154785156,37.303871154785156,1.8931114673614502,3.5404446125030518,3.935490846633911,41299.109375,18700.20703125,22598.90234375,40043.5546875,17577.453125,22466.1015625,0.030401496216654778,0.06003965064883232,0.0058764261193573475,3.0401496216654778,566.9958162307739,283.73231410980225,340.38079833984375,11056.287151038647,11056.287151038647,greedy,340.38079833984375,0.0,hard_fault_cluster
159,N27815,control1,-38.8402099609375,-38.8402099609375,350.43670654296875,3.5043670654296877,-0.9898438453674316,38.4096565246582,38.4096565246582,1.9567798376083374,3.6413214206695557,4.039663791656494,40043.421875,17577.896484375,22465.52734375,40504.75,17862.703125,22642.044921875,-0.011520696803927422,-0.016202544793486595,-0.007857264019548893,-1.1520696803927422,584.5243468284607,292.8895745277405,350.43670654296875,11406.723857581615,11406.723857581615,greedy,350.43670654296875,0.0,hard_fault_cluster
160,N27895,control1,-39.97850036621094,-39.97850036621094,360.75390625,3.6075390625,-1.0148940086364746,39.530208587646484,39.530208587646484,2.0214297771453857,3.753448724746704,4.15023946762085,40504.63671875,17862.650390625,22641.986328125,40864.40625,18078.099609375,22786.3046875,-0.008882181718945503,-0.012061436660587788,-0.006373926531523466,-0.8882181718945503,602.4270925521851,302.2140064239502,360.75390625,11767.477763831615,11767.477763831615,greedy,360.75390625,0.0,hard_fault_cluster
161,N27783,control1,-41.15311813354492,-41.15311813354492,371.3777770996094,3.713777770996094,-1.049588680267334,40.67402267456055,40.67402267456055,2.0875396728515625,3.8724052906036377,4.26594352722168,40864.26953125,18078.00390625,22786.265625,40773.9375,18020.0703125,22753.8671875,0.0022105383686721325,0.003204645588994026,0.0014218406286090612,0.22105383686721325,620.8057670593262,311.76691722869873,371.3777770996094,12138.855540931225,12138.855540931225,greedy,371.3777770996094,0.0,hard_fault_cluster
162,N27699,control1,-42.36024475097656,-42.36024475097656,382.31304931640625,3.8231304931640624,-1.0897812843322754,41.84403991699219,41.84403991699219,2.1550371646881104,3.996657609939575,4.386366367340088,40773.9609375,18020.087890625,22753.875,40430.1484375,17819.59765625,22610.552734375,0.008432158268988132,0.011125929653644562,0.006298806983977556,0.8432158268988132,639.6608057022095,321.54298877716064,382.31304931640625,12521.168590247631,12521.168590247631,greedy,382.31304931640625,0.0,hard_fault_cluster
163,N34795,control1,-43.639930725097656,-43.639930725097656,394.02392578125,3.9402392578125,-1.2018189430236816,42.98716735839844,42.98716735839844,2.212078094482422,4.16153621673584,4.526232719421387,40430.56640625,17819.46875,22611.09765625,38937.78125,16426.80859375,22510.97265625,0.03692219406366348,0.07815385609865189,0.004428135231137276,3.6922194063663483,658.2189025878906,330.4605827331543,394.02392578125,12915.192516028881,12915.192516028881,greedy,394.02392578125,0.0,hard_fault_cluster
164,N27887,control1,-44.88703536987305,-44.88703536987305,405.5399475097656,4.055399475097656,-1.2267203330993652,44.24003982543945,44.24003982543945,2.2873356342315674,4.284912109375,4.649427890777588,38938.2421875,16427.44921875,22510.79296875,38812.4296875,16442.29296875,22370.134765625,0.003231078153476119,-0.0009035943076014519,0.006248478312045336,0.3231078153476119,678.5135507583618,341.178560256958,405.5399475097656,13320.732463538647,13320.732463538647,greedy,405.5399475097656,0.0,hard_fault_cluster
165,N31493,control1,-46.223388671875,-46.223388671875,417.72528076171875,4.1772528076171875,-1.3201355934143066,45.45741271972656,45.45741271972656,2.350910186767578,4.450099945068359,4.791941165924072,38811.140625,16441.29296875,22369.845703125,37949.078125,15585.6328125,22363.447265625,0.022211728617548943,0.0520433634519577,0.0002860295644495636,2.2211728617548943,698.2737121582031,350.88669204711914,417.72528076171875,13738.457744300365,13738.457744300365,greedy,417.72528076171875,0.0,hard_fault_cluster
166,N31517,control1,-47.570011138916016,-47.570011138916016,430.1268005371094,4.301268005371094,-1.392198085784912,46.7271842956543,46.7271842956543,2.421015977859497,4.6081695556640625,4.933462142944336,37949.03125,15585.62890625,22363.404296875,37071.9453125,14870.8359375,22201.111328125,0.023112209513783455,0.045862313359975815,0.007257077842950821,2.3112209513783455,718.9555826187134,361.3150939941406,430.1268005371094,14168.584544837475,14168.584544837475,greedy,430.1268005371094,0.0,hard_fault_cluster
167,N27847,control1,-48.919212341308594,-48.919212341308594,442.5389709472656,4.425389709472657,-1.4162449836730957,48.09064483642578,48.09064483642578,2.504688024520874,4.738988876342773,5.0624918937683105,37072.8984375,14871.736328125,22201.162109375,37366.28125,15185.8359375,22180.447265625,-0.007913673296570778,-0.021120574325323105,0.0009330522152595222,-0.7913673296570778,741.0984182357788,373.12620639801025,442.5389709472656,14611.12351578474,14611.12351578474,greedy,442.5389709472656,0.0,hard_fault_cluster
168,N27711,control1,-50.33068084716797,-50.33068084716797,455.3017272949219,4.553017272949218,-1.4523682594299316,49.47685241699219,49.47685241699219,2.587893486022949,4.879976272583008,5.198812961578369,37366.1796875,15185.76953125,22180.41015625,37596.2421875,15429.662109375,22166.58203125,-0.006156971212476492,-0.0160606000572443,0.0006234386237338185,-0.6156971212476492,763.567928314209,384.98399353027344,455.3017272949219,15066.425243079662,15066.425243079662,greedy,455.3017272949219,0.0,hard_fault_cluster
169,N27735,control1,-51.784393310546875,-51.784393310546875,468.4378356933594,4.6843783569335935,-1.4961352348327637,50.892417907714844,50.892417907714844,2.6721434593200684,5.02751350402832,5.34159517288208,37595.60546875,15429.17578125,22166.4296875,37590.8984375,15514.404296875,22076.4921875,0.00012520163727458566,-0.005523853935301304,0.004057374317198992,0.012520163727458566,786.544599533081,397.0469093322754,468.4378356933594,15534.863078773022,15534.863078773022,greedy,468.4378356933594,0.0,hard_fault_cluster
170,N25390,control1,-53.27497100830078,-53.27497100830078,481.9494934082031,4.819494934082031,-1.546511173248291,52.34242630004883,52.34242630004883,2.7570488452911377,5.180676460266113,5.490299701690674,37591.43359375,15514.8349609375,22076.59765625,37358.5078125,15461.59375,21896.9140625,0.006196246482431889,0.0034316324163228273,0.008139098063111305,0.6196246482431889,809.9968042373657,409.27786445617676,481.9494934082031,16016.812572181225,16016.812572181225,greedy,481.9494934082031,0.0,hard_fault_cluster
171,N25342,control1,-54.80473709106445,-54.80473709106445,495.847412109375,4.95847412109375,-1.601590633392334,53.828643798828125,53.828643798828125,2.8433754444122314,5.339427947998047,5.644230842590332,37358.484375,15461.564453125,21896.91796875,36947.171875,15280.818359375,21666.3515625,0.0110098822042346,0.01169002614915371,0.010529628023505211,1.10098822042346,834.0136003494263,421.7565584182739,495.847412109375,16512.6599842906,16512.6599842906,greedy,495.847412109375,0.0,hard_fault_cluster
172,N22897,control1,-56.41823196411133,-56.41823196411133,510.6190490722656,5.106190490722656,-1.72275972366333,55.29167175292969,55.29167175292969,2.9209156036376953,5.543503761291504,5.81864595413208,36945.8359375,15279.888671875,21665.9453125,35624.49609375,14122.4462890625,21502.048828125,0.035764243453741074,0.07574939727783203,0.007564704865217209,3.5764243453741074,858.0022811889648,433.56924057006836,510.6190490722656,17023.279033362865,17023.279033362865,greedy,510.6190490722656,0.0,hard_fault_cluster
173,N22893,control1,-58.04220199584961,-58.04220199584961,525.6273803710938,5.256273803710937,-1.8165059089660645,56.822208404541016,56.822208404541016,3.005650520324707,5.73735237121582,5.991400241851807,35624.96484375,14122.578125,21502.38671875,34585.50390625,13279.07421875,21306.4296875,0.02917787991464138,0.05972732976078987,0.009113268926739693,2.917787991464138,883.0146408081055,446.1774492263794,525.6273803710938,17548.90641373396,17548.90641373396,greedy,525.6273803710938,0.0,hard_fault_cluster
174,N25470,control1,-59.6644287109375,-59.6644287109375,540.5792846679688,5.405792846679687,-1.8555684089660645,58.459068298339844,58.459068298339844,3.1019582748413086,5.897539138793945,6.149223804473877,34586.51171875,13279.978515625,21306.533203125,34829.74609375,13510.5185546875,21319.2265625,-0.007032637018710375,-0.01735997013747692,-0.0005957496468909085,-0.7032637018710375,909.2341804504395,459.955415725708,540.5792846679688,18089.485698401928,18089.485698401928,greedy,540.5792846679688,0.0,hard_fault_cluster
175,N31759,control1,-61.396244049072266,-61.396244049072266,556.38525390625,5.5638525390625,-1.9557032585144043,60.06710433959961,60.06710433959961,3.190683364868164,6.103874206542969,6.330957889556885,34828.65234375,13509.7724609375,21318.87890625,33873.1953125,12754.677734375,21118.515625,0.02743307501077652,0.05589248239994049,0.00939839705824852,2.743307501077652,935.520694732666,473.1814260482788,556.38525390625,18645.870952308178,18645.870952308178,greedy,556.38525390625,0.0,hard_fault_cluster
176,N31473,control1,-63.14439010620117,-63.14439010620117,572.485595703125,5.72485595703125,-2.038997173309326,61.73248291015625,61.73248291015625,3.2827610969543457,6.3032121658325195,6.512872219085693,33873.25,12754.7060546875,21118.544921875,33317.109375,12307.47265625,21009.638671875,0.01641828380525112,0.03506418690085411,0.005156901199370623,1.6418283805251122,962.4941883087158,486.8306293487549,572.485595703125,19218.356548011303,19218.356548011303,greedy,572.485595703125,0.0,hard_fault_cluster
177,N31576,control1,-64.93441772460938,-64.93441772460938,588.9620971679688,5.889620971679688,-2.115893840789795,63.447181701660156,63.447181701660156,3.378181219100952,6.503398895263672,6.697671413421631,33316.65234375,12307.2275390625,21009.42578125,32964.86328125,12008.0205078125,20956.84375,0.010558956302702427,0.024311488494277,0.0025027829688042402,1.0558956302702427,990.2274007797241,500.92044162750244,588.9620971679688,19807.31864517927,19807.31864517927,greedy,588.9620971679688,0.0,hard_fault_cluster
178,N34847,control1,-66.77195739746094,-66.77195739746094,605.84130859375,6.0584130859375,-2.1904654502868652,65.21041107177734,65.21041107177734,3.476699113845825,6.706101417541504,6.886791706085205,32964.5390625,12007.798828125,20956.73828125,32819.515625,11844.67578125,20974.841796875,0.004399376921355724,0.013584758155047894,-0.0008638518047519028,0.43993769213557243,1018.7216310501099,515.4328413009644,605.84130859375,20413.15995377302,20413.15995377302,greedy,605.84130859375,0.0,hard_fault_cluster
179,N34850,control1,-68.65880584716797,-68.65880584716797,623.14697265625,6.2314697265625,-2.265328884124756,67.0230941772461,67.0230941772461,3.5782322883605957,6.912287712097168,7.080404758453369,32819.73828125,11844.7705078125,20974.96875,32753.96875,11734.50390625,21019.46484375,0.002003962639719248,0.009309306740760803,-0.0021213903091847897,0.20039626397192478,1047.9932956695557,530.3657455444336,623.14697265625,21036.30692642927,21036.30692642927,greedy,623.14697265625,0.0,hard_fault_cluster
180,N22901,control1,-70.59674072265625,-70.59674072265625,640.9168701171875,6.409168701171875,-2.34230375289917,68.88725280761719,68.88725280761719,3.683938980102539,7.124004364013672,7.278210163116455,32754.48046875,11734.947265625,21019.533203125,32587.03125,11577.6328125,21009.3984375,0.005112254060804844,0.013405637815594673,0.00048215940478257835,0.5112254060804844,1078.1980209350586,545.8449287414551,640.9168701171875,21677.22379654646,21677.22379654646,greedy,640.9168701171875,0.0,hard_fault_cluster
181,N31712,control1,-72.586669921875,-72.586669921875,659.1546020507812,6.5915460205078125,-2.420480251312256,70.80272674560547,70.80272674560547,3.79292631149292,7.341037750244141,7.48145055770874,32586.8359375,11577.5341796875,21009.302734375,32325.607421875,11363.33203125,20962.275390625,0.008016381412744522,0.018501535058021545,0.0022384056355804205,0.8016381412744522,1109.2499599456787,561.7819633483887,659.1546020507812,22336.37839859724,22336.37839859724,greedy,659.1546020507812,0.0,hard_fault_cluster
182,N22090,control1,-74.63202667236328,-74.63202667236328,677.866943359375,6.77866943359375,-2.4999518394470215,72.76956939697266,72.76956939697266,3.9051778316497803,7.56396484375,7.690593719482422,32325.21875,11363.2197265625,20962.0,32080.515625,11164.7490234375,20915.765625,0.007570037618279457,0.017466062679886818,0.0022056279703974724,0.7570037618279457,1141.1542959213257,578.1769113540649,677.866943359375,23014.245341956615,23014.245341956615,greedy,677.866943359375,0.0,hard_fault_cluster
183,N29850,control1,-76.73091125488281,-76.73091125488281,697.0654296875,6.970654296875,-2.5816245079040527,74.78949737548828,74.78949737548828,4.020824909210205,7.792869567871094,7.905150890350342,32081.615234375,11164.95703125,20916.658203125,31904.3046875,11011.66015625,20892.64453125,0.005526858381927013,0.013730180449783802,0.001148064504377544,0.5526858381927013,1173.9374179840088,595.0462226867676,697.0654296875,23711.310771644115,23711.310771644115,greedy,697.0654296875,0.0,hard_fault_cluster
184,N34910,control1,-78.86766052246094,-78.86766052246094,716.6638793945312,7.166638793945313,-2.6573195457458496,76.91265106201172,76.91265106201172,4.14426851272583,8.015268325805664,8.110809326171875,31904.001953125,11011.865234375,20892.13671875,32192.74609375,11213.78125,20978.96484375,-0.009050404652953148,-0.01833622343838215,-0.004156019538640976,-0.9050404652953148,1208.003381729126,612.8209838867188,716.6638793945312,24427.974651038647,24427.974651038647,greedy,716.6638793945312,0.0,hard_fault_cluster
185,N31767,control1,-81.0963134765625,-81.0963134765625,736.9224243164062,7.369224243164062,-2.7499442100524902,79.02490997314453,79.02490997314453,4.266214370727539,8.267047882080078,8.341023445129395,32191.68359375,11213.09375,20978.58984375,32269.9609375,11195.466796875,21074.494140625,-0.002431601518765092,0.0015719973016530275,-0.0045715318992733955,-0.2431601518765092,1242.5687713623047,630.6082706451416,736.9224243164062,25164.897075355053,25164.897075355053,greedy,736.9224243164062,0.0,hard_fault_cluster
186,N31720,control1,-83.36727142333984,-83.36727142333984,757.71484375,7.5771484375,-2.8423686027526855,81.20453643798828,81.20453643798828,4.391420841217041,8.520879745483398,8.57419490814209,32269.875,11195.4501953125,21074.42578125,33012.8046875,11516.083984375,21496.71875,-0.02302239090204239,-0.028639651834964752,-0.020038172602653503,-2.302239090204239,1278.0614643096924,648.8719291687012,757.71484375,25922.611919105053,25922.611919105053,greedy,757.71484375,0.0,hard_fault_cluster
187,N31746,control1,-85.69657897949219,-85.69657897949219,779.0485229492188,7.790485229492187,-2.9355292320251465,83.44589233398438,83.44589233398438,4.520340442657471,8.780057907104492,8.812355041503906,33012.625,11516.033203125,21496.591796875,34207.98828125,12032.9423828125,22175.044921875,-0.03620927780866623,-0.04488604515790939,-0.03156096115708351,-3.620927780866623,1314.5284595489502,667.6576480865479,779.0485229492188,26701.66044205427,26701.66044205427,greedy,779.0485229492188,0.0,hard_fault_cluster
188,N31605,control1,-88.08769226074219,-88.08769226074219,800.9462890625,8.009462890625,-3.029143810272217,85.74909210205078,85.74909210205078,4.653425693511963,9.046255111694336,9.056096076965332,34208.10546875,12033.015625,22175.08984375,36313.578125,12935.734375,23377.841796875,-0.06154894083738327,-0.07502015680074692,-0.05423887446522713,-6.154894083738327,1352.037950515747,687.016414642334,800.9462890625,27502.60673111677,27502.60673111677,greedy,800.9462890625,0.0,hard_fault_cluster
189,N31753,control1,-90.55026245117188,-90.55026245117188,823.4220581054688,8.234220581054688,-3.12459135055542,88.11888885498047,88.11888885498047,4.79140043258667,9.317878723144531,9.30640983581543,36313.48046875,12935.6953125,23377.78515625,38487.2890625,13759.763671875,24727.525390625,-0.05986230447888374,-0.06370498985052109,-0.05773601680994034,-5.986230447888374,1390.6809902191162,707.0252799987793,823.4220581054688,28326.02878922224,28326.02878922224,greedy,823.4220581054688,0.0,hard_fault_cluster
190,N31779,control1,-93.08124542236328,-93.08124542236328,846.5149536132812,8.465149536132813,-3.222968578338623,90.55403137207031,90.55403137207031,4.932707786560059,9.59567642211914,9.565117835998535,38487.20703125,13759.759765625,24727.447265625,39952.4296875,14217.03515625,25735.396484375,-0.03807038068771362,-0.033232804387807846,-0.040762364864349365,-3.8070380687713623,1430.3397636413574,727.5380249023438,846.5149536132812,29172.54374283552,29172.54374283552,greedy,846.5149536132812,0.0,hard_fault_cluster
191,N31772,control1,-95.67839813232422,-95.67839813232422,870.2227172851562,8.702227172851563,-3.326097011566162,93.0555191040039,93.0555191040039,5.077212810516357,9.880615234375,9.830379486083984,39952.328125,14216.98046875,25735.345703125,40010.0546875,14171.50390625,25838.548828125,-0.0014448860893025994,0.0031987496186047792,-0.0040101706981658936,-0.14448860893025994,1470.999517440796,748.5408401489258,870.2227172851562,30042.766460120678,30042.766460120678,greedy,870.2227172851562,0.0,hard_fault_cluster
192,N27855,control1,-98.33314514160156,-98.33314514160156,894.5562133789062,8.945562133789062,-3.4300131797790527,95.66686248779297,95.66686248779297,5.227965831756592,10.164012908935547,10.089627265930176,40011.0625,14172.1611328125,25838.90234375,38513.61328125,13614.15234375,24899.4609375,0.03742587938904762,0.03937358409166336,0.036357637494802475,3.7425879389047623,1513.0196590423584,770.352352142334,894.5562133789062,30937.322673499584,30937.322673499584,greedy,894.5562133789062,0.0,hard_fault_cluster
193,N31732,control1,-101.08699035644531,-101.08699035644531,919.5474853515625,9.195474853515625,-3.539346218109131,98.29497528076172,98.29497528076172,5.379765033721924,10.466911315917969,10.37242603302002,38512.5390625,13613.494140625,24899.046875,38287.01171875,13487.74609375,24799.265625,0.005855945870280266,0.009237014688551426,0.004007432609796524,0.5855945870280266,1555.8189640045166,792.4371185302734,919.5474853515625,31856.870158851147,31856.870158851147,greedy,919.5474853515625,0.0,hard_fault_cluster
194,N31626,control1,-103.898681640625,-103.898681640625,945.244140625,9.45244140625,-3.652797222137451,100.9969482421875,100.9969482421875,5.5350422859191895,10.775588989257812,10.663910865783691,38286.9921875,13487.763671875,24799.228515625,37618.21484375,13264.3232421875,24353.890625,0.017467482015490532,0.016566159203648567,0.01795773208141327,1.7467482015490532,1599.7453174591064,815.0645008087158,945.244140625,32802.11429947615,32802.11429947615,greedy,945.244140625,0.0,hard_fault_cluster
195,N29896,control1,-106.78353881835938,-106.78353881835938,971.6129150390625,9.716129150390625,-3.7694106101989746,103.77356719970703,103.77356719970703,5.693960666656494,11.091632843017578,10.961236000061035,37618.171875,13264.2431640625,24353.9296875,36758.7109375,12968.267578125,23790.44140625,0.02284696139395237,0.022313794121146202,0.023137468844652176,2.284696139395237,1644.782548904419,838.2426872253418,971.6129150390625,33773.72721451521,33773.72721451521,greedy,971.6129150390625,0.0,hard_fault_cluster
196,N26289,control1,-109.74486541748047,-109.74486541748047,998.68310546875,9.9868310546875,-3.8874030113220215,106.62628173828125,106.62628173828125,5.857374668121338,11.415214538574219,11.265718460083008,36759.4921875,12968.5078125,23790.986328125,35893.6171875,12659.1162109375,23234.501953125,0.02355514094233513,0.023857146501541138,0.023390555754303932,2.355514094233513,1691.046854019165,862.0648136138916,998.68310546875,34772.41031998396,34772.41031998396,greedy,998.68310546875,0.0,hard_fault_cluster
197,N27919,control1,-112.776611328125,-112.776611328125,1026.4769287109375,10.264769287109376,-4.00435209274292,109.60047149658203,109.60047149658203,6.027503490447998,11.738052368164062,11.564409255981445,35893.5,12659.4736328125,23234.025390625,34956.9453125,12224.017578125,22732.927734375,0.02609259821474552,0.03439764305949211,0.02156740613281727,2.609259821474552,1738.8277492523193,886.7696990966797,1026.4769287109375,35798.8872486949,35798.8872486949,greedy,1026.4769287109375,0.0,hard_fault_cluster
198,N29899,control1,-115.9139404296875,-115.9139404296875,1055.0052490234375,10.550052490234375,-4.129815578460693,112.59856414794922,112.59856414794922,6.199785232543945,12.081840515136719,11.88730525970459,34956.22265625,12223.4375,22732.78515625,34659.7578125,12163.1328125,22496.623046875,0.008481032215058804,0.004933529533445835,0.010388612747192383,0.8481032215058804,1787.5823364257812,911.8794765472412,1055.0052490234375,36853.892497718334,36853.892497718334,greedy,1055.0052490234375,0.0,hard_fault_cluster
199,N31694,control1,-119.12140655517578,-119.12140655517578,1084.3248291015625,10.843248291015625,-4.258077144622803,115.6819076538086,115.6819076538086,6.376171588897705,12.431766510009766,12.219620704650879,34659.53515625,12163.0546875,22496.48046875,34152.4296875,12001.5498046875,22150.87890625,0.014631052501499653,0.013278315775096416,0.015362472273409367,1.4631052501499653,1837.6238956451416,937.6188430786133,1084.3248291015625,37938.2173268199,37938.2173268199,greedy,1084.3248291015625,0.0,hard_fault_cluster
200,N27903,control1,-122.40464782714844,-122.40464782714844,1114.41748046875,11.1441748046875,-4.38641881942749,118.89505767822266,118.89505767822266,6.559102535247803,12.781639099121094,12.545205116271973,34152.9765625,12002.03125,22150.943359375,33584.1328125,11710.4501953125,21873.68359375,0.016655759885907173,0.024294309318065643,0.012516837567090988,1.6655759885907173,1889.222791671753,964.2383880615234,1114.41748046875,39052.63480728865,39052.63480728865,greedy,1114.41748046875,0.0,hard_fault_cluster
201,N31619,control1,-125.79995727539062,-125.79995727539062,1145.31201171875,11.4531201171875,-4.521029949188232,122.13939666748047,122.13939666748047,6.745413780212402,13.152912139892578,12.896092414855957,33583.390625,11709.9189453125,21873.47265625,33390.078125,11692.5107421875,21697.56640625,0.005756193771958351,0.0014866202836856246,0.008041989989578724,0.5756193771958351,1941.9927864074707,991.4042301177979,1145.31201171875,40197.9468190074,40197.9468190074,greedy,1145.31201171875,0.0,hard_fault_cluster
202,N31699,control1,-129.27268981933594,-129.27268981933594,1177.060546875,11.77060546875,-4.657958507537842,125.47705841064453,125.47705841064453,6.936380863189697,13.530778884887695,13.256756782531738,33390.15625,11692.55859375,21697.59765625,32986.1328125,11569.4609375,21416.671875,0.01210007630288601,0.010527863167226315,0.012947321869432926,1.210007630288601,1996.1756916046143,1019.2724876403809,1177.060546875,41375.0073658824,41375.0073658824,greedy,1177.060546875,0.0,hard_fault_cluster
203,N22859,control1,-132.82778930664062,-132.82778930664062,1209.6654052734375,12.096654052734374,-4.789592266082764,128.953857421875,128.953857421875,7.134562015533447,13.907793045043945,13.612658500671387,32988.6015625,11570.703125,21417.8984375,32642.98046875,11355.552734375,21287.427734375,0.010476985014975071,0.0185944102704525,0.006091666873544455,1.047698501497507,2052.075464248657,1048.1110172271729,1209.6654052734375,42584.672771155834,42584.672771155834,greedy,1209.6654052734375,0.0,hard_fault_cluster
204,N34794,control1,-136.50338745117188,-136.50338745117188,1243.137451171875,12.43137451171875,-4.9327921867370605,132.46815490722656,132.46815490722656,7.336648941040039,14.308837890625,13.993691444396973,32641.68359375,11354.4384765625,21287.244140625,32486.58984375,11349.3623046875,21137.228515625,0.004751401487737894,0.00044706498738378286,0.007047207560390234,0.4751401487737894,2109.2705001831055,1077.5662956237793,1243.137451171875,43827.81022232771,43827.81022232771,greedy,1243.137451171875,0.0,hard_fault_cluster
205,N27775,control1,-140.25355529785156,-140.25355529785156,1277.53369140625,12.7753369140625,-5.066020488739014,136.1298828125,136.1298828125,7.545958995819092,14.704875946044922,14.373007774353027,32485.78125,11349.5234375,21136.2578125,32226.322265625,11194.943359375,21031.37890625,0.007986847311258316,0.013619962148368359,0.004962037783116102,0.7986847311258316,2168.259473800659,1108.0117931365967,1277.53369140625,45105.34391373396,45105.34391373396,greedy,1277.53369140625,0.0,hard_fault_cluster
206,N34237,control1,-144.12881469726562,-144.12881469726562,1312.829833984375,13.12829833984375,-5.218165874481201,139.83309936523438,139.83309936523438,7.758625507354736,15.128034591674805,14.775442123413086,32227.345703125,11195.349609375,21031.99609375,32149.44921875,11223.7177734375,20925.73046875,0.002417092677205801,-0.0025339238345623016,0.005052569787949324,0.2417092677205801,2228.525484085083,1139.028284072876,1312.829833984375,46418.173747718334,46418.173747718334,greedy,1312.829833984375,0.0,hard_fault_cluster
207,N23013,control1,-148.0933837890625,-148.0933837890625,1349.078369140625,13.49078369140625,-5.377192974090576,143.64178466796875,143.64178466796875,7.975595951080322,15.559928894042969,15.186565399169922,32149.21484375,11223.4892578125,20925.724609375,32003.126953125,11178.912109375,20824.21484375,0.004544057883322239,0.003971772734075785,0.004850955680012703,0.4544057883322239,2290.279748916626,1170.7396335601807,1349.078369140625,47767.25211685896,47767.25211685896,greedy,1349.078369140625,0.0,hard_fault_cluster
208,N31470,control1,-152.16188049316406,-152.16188049316406,1386.277099609375,13.86277099609375,-5.537574291229248,147.5570526123047,147.5570526123047,8.198153495788574,16.00151824951172,15.606578826904297,32002.267578125,11178.626953125,20823.640625,31948.8828125,11148.7421875,20800.140625,0.0016681557754054666,0.002673384267836809,0.0011285250075161457,0.16681557754054666,2353.649501800537,1203.2738876342773,1386.277099609375,49153.529216468334,49153.529216468334,greedy,1386.277099609375,0.0,hard_fault_cluster
209,N31488,control1,-156.33953857421875,-156.33953857421875,1424.4630126953125,14.244630126953124,-5.700961589813232,151.58001708984375,151.58001708984375,8.426733016967773,16.45433807373047,16.036405563354492,31948.5078125,11148.4638671875,20800.044921875,31935.13671875,11124.62890625,20810.5078125,0.0004185201250948012,0.00213795923627913,-0.0005030225147493184,0.04185201250948012,2418.7163314819336,1236.6840591430664,1424.4630126953125,50577.99222916365,50577.99222916365,greedy,1424.4630126953125,0.0,hard_fault_cluster
210,N31512,control1,-160.62973022460938,-160.62973022460938,1463.6700439453125,14.636700439453126,-5.868136882781982,155.71261596679688,155.71261596679688,8.661642074584961,16.919139862060547,16.477081298828125,31935.05078125,11124.59375,20810.45703125,31924.82421875,11097.7939453125,20827.03125,0.0003202300285920501,0.002409059088677168,-0.0007964370306581259,0.03202300285920501,2485.5468673706055,1271.0098724365234,1463.6700439453125,52041.66227310896,52041.66227310896,greedy,1463.6700439453125,0.0,hard_fault_cluster
211,N31506,control1,-165.03570556640625,-165.03570556640625,1503.9281005859375,15.039281005859374,-6.039290904998779,159.95736694335938,159.95736694335938,8.903007507324219,17.39636993408203,16.92925262451172,31925.333984375,11097.94140625,20827.392578125,31905.93359375,11064.453125,20841.48046875,0.0006076801219023764,0.0030175219289958477,-0.0006764116114936769,0.06076801219023764,2554.1862182617188,1306.272117614746,1503.9281005859375,53545.5903736949,53545.5903736949,greedy,1503.9281005859375,0.0,hard_fault_cluster
212,N34014,control1,-169.55413818359375,-169.55413818359375,1545.3709716796875,15.453709716796874,-6.204352855682373,164.3656768798828,164.3656768798828,9.154330253601074,17.878238677978516,17.383554458618164,31907.15234375,11065.310546875,20841.841796875,31766.142578125,10875.685546875,20890.45703125,0.004419378004968166,0.017136888578534126,-0.002332578646019101,0.44193780049681664,2625.1696739196777,1342.8671875,1545.3709716796875,55090.961345374584,55090.961345374584,greedy,1545.3709716796875,0.0,hard_fault_cluster
213,N22855,control1,-174.21041870117188,-174.21041870117188,1587.891357421875,15.87891357421875,-6.3737101554870605,168.88140869140625,168.88140869140625,9.412394523620605,18.374534606933594,17.85198974609375,31765.80078125,10875.6484375,20890.15234375,31790.19140625,10813.2939453125,20976.8984375,-0.0007678265683352947,0.005733404774218798,-0.004152487497776747,-0.07678265683352947,2698.012218475342,1380.4326438903809,1587.891357421875,56678.85270279646,56678.85270279646,greedy,1587.891357421875,0.0,hard_fault_cluster
214,N34002,control1,-178.98960876464844,-178.98960876464844,1631.5621337890625,16.315621337890626,-6.549129009246826,173.5107421875,173.5107421875,9.676949501037598,18.885311126708984,18.33673858642578,31790.05859375,10813.109375,20976.94921875,31832.6328125,10778.0439453125,21054.587890625,-0.001339230570010841,0.003242862643674016,-0.003701142268255353,-0.1339230570010841,2772.7678260803223,1418.9631690979004,1631.5621337890625,58310.41483658552,58310.41483658552,greedy,1631.5621337890625,0.0,hard_fault_cluster
215,N25749,control1,-183.90826416015625,-183.90826416015625,1676.280517578125,16.76280517578125,-6.7507243156433105,178.2048797607422,178.2048797607422,9.945182800292969,19.42300796508789,18.84653091430664,31831.0859375,10777.2333984375,21053.853515625,31938.62890625,10906.2109375,21032.41796875,-0.003378551686182618,-0.011967592872679234,0.0010181294055655599,-0.3378551686182618,2849.003677368164,1458.1396293640137,1676.280517578125,59986.69535416365,59986.69535416365,greedy,1676.280517578125,0.0,hard_fault_cluster
216,N25748,control1,-188.94216918945312,-188.94216918945312,1722.267333984375,17.22267333984375,-6.9496073722839355,183.0376434326172,183.0376434326172,10.220457077026367,19.969486236572266,19.370006561279297,31938.91796875,10906.5029296875,21032.4140625,31931.83203125,10938.3779296875,20993.453125,0.00022185903799254447,-0.0029225682374089956,0.0018524234183132648,0.022185903799254447,2927.350685119629,1498.3719520568848,1722.267333984375,61708.96268814802,61708.96268814802,greedy,1722.267333984375,0.0,hard_fault_cluster
217,N26311,control1,-194.10699462890625,-194.10699462890625,1769.4818115234375,17.694818115234376,-7.149322032928467,188.00726318359375,188.00726318359375,10.503246307373047,20.529006958007812,19.904762268066406,31932.62109375,10938.5654296875,20994.056640625,31911.869140625,10936.435546875,20975.43359375,0.0006498668808490038,0.00019471318228170276,0.0008870628080330789,0.06498668808490038,3007.813705444336,1539.6968994140625,1769.4818115234375,63478.44449967146,63478.44449967146,greedy,1769.4818115234375,0.0,hard_fault_cluster
218,N24069,control1,-199.3966522216797,-199.3966522216797,1817.993896484375,18.17993896484375,-7.355414867401123,193.12222290039062,193.12222290039062,10.789870262145996,21.101604461669922,20.457149505615234,31922.171875,10936.9248046875,20985.248046875,31913.52734375,10928.42578125,20985.1015625,0.00027080022846348584,0.0007770944503135979,6.980350008234382e-06,0.027080022846348584,3090.1031455993652,1581.766056060791,1817.993896484375,65296.438396155834,65296.438396155834,greedy,1817.993896484375,0.0,hard_fault_cluster
219,N44089,control1,-204.84915161132812,-204.84915161132812,1867.933837890625,18.67933837890625,-7.579196453094482,198.3674774169922,198.3674774169922,11.087600708007812,21.697704315185547,21.017196655273438,31902.75,10927.646484375,20975.103515625,31766.787109375,10907.927734375,20858.859375,0.004261792171746492,0.0018044827738776803,0.0055420054122805595,0.42617921717464924,3175.0613861083984,1625.3353996276855,1867.933837890625,67164.37223404646,67164.37223404646,greedy,1867.933837890625,0.0,hard_fault_cluster
220,N44348,control1,-210.44717407226562,-210.44717407226562,1919.16845703125,19.1916845703125,-7.803481578826904,203.75799560546875,203.75799560546875,11.394001960754395,22.30792999267578,21.592365264892578,31766.564453125,10907.869140625,20858.6953125,31685.228515625,10910.244140625,20774.984375,0.002560426015406847,-0.000217732711462304,0.0040132394060492516,0.2560426015406847,3262.326648712158,1670.1318092346191,1919.16845703125,69083.54069107771,69083.54069107771,greedy,1919.16845703125,0.0,hard_fault_cluster
221,N31570,control1,-216.19284057617188,-216.19284057617188,1971.639404296875,19.71639404296875,-8.020164489746094,209.29812622070312,209.29812622070312,11.70920181274414,22.928417205810547,22.183765411376953,31685.2890625,10910.16015625,20775.12890625,31837.337890625,10944.099609375,20893.23828125,-0.004798720125108957,-0.0031108115799725056,-0.005685133393853903,-0.47987201251089573,3351.857711791992,1716.1545639038086,1971.639404296875,71055.18009537458,71055.18009537458,greedy,1971.639404296875,0.0,hard_fault_cluster
222,N25746,control1,-222.0941162109375,-222.0941162109375,2025.518798828125,20.25518798828125,-8.244911193847656,214.98611450195312,214.98611450195312,12.032772064208984,23.56519317626953,22.789424896240234,31836.703125,10943.93359375,20892.76953125,31884.439453125,10943.78125,20940.658203125,-0.0014994117664173245,1.3920383025833871e-05,-0.0022921168711036444,-0.14994117664173245,3443.7821197509766,1763.403434753418,2025.518798828125,73080.69889420271,73080.69889420271,greedy,2025.518798828125,0.0,hard_fault_cluster
223,N31496,control1,-228.15260314941406,-228.15260314941406,2080.85302734375,20.8085302734375,-8.477157592773438,220.82681274414062,220.82681274414062,12.364906311035156,24.21944808959961,23.411075592041016,31884.751953125,10943.849609375,20940.90234375,31928.5234375,10944.3203125,20984.203125,-0.0013728030025959015,-4.301074659451842e-05,-0.002067761030048132,-0.13728030025959015,3538.1704711914062,1811.9105911254883,2080.85302734375,75161.55192154646,75161.55192154646,greedy,2080.85302734375,0.0,hard_fault_cluster
224,N47633,control1,-234.37767028808594,-234.37767028808594,2137.80322265625,21.3780322265625,-8.726646423339844,226.82293701171875,226.82293701171875,12.705822944641113,24.89603042602539,24.049362182617188,31927.66015625,10944.0185546875,20983.642578125,31760.748046875,10922.767578125,20837.98046875,0.005227821413427591,0.001941789174452424,0.006941698025912046,0.5227821413427591,3635.20845413208,1861.7388343811035,2137.80322265625,77299.35514420271,77299.35514420271,greedy,2137.80322265625,0.0,hard_fault_cluster
225,N31706,control1,-240.76809692382812,-240.76809692382812,2196.1640625,21.961640625,-8.969310760498047,232.98544311523438,232.98544311523438,13.056744575500488,25.586166381835938,24.706134796142578,31761.177734375,10922.982421875,20838.1953125,31831.4609375,10925.96875,20905.4921875,-0.0022128650452941656,-0.00027339858934283257,-0.0032294963020831347,-0.22128650452941656,3734.823963165283,1912.9618339538574,2196.1640625,79495.51920670271,79495.51920670271,greedy,2196.1640625,0.0,hard_fault_cluster
226,N31520,control1,-247.33091735839844,-247.33091735839844,2256.107666015625,22.56107666015625,-9.220947265625,239.3129425048828,239.3129425048828,13.4170503616333,26.294998168945312,25.379783630371094,31831.6171875,10925.9599609375,20905.65625,31811.640625,10901.9765625,20909.6640625,0.000627569854259491,0.0021950837690383196,-0.00019170947780366987,0.0627569854259491,3837.125644683838,1965.560188293457,2256.107666015625,81751.62687271833,81751.62687271833,greedy,2256.107666015625,0.0,hard_fault_cluster
227,N21217,control1,-254.07000732421875,-254.07000732421875,2317.652587890625,23.17652587890625,-9.481231689453125,245.8101806640625,245.8101806640625,13.78671932220459,27.023147583007812,26.07076644897461,31822.224609375,10904.017578125,20918.20703125,31792.42578125,10878.36328125,20914.0625,0.0009364156285300851,0.002352738054469228,0.000198130335775204,0.09364156285300851,3942.1347007751465,2019.5376243591309,2317.652587890625,84069.27946060896,84069.27946060896,greedy,2317.652587890625,0.0,hard_fault_cluster
228,N31640,control1,-260.99041748046875,-260.99041748046875,2380.85888671875,23.8085888671875,-9.749282836914062,252.48194885253906,252.48194885253906,14.16630744934082,27.771217346191406,26.780256271362305,31781.3984375,10876.1552734375,20905.2421875,31750.203125,10851.7978515625,20898.404296875,0.0009815588127821684,0.0022395250853151083,0.00032708977232687175,0.09815588127821684,4049.971580505371,2074.9659538269043,2380.85888671875,86450.13834732771,86450.13834732771,greedy,2380.85888671875,0.0,hard_fault_cluster
229,N31464,control1,-268.0969543457031,-268.0969543457031,2445.767333984375,24.45767333984375,-10.024421691894531,259.3333740234375,259.3333740234375,14.556139945983887,28.539348602294922,27.508956909179688,31750.96484375,10852.0302734375,20898.93359375,31715.06640625,10828.6494140625,20886.41796875,0.0011306251399219036,0.0021545146591961384,0.0005988642806187272,0.11306251399219036,4160.714702606201,2131.889171600342,2445.767333984375,88895.90568131208,88895.90568131208,greedy,2445.767333984375,0.0,hard_fault_cluster
230,N1944,control1,-275.3733215332031,-275.3733215332031,2512.09423828125,25.1209423828125,-10.296516418457031,266.3625793457031,266.3625793457031,14.954086303710938,29.316665649414062,28.252275466918945,31724.5078125,10831.18359375,20893.32421875,31706.931640625,10794.47265625,20912.458984375,0.000554025056771934,0.0033893745858222246,-0.0009158315369859338,0.0554025056771934,4273.865447998047,2190.022834777832,2512.09423828125,91407.99991959333,91407.99991959333,greedy,2512.09423828125,0.0,hard_fault_cluster
231,N25358,control1,-275.8043212890625,-275.8043212890625,2501.189697265625,25.01189697265625,-6.257567882537842,270.22064208984375,270.22064208984375,14.140283584594727,26.92797088623047,28.176166534423828,31697.064453125,10791.95703125,20905.107421875,33714.18359375,15911.015625,17803.16796875,-0.06363741308450699,-0.47434017062187195,0.14838188886642456,-6.363741308450699,4185.438697814941,2106.88094329834,2501.189697265625,93909.18961685896,93909.18961685896,greedy,2501.189697265625,0.0,hard_fault_cluster
232,N31731,control1,-285.14910888671875,-285.14910888671875,2586.9150390625,25.869150390625,-7.978896617889404,277.160400390625,277.160400390625,14.796462059020996,29.01795196533203,29.490352630615234,33714.21484375,15911.0556640625,17803.16015625,36782.2109375,15720.244140625,21061.966796875,-0.09100007265806198,0.011992386542260647,-0.18304653465747833,-9.100007265806198,4343.721645355225,2195.665065765381,2586.9150390625,96496.10465592146,96496.10465592146,greedy,2586.9150390625,0.0,hard_fault_cluster
233,N31771,control1,-293.5647888183594,-293.5647888183594,2662.89599609375,26.6289599609375,-8.857559204101562,284.5718688964844,284.5718688964844,15.30289077758789,30.356998443603516,30.341819763183594,36782.2109375,15720.244140625,21061.96875,33934.12109375,12866.53515625,21067.5859375,0.07743117958307266,0.18153083324432373,-0.0002666981308721006,7.743117958307266,4477.756942749023,2267.1560440063477,2662.89599609375,99159.00065201521,99159.00065201521,greedy,2662.89599609375,0.0,hard_fault_cluster
234,N31766,control1,-301.8701477050781,-301.8701477050781,2738.05029296875,27.3805029296875,-9.51556396484375,292.2008972167969,292.2008972167969,15.774720191955566,31.46422576904297,31.165796279907227,33934.08984375,12866.509765625,21067.580078125,33733.6328125,12520.197265625,21213.43359375,0.0059072463773190975,0.026915807276964188,-0.006923126056790352,0.5907246377319098,4607.7232093811035,2335.0348167419434,2738.05029296875,101897.05094498396,101897.05094498396,greedy,2738.05029296875,0.0,hard_fault_cluster
235,N31745,control1,-310.2335510253906,-310.2335510253906,2814.192626953125,28.14192626953125,-10.050041198730469,300.0359191894531,300.0359191894531,16.230981826782227,32.497772216796875,32.00533676147461,33733.6171875,12520.1904296875,21213.42578125,34413.6640625,12930.951171875,21482.7109375,-0.020159322768449783,-0.03280786797404289,-0.012694090604782104,-2.0159322768449783,4737.326728820801,2401.655319213867,2814.192626953125,104711.24357193708,104711.24357193708,greedy,2814.192626953125,0.0,hard_fault_cluster
236,N31618,control1,-318.736083984375,-318.736083984375,2891.885498046875,28.91885498046875,-10.511154174804688,308.0888977050781,308.0888977050781,16.682382583618164,33.503501892089844,32.871360778808594,34413.671875,12930.9609375,21482.708984375,35678.8359375,13572.84375,22105.994140625,-0.03676341474056244,-0.04963922128081322,-0.029013341292738914,-3.676341474056244,4868.2126541137695,2468.2318572998047,2891.885498046875,107603.12906998396,107603.12906998396,greedy,2891.885498046875,0.0,hard_fault_cluster
237,N31738,control1,-327.4313049316406,-327.4313049316406,2971.37744140625,29.7137744140625,-10.937217712402344,316.3746643066406,316.3746643066406,17.1416072845459,34.506736755371094,33.76165771484375,35678.9765625,13572.9521484375,22106.0234375,37157.28515625,14270.0712890625,22887.212890625,-0.04143360257148743,-0.05136090889573097,-0.03533830866217613,-4.143360257148743,5001.9128341674805,2536.0987548828125,2971.37744140625,110574.50651139021,110574.50651139021,greedy,2971.37744140625,0.0,hard_fault_cluster
238,N59867,control0,-317.5818786621094,-317.5818786621094,2843.517578125,28.43517578125,-0.4482569694519043,316.2503662109375,316.2503662109375,14.445608139038086,27.13861083984375,32.24116134643555,37156.84765625,14269.5546875,22887.29296875,17485.845703125,3989.662109375,13496.18359375,0.5294044613838196,0.7204073667526245,0.41031980514526367,52.94044613838196,4604.328758239746,2234.502799987793,2843.517578125,113418.02408951521,113418.02408951521,greedy,2843.517578125,0.0,hard_fault_cluster
239,N55528,control0,-319.6199645996094,-319.6199645996094,2842.147216796875,28.42147216796875,1.5076909065246582,318.5478210449219,318.5478210449219,14.052871704101562,26.948928833007812,33.13993453979492,17485.857421875,3989.67236328125,13496.1845703125,20747.15234375,7259.2255859375,13487.927734375,-0.18651044368743896,-0.8195042014122009,0.00061179039767012,-18.651044368743896,4565.982208251953,2195.4609298706055,2842.147216796875,116260.17130631208,116260.17130631208,greedy,2842.147216796875,0.0,hard_fault_cluster
240,N55531,control0,-322.9825744628906,-322.9825744628906,2856.112548828125,28.56112548828125,2.0135350227355957,321.3860778808594,321.3860778808594,13.786569595336914,27.480422973632812,33.71522521972656,20747.1484375,7259.2216796875,13487.927734375,20566.384765625,7102.27587890625,13464.109375,0.008712699636816978,0.021620197221636772,0.0017659020377323031,0.8712699636816978,4556.155586242676,2173.0316162109375,2856.112548828125,119116.28385514021,119116.28385514021,greedy,2856.112548828125,0.0,hard_fault_cluster
241,N55534,control0,-329.3065490722656,-329.3065490722656,2900.320556640625,29.00320556640625,1.390434741973877,325.82562255859375,325.82562255859375,13.91456127166748,28.932174682617188,34.557861328125,20566.44140625,7102.3310546875,13464.109375,22783.8984375,9266.126953125,13517.7724609375,-0.10781919211149216,-0.30465996265411377,-0.003985639661550522,-10.781919211149216,4617.602306365967,2197.9926719665527,2900.320556640625,122016.60441178083,122016.60441178083,greedy,2900.320556640625,0.0,hard_fault_cluster
242,N59866,control0,-329.92498779296875,-329.92498779296875,2883.60498046875,28.8360498046875,4.135590076446533,328.11639404296875,328.11639404296875,12.903635025024414,27.654586791992188,34.51067352294922,22783.8671875,9266.0927734375,13517.7734375,19528.453125,6094.0322265625,13434.421875,0.14288242161273956,0.34232988953590393,0.006166072096675634,14.288242161273956,4502.08487701416,2093.293846130371,2883.60498046875,124900.20939224958,124900.20939224958,greedy,2883.60498046875,0.0,hard_fault_cluster
243,N59860,control0,-343.47283935546875,-343.47283935546875,3005.301025390625,30.05301025390625,0.3502507209777832,335.9538269042969,335.9538269042969,13.917245864868164,31.5479736328125,36.53207015991211,19528.49609375,6094.07373046875,13434.421875,20005.44921875,6436.68017578125,13568.76953125,-0.024423442780971527,-0.05621961131691933,-0.010000255890190601,-2.4423442780971527,4732.979438781738,2227.038299560547,3005.301025390625,127905.51041764021,127905.51041764021,greedy,3005.301025390625,0.0,hard_fault_cluster
244,N59857,control0,-354.7085876464844,-354.7085876464844,3103.4404296875,31.034404296875,-1.5329890251159668,344.5094299316406,344.5094299316406,14.568587303161621,33.992698669433594,37.74058151245117,20005.453125,6436.6845703125,13568.7685546875,19503.8046875,5936.9521484375,13566.8525390625,0.025075584650039673,0.0776381716132164,0.0001412077690474689,2.5075584650039673,4904.808589935303,2318.8461952209473,3103.4404296875,131008.95084732771,131008.95084732771,greedy,3103.4404296875,0.0,hard_fault_cluster
245,N59854,control0,-365.1056213378906,-365.1056213378906,3197.784423828125,31.97784423828125,-3.024848461151123,353.2942199707031,353.2942199707031,15.051765441894531,35.83275604248047,38.72714614868164,19503.806640625,5936.95458984375,13566.8525390625,19426.5546875,5883.509765625,13543.0439453125,0.0039608655497431755,0.009002060629427433,0.0017549091717228293,0.39608655497431755,5056.255187988281,2392.94620513916,3197.784423828125,134206.73527115583,134206.73527115583,greedy,3197.784423828125,0.0,hard_fault_cluster
246,N59863,control0,-362.6480407714844,-362.6480407714844,3154.611328125,31.54611328125,2.4967198371887207,356.1478576660156,356.1478576660156,13.407979965209961,32.10182189941406,37.949440002441406,19426.50390625,5883.4619140625,13543.04296875,19833.26171875,6402.42724609375,13430.8349609375,-0.020938292145729065,-0.08820747584104538,0.008285287767648697,-2.0938292145729065,4851.557182312012,2218.48779296875,3154.611328125,137361.34659928083,137361.34659928083,greedy,3154.611328125,0.0,hard_fault_cluster
247,N3203,control0,-375.9490661621094,-375.9490661621094,3273.397705078125,32.73397705078125,-0.1614527851343155,364.93438720703125,364.93438720703125,14.325998306274414,35.31767272949219,39.92029571533203,19833.4375,6402.603515625,13430.833984375,21870.119140625,8002.32666015625,13867.7919921875,-0.10268928855657578,-0.24985510110855103,-0.03253394365310669,-10.268928855657578,5070.931922912598,2342.1828536987305,3273.397705078125,140634.74430435896,140634.74430435896,greedy,3273.397705078125,0.0,hard_fault_cluster
248,N22894,control0,-387.5361022949219,-387.5361022949219,3374.885498046875,33.74885498046875,-1.4110865592956543,374.3796691894531,374.3796691894531,14.913514137268066,37.451744079589844,41.250755310058594,21870.0859375,8002.29345703125,13867.7919921875,20814.6796875,6832.7275390625,13981.953125,0.0482579842209816,0.14615383744239807,-0.008232105523347855,4.82579842209816,5240.616580963135,2428.6677055358887,3374.885498046875,144009.62980240583,144009.62980240583,greedy,3374.885498046875,0.0,hard_fault_cluster
249,N5923,control0,-398.5973815917969,-398.5973815917969,3474.055908203125,34.74055908203125,-2.259864330291748,384.1339111328125,384.1339111328125,15.40223503112793,39.10658264160156,42.44310760498047,20814.6328125,6832.6806640625,13981.953125,20196.6640625,6311.150390625,13885.5146484375,0.02968914993107319,0.07632879167795181,0.006897353567183018,2.968914993107319,5398.4133224487305,2504.7709579467773,3474.055908203125,147483.68571060896,147483.68571060896,greedy,3474.055908203125,0.0,hard_fault_cluster
250,N15858,control0,-392.6573181152344,-392.6573181152344,3388.625,33.88625,5.966492176055908,386.1617126464844,386.1617126464844,13.089971542358398,33.34991455078125,41.13641357421875,20196.546875,6311.029296875,13885.517578125,17081.8671875,3797.879638671875,13283.98828125,0.1542184203863144,0.39821550250053406,0.04332062602043152,15.42184203863144,5083.783866882324,2252.693832397461,3388.625,150872.31071060896,150872.31071060896,greedy,3388.625,0.0,hard_fault_cluster
251,N9009,control0,-392.4438171386719,-392.4438171386719,3356.72021484375,33.5672021484375,10.332687377929688,388.6239929199219,388.6239929199219,11.934213638305664,31.409324645996094,41.43067169189453,17081.869140625,3797.88134765625,13283.98828125,17946.302734375,4704.14453125,13242.158203125,-0.050605326890945435,-0.23862335085868835,0.0031489096581935883,-5.0605326890945435,4938.765571594238,2129.7574157714844,3356.72021484375,154229.0309254527,154229.0309254527,greedy,3356.72021484375,0.0,hard_fault_cluster
252,N12713,control0,-408.58111572265625,-408.58111572265625,3498.23974609375,34.9823974609375,5.881851673126221,397.8247375488281,397.8247375488281,13.17752742767334,36.21501922607422,43.816307067871094,17946.4296875,4704.27197265625,13242.158203125,21823.525390625,8331.27734375,13492.248046875,-0.21603715419769287,-0.771002471446991,-0.018885882571339607,-21.603715419769287,5213.817226409912,2291.7688636779785,3498.23974609375,157727.27067154646,157727.27067154646,greedy,3498.23974609375,0.0,hard_fault_cluster
253,N8848,control0,-422.04229736328125,-422.04229736328125,3612.027099609375,36.12027099609375,3.6109089851379395,407.8881530761719,407.8881530761719,13.870134353637695,39.20838928222656,45.283203125,21823.40234375,8331.1552734375,13492.24609375,20659.75390625,7004.9111328125,13654.84375,0.053321126848459244,0.15919090807437897,-0.012051193043589592,5.332112684845924,5406.928688049316,2391.9922485351562,3612.027099609375,161339.29777115583,161339.29777115583,greedy,3612.027099609375,0.0,hard_fault_cluster
254,N43379,control0,-434.5296630859375,-434.5296630859375,3721.00146484375,37.2100146484375,2.2433629035949707,418.33673095703125,418.33673095703125,14.401705741882324,41.354774475097656,46.59238052368164,20659.728515625,7004.8837890625,13654.8447265625,20190.890625,6576.4423828125,13614.44921875,0.022693322971463203,0.061163242906332016,0.002958327764645219,2.2693322971463203,5579.508769989014,2475.0051231384277,3721.00146484375,165060.29923599958,165060.29923599958,greedy,3721.00146484375,0.0,hard_fault_cluster
255,N31611,control1,-446.75958251953125,-446.75958251953125,3830.037353515625,38.30037353515625,1.2393498420715332,429.1806945800781,429.1806945800781,14.854217529296875,43.16596221923828,47.84711837768555,20191.0390625,6576.58984375,13614.4482421875,19488.490234375,5973.0078125,13515.482421875,0.03479507938027382,0.09177735447883606,0.007269176188856363,3.479507938027382,5744.639801025391,2550.2262649536133,3830.037353515625,168890.3365895152,168890.3365895152,greedy,3830.037353515625,0.0,hard_fault_cluster
256,N829,control1,-459.04339599609375,-459.04339599609375,3939.997314453125,39.39997314453125,0.5747075080871582,440.4294738769531,440.4294738769531,15.29865550994873,44.78466033935547,49.10578155517578,19478.77734375,5963.03515625,13515.7421875,19032.287109375,5596.25830078125,13436.029296875,0.022921882569789886,0.0615084171295166,0.00589778134599328,2.2921882569789886,5910.292339324951,2624.9722480773926,3939.997314453125,172830.33390396833,172830.33390396833,greedy,3939.997314453125,0.0,hard_fault_cluster
257,N31454,control1,-471.6138000488281,-471.6138000488281,4051.103759765625,40.51103759765625,0.129517063498497,452.0602722167969,452.0602722167969,15.72335147857666,46.30280303955078,50.412811279296875,19042.107421875,5606.2294921875,13435.8779296875,18764.3046875,5339.0341796875,13425.271484375,0.014588865451514721,0.047660429030656815,0.0007894121808931231,1.458886545151472,6075.499179840088,2698.1261558532715,4051.103759765625,176881.43766373396,176881.43766373396,greedy,4051.103759765625,0.0,hard_fault_cluster
258,N31719,control1,-484.4878845214844,-484.4878845214844,4164.04443359375,41.6404443359375,-0.169677272439003,464.0652770996094,464.0652770996094,16.13840675354004,47.76239013671875,51.77190017700195,18764.328125,5339.05615234375,13425.271484375,18603.265625,5159.8564453125,13443.4091796875,0.008583440445363522,0.03356393054127693,-0.0013510114513337612,0.8583440445363522,6241.950386047363,2770.8681030273438,4164.04443359375,181045.4820973277,181045.4820973277,greedy,4164.04443359375,0.0,hard_fault_cluster
259,N3520,control0,-497.633544921875,-497.633544921875,4278.80419921875,42.7880419921875,-0.3587946891784668,476.4037780761719,476.4037780761719,16.546560287475586,49.18833923339844,53.169307708740234,18601.181640625,5157.7421875,13443.439453125,18684.17578125,5181.92919921875,13502.24609375,-0.00446176715195179,-0.004689457360655069,-0.004374374635517597,-0.446176715195179,6409.8640060424805,2843.458023071289,4278.80419921875,185324.28629654646,185324.28629654646,greedy,4278.80419921875,0.0,hard_fault_cluster
260,N48207,control0,-511.1291809082031,-511.1291809082031,4396.130859375,43.96130859375,-0.4997553825378418,489.11517333984375,489.11517333984375,16.969526290893555,50.61924743652344,54.608863830566406,18686.1796875,5183.98828125,13502.19140625,18935.30859375,5355.423828125,13579.884765625,-0.013332254253327847,-0.03307020291686058,-0.005754129495471716,-1.3332254253327847,6582.198661804199,2918.2641372680664,4396.130859375,189720.41715592146,189720.41715592146,greedy,4396.130859375,0.0,hard_fault_cluster
261,N9007,control0,-505.5938720703125,-505.5938720703125,4301.5908203125,43.015908203125,10.7138671875,493.7086181640625,493.7086181640625,14.361517906188965,43.222877502441406,53.36772537231445,18935.212890625,5355.3271484375,13579.8857421875,16819.931640625,3735.908203125,13084.0234375,0.11171150952577591,0.3023940324783325,0.03651446849107742,11.171150952577591,6231.451229095459,2634.976650238037,4301.5908203125,194022.00797623396,194022.00797623396,greedy,4301.5908203125,0.0,hard_fault_cluster
262,N8839,control0,-524.3660278320312,-524.3660278320312,4466.171875,44.66171875,6.717346668243408,505.82476806640625,505.82476806640625,15.620295524597168,47.954444885253906,56.242591857910156,16819.978515625,3735.955078125,13084.0234375,27550.728515625,13148.171875,14402.556640625,-0.6379764676094055,-1.0,-0.10077429562807083,-63.79764676094055,6534.026195526123,2805.0287132263184,4466.171875,198488.17985123396,198488.17985123396,greedy,4466.171875,0.0,hard_fault_cluster
263,N15852,control0,-522.34326171875,-522.34326171875,4413.8935546875,44.138935546875,13.986785888671875,510.8861389160156,510.8861389160156,13.6707763671875,43.738685607910156,55.54255294799805,27550.6328125,13148.064453125,14402.5693359375,16430.525390625,3459.424072265625,12971.1015625,0.40362438559532166,0.7368872165679932,0.09938975423574448,40.362438559532166,6291.857330322266,2598.272560119629,4413.8935546875,202902.07340592146,202902.07340592146,greedy,4413.8935546875,0.0,hard_fault_cluster
264,N15856,control0,-525.5931396484375,-525.5931396484375,4407.134765625,44.07134765625,17.996688842773438,516.28662109375,516.28662109375,12.640294075012207,42.48351287841797,56.10419464111328,16430.5234375,3459.4208984375,12971.1015625,17737.1015625,4944.23486328125,12792.8662109375,-0.07952139526605606,-0.42920881509780884,0.013740956783294678,-7.952139526605606,6187.450794219971,2494.884754180908,4407.134765625,207309.20817154646,207309.20817154646,greedy,4407.134765625,0.0,hard_fault_cluster
265,N15860,control0,-531.601806640625,-531.601806640625,4427.6513671875,44.276513671875,20.05474853515625,522.3143920898438,522.3143920898438,12.026062965393066,42.61309051513672,56.90814971923828,17737.1015625,4944.23486328125,12792.8662109375,17978.697265625,5417.5341796875,12561.1630859375,-0.013620923273265362,-0.09572751820087433,0.018111901357769966,-1.3620923273265362,6152.57205581665,2440.0977363586426,4427.6513671875,211736.85953873396,211736.85953873396,greedy,4427.6513671875,0.0,hard_fault_cluster
266,N9005,control0,-539.6698608398438,-539.6698608398438,4467.29443359375,44.6729443359375,21.337478637695312,529.1492309570312,529.1492309570312,11.592443466186523,43.27356719970703,57.906005859375,17978.70703125,5417.544921875,12561.1630859375,17929.80078125,6045.7880859375,11884.01171875,0.002720231655985117,-0.11596455425024033,0.0539083331823349,0.2720231655985117,6155.688011169434,2408.3552627563477,4467.29443359375,216204.1539723277,216204.1539723277,greedy,4467.29443359375,0.0,hard_fault_cluster
267,N15854,control0,-548.6416015625,-548.6416015625,4519.3779296875,45.193779296875,22.310073852539062,536.7150268554688,536.7150268554688,11.238801956176758,44.124595642089844,59.024593353271484,17929.7890625,6045.77783203125,11884.01171875,17167.771484375,6643.4638671875,10524.3076171875,0.0425000861287117,-0.09886007010936737,0.11441457271575928,4.25000861287117,6179.9731521606445,2387.903434753418,4519.3779296875,220723.5319020152,220723.5319020152,greedy,4519.3779296875,0.0,hard_fault_cluster
268,N15864,control0,-557.0834350585938,-557.0834350585938,4566.52734375,45.6652734375,23.683868408203125,544.3904418945312,544.3904418945312,10.709432601928711,44.55652618408203,60.00459289550781,17167.7734375,6643.46484375,10524.3076171875,16172.48828125,6344.1640625,9828.32421875,0.057974036782979965,0.04505190998315811,0.06613104045391083,5.7974036782979965,6181.861045837402,2348.672706604004,4566.52734375,225290.0592457652,225290.0592457652,greedy,4566.52734375,0.0,hard_fault_cluster
269,N14682,control0,-566.4359130859375,-566.4359130859375,4623.78857421875,46.2378857421875,24.66973876953125,552.5822143554688,552.5822143554688,10.297221183776855,45.31610870361328,61.136695861816406,16172.654296875,6344.328125,9828.326171875,15999.0927734375,6473.8974609375,9525.1953125,0.010731789283454418,-0.020422860980033875,0.030842572450637817,1.0731789283454418,6206.092906951904,2323.8148155212402,4623.78857421875,229913.84781998396,229913.84781998396,greedy,4623.78857421875,0.0,hard_fault_cluster
270,N16026,control0,-576.3591918945312,-576.3591918945312,4687.22314453125,46.8722314453125,25.592315673828125,561.3049926757812,561.3049926757812,9.892765045166016,46.146141052246094,62.36027526855469,15999.078125,6473.88330078125,9525.1953125,15713.7861328125,6310.953125,9402.8330078125,0.017831776291131973,0.025167301297187805,0.012846172787249088,1.7831776291131973,6237.804641723633,2301.4085388183594,4687.22314453125,234601.0709645152,234601.0709645152,greedy,4687.22314453125,0.0,hard_fault_cluster
271,N2517,control0,-597.3258056640625,-597.3258056640625,4865.2548828125,48.652548828125,21.2109375,574.1773071289062,574.1773071289062,10.759790420532227,51.329490661621094,65.38065338134766,15713.0712890625,6310.2373046875,9402.833984375,14264.9208984375,4766.1904296875,9498.73046875,0.09216214716434479,0.2446891963481903,-0.010198678821325302,9.216214716434479,6515.411231994629,2435.837089538574,4865.2548828125,239466.3258473277,239466.3258473277,greedy,4865.2548828125,0.0,hard_fault_cluster
272,N32559,observe,-615.5396728515625,-615.5396728515625,5015.283203125,50.15283203125,19.4927978515625,588.4993896484375,588.4993896484375,11.322368621826172,54.66985321044922,67.34130096435547,14265.6748046875,4766.9462890625,9498.728515625,15505.9794921875,5996.638671875,9509.3408203125,-0.08694329112768173,-0.25796228647232056,-0.0011172342346981168,-8.694329112768173,6736.019454956055,2533.1825103759766,5015.283203125,244481.6090504527,244481.6090504527,greedy,5015.283203125,0.0,hard_fault_cluster
273,N44137,control0,-632.8868408203125,-632.8868408203125,5163.66748046875,51.6366748046875,18.357696533203125,603.5245361328125,603.5245361328125,11.702073097229004,57.279075622558594,69.12074279785156,15505.8701171875,5996.5302734375,9509.33984375,15953.2822265625,6437.0380859375,9516.244140625,-0.0288543701171875,-0.07346045225858688,-0.0007260543061420321,-2.88543701171875,6937.399326324463,2612.005313873291,5163.66748046875,249645.27653092146,249645.27653092146,greedy,5163.66748046875,0.0,hard_fault_cluster
274,N23244,control1,-614.5004272460938,-614.5004272460938,4915.69677734375,49.1569677734375,39.467498779296875,603.0119018554688,603.0119018554688,6.01086950302124,41.107383728027344,65.66610717773438,15953.3310546875,6437.0869140625,9516.244140625,8108.1708984375,174.28225708007812,7933.888671875,0.4917568564414978,0.9729253053665161,0.1662794053554535,49.17568564414978,6119.795629501343,1980.7641201019287,4915.69677734375,254560.9733082652,254560.9733082652,greedy,4915.69677734375,0.0,hard_fault_cluster
275,N52998,control0,-599.4962158203125,-599.4962158203125,4703.08251953125,47.0308251953125,55.18113708496094,598.1105346679688,598.1105346679688,1.6571316719055176,30.066490173339844,64.78499603271484,8108.171875,174.2832794189453,7933.888671875,7384.82275390625,95.62625122070312,7289.1962890625,0.08921235799789429,0.4513171315193176,0.08125805854797363,8.921235799789429,5466.9062213897705,1491.0114307403564,4703.08251953125,259264.05582779646,259264.05582779646,greedy,4703.08251953125,0.0,hard_fault_cluster
276,N3953,observe,-585.182861328125,-585.182861328125,4517.578125,45.17578125,66.49179077148438,591.3201293945312,591.3201293945312,-1.9607195854187012,22.182960510253906,64.62199401855469,7384.8203125,95.62422180175781,7289.1962890625,6003.58349609375,52.340274810791016,5951.2431640625,0.18703728914260864,0.45264625549316406,0.18355290591716766,18.703728914260864,4912.826295852661,1081.1526050567627,4517.578125,263781.63395279646,263781.63395279646,greedy,4517.578125,0.0,hard_fault_cluster
277,N912,observe,-616.895263671875,-616.895263671875,4812.763671875,48.12763671875,50.930145263671875,604.0475463867188,604.0475463867188,1.3003020286560059,37.352745056152344,70.8725814819336,6003.583984375,52.3406982421875,5951.2431640625,13806.1015625,6901.525390625,6904.576171875,-1.0,-1.0,-0.16019056737422943,-100.0,5546.841421127319,1484.2330074310303,4812.763671875,268594.39762467146,268594.39762467146,greedy,4812.763671875,0.0,hard_fault_cluster
278,N1751,observe,-641.07177734375,-641.07177734375,5005.50537109375,50.0550537109375,43.9473876953125,618.6124877929688,618.6124877929688,2.6673693656921387,45.483604431152344,73.9387435913086,13806.09375,6901.5185546875,6904.5751953125,13695.2216796875,6804.45703125,6890.7646484375,0.008030661381781101,0.014063792303204536,0.002000202191993594,0.8030661381781101,5890.854795455933,1672.7664012908936,5005.50537109375,273599.9029957652,273599.9029957652,greedy,5005.50537109375,0.0,hard_fault_cluster
279,N3950,observe,-617.8485107421875,-617.8485107421875,4729.1591796875,47.291591796875,62.38142395019531,611.5463256835938,611.5463256835938,-3.6033616065979004,29.15428924560547,69.72516632080078,13695.1171875,6804.3544921875,6890.76220703125,5539.1015625,68.166748046875,5470.9345703125,0.5955418348312378,0.9899818301200867,0.20604798197746277,59.55418348312378,4980.369344711304,974.8402156829834,4729.1591796875,278329.0621754527,278329.0621754527,greedy,4729.1591796875,0.0,hard_fault_cluster
280,N958,observe,-646.288330078125,-646.288330078125,4997.7646484375,49.977646484375,52.006256103515625,625.4751586914062,625.4751586914062,-1.2504172325134277,40.77977752685547,75.85521697998047,5539.10302734375,68.16805267333984,5470.93505859375,13020.384765625,7316.3037109375,5704.08056640625,-1.0,-1.0,-0.042615294456481934,-100.0,5498.1980838775635,1280.7682285308838,4997.7646484375,283326.8268238902,283326.8268238902,greedy,4997.7646484375,0.0,hard_fault_cluster
281,N21043,observe,-669.2018432617188,-669.2018432617188,5182.65771484375,51.8265771484375,47.20954895019531,641.058349609375,641.058349609375,-0.3396315574645996,47.462730407714844,78.87794494628906,13020.138671875,7316.06005859375,5704.0791015625,12365.58984375,5877.36767578125,6488.2216796875,0.050272032618522644,0.1966485232114792,-0.13747049868106842,5.027203261852264,5789.752908706665,1421.9658603668213,5182.65771484375,288509.48453873396,288509.48453873396,greedy,5182.65771484375,0.0,hard_fault_cluster
282,N3962,observe,-646.7833862304688,-646.7833862304688,4916.28564453125,49.1628564453125,66.25511169433594,634.8098754882812,634.8098754882812,-6.577253818511963,30.90129852294922,74.88701629638672,12365.7021484375,5877.4833984375,6488.21875,5512.3447265625,56.00662612915039,5456.337890625,0.5542230606079102,0.9904709458351135,0.15903915464878082,55.422306060791016,4893.370138168335,730.0484981536865,4916.28564453125,293425.7701832652,293425.7701832652,greedy,4916.28564453125,0.0,hard_fault_cluster
283,N911,observe,-675.4208374023438,-675.4208374023438,5182.26953125,51.8226953125,56.58778381347656,650.0709838867188,650.0709838867188,-4.949168682098389,42.29381561279297,80.42493438720703,5512.345703125,56.00764465332031,5456.337890625,12021.6826171875,6543.759765625,5477.9228515625,-1.0,-1.0,-0.003955943044275045,-100.0,5337.42364692688,963.1682605743408,5182.26953125,298608.0397145152,298608.0397145152,greedy,5182.26953125,0.0,hard_fault_cluster
284,N1746,observe,-698.78271484375,-698.78271484375,5368.03955078125,53.6803955078125,52.37371826171875,666.439697265625,666.439697265625,-4.510352611541748,48.757102966308594,83.18450927734375,12021.693359375,6543.7705078125,5477.9228515625,10837.4375,5191.43701171875,5646.0009765625,0.09850990772247314,0.20665967464447021,-0.030682820826768875,9.850990772247314,5583.4439868927,1057.584550857544,5368.03955078125,303976.07926529646,303976.07926529646,greedy,5368.03955078125,0.0,hard_fault_cluster
285,N21034,observe,-719.3828125,-719.3828125,5540.7197265625,55.407197265625,50.216827392578125,683.0479125976562,683.0479125976562,-4.502474308013916,53.06366729736328,85.4429702758789,10837.263671875,5191.26220703125,5646.001953125,10921.8623046875,5230.7275390625,5691.134765625,-0.007806272245943546,-0.007602261379361153,-0.00799376517534256,-0.7806272245943546,5773.520208358765,1105.6944789886475,5540.7197265625,309516.79899185896,309516.79899185896,greedy,5540.7197265625,0.0,hard_fault_cluster
286,N8980,control0,-697.6228637695312,-697.6228637695312,5272.484375,52.72484375,71.07986450195312,678.1602172851562,678.1602172851562,-10.582413673400879,34.745262145996094,81.96239471435547,10921.9296875,5230.79296875,5691.13671875,5463.17431640625,24.031391143798828,5439.14306640625,0.4997977018356323,0.9954057931900024,0.04427826404571533,49.97977018356323,4892.403224945068,429.4197807312012,5272.484375,314789.28336685896,314789.28336685896,greedy,5272.484375,0.0,hard_fault_cluster
287,N3968,observe,-688.998291015625,-688.998291015625,5151.87841796875,51.5187841796875,82.44134521484375,676.5376586914062,676.5376586914062,-14.367195129394531,28.12042999267578,82.60147094726562,5463.1748046875,24.031566619873047,5439.14306640625,5561.45849609375,124.63054656982422,5436.828125,-0.017990214750170708,-1.0,0.0004256077518220991,-1.7990214750170708,4391.696563720703,20.384506225585938,5151.87841796875,319941.1617848277,319941.1617848277,greedy,5151.87841796875,0.0,hard_fault_cluster
288,N1732,observe,-721.022216796875,-721.022216796875,5437.8876953125,54.378876953125,70.31997680664062,693.0900268554688,693.0900268554688,-13.180776596069336,41.84906768798828,87.44454956054688,5561.46435546875,124.63627624511719,5436.828125,14141.634765625,8703.56640625,5438.06787109375,-1.0,-1.0,-0.00022802746389061213,-100.0,4812.900062561035,214.6667709350586,5437.8876953125,325379.0494801402,325379.0494801402,greedy,5437.8876953125,0.0,hard_fault_cluster
289,N15829,control0,-710.6359252929688,-710.6359252929688,5284.6884765625,52.846884765625,81.95732116699219,691.9829711914062,691.9829711914062,-17.571367263793945,32.59435272216797,85.38326263427734,14141.47265625,8703.4052734375,5438.06787109375,6112.67626953125,683.0338134765625,5429.642578125,0.5677482485771179,0.9215211272239685,0.001549317385070026,56.77482485771179,4219.534721374512,-262.96886444091797,5284.6884765625,330663.7379567027,330663.7379567027,greedy,5284.6884765625,0.0,hard_fault_cluster
290,N3971,observe,-708.547607421875,-708.547607421875,5222.74560546875,52.2274560546875,87.88728332519531,692.6112060546875,692.6112060546875,-20.8437442779541,29.23296356201172,85.8167724609375,6112.681640625,683.0392456054688,5429.642578125,5969.0361328125,580.2030029296875,5388.8330078125,0.023499589413404465,0.15055686235427856,0.007516069337725639,2.3499589413404465,3830.9823837280273,-605.5352249145508,5222.74560546875,335886.48356217146,335886.48356217146,greedy,5222.74560546875,0.0,hard_fault_cluster
291,N943,observe,-741.058837890625,-741.058837890625,5502.0146484375,55.020146484375,77.1539306640625,709.104736328125,709.104736328125,-20.0518798828125,41.805519104003906,91.10395050048828,5969.04248046875,580.2105102539062,5388.83203125,11182.453125,5759.685546875,5422.767578125,-0.8734081983566284,-1.0,-0.006297384388744831,-87.34081983566284,4205.931396484375,-452.40814208984375,5502.0146484375,341388.49821060896,341388.49821060896,greedy,5502.0146484375,0.0,hard_fault_cluster
292,N1731,observe,-767.23828125,-767.23828125,5699.47216796875,56.9947216796875,71.69015502929688,726.7042846679688,726.7042846679688,-19.956056594848633,49.206932067871094,93.88384246826172,11182.4453125,5759.677734375,5422.767578125,11198.478515625,5786.04833984375,5412.4296875,-0.001433783327229321,-0.004578486084938049,0.0019063864601776004,-0.1433783327229321,4430.5707931518555,-389.0615463256836,5699.47216796875,347087.9703785777,347087.9703785777,greedy,5699.47216796875,0.0,hard_fault_cluster
293,N1963,control0,-789.8286743164062,-789.8286743164062,5884.6865234375,58.846865234375,68.93275451660156,744.6602172851562,744.6602172851562,-20.447099685668945,53.90167999267578,96.23013305664062,11198.072265625,5785.642578125,5412.4296875,12853.140625,7446.7490234375,5406.39208984375,-0.14779940247535706,-0.2871083617210388,0.001115505932830274,-14.779940247535706,4584.636772155762,-387.37328338623047,5884.6865234375,352972.6569020152,352972.6569020152,greedy,5884.6865234375,0.0,hard_fault_cluster
294,N15821,control0,-778.0830078125,-778.0830078125,5728.6015625,57.286015625,85.37420654296875,745.3358764648438,745.3358764648438,-25.855432510375977,40.285011291503906,94.07910919189453,12853.501953125,7447.109375,5406.39208984375,5713.17138671875,388.11492919921875,5325.056640625,0.5555163621902466,0.9478838443756104,0.015044311992824078,55.55163621902466,3888.394187927246,-967.0588912963867,5728.6015625,358701.2584645152,358701.2584645152,greedy,5728.6015625,0.0,hard_fault_cluster
295,N3956,observe,-777.1549682617188,-777.1549682617188,5683.2275390625,56.832275390625,94.22662353515625,749.2493286132812,749.2493286132812,-29.3288516998291,35.561927795410156,95.22364044189453,5713.17431640625,388.1178894042969,5325.056640625,5943.572265625,624.142822265625,5319.4296875,-0.04032748565077782,-0.6081269383430481,0.0010566936107352376,-4.032748565077782,3499.591697692871,-1324.7659530639648,5683.2275390625,364384.4860035777,364384.4860035777,greedy,5683.2275390625,0.0,hard_fault_cluster
296,N1744,observe,-808.9638061523438,-808.9638061523438,5955.185546875,59.55185546875,85.00881958007812,767.2946166992188,767.2946166992188,-29.019229888916016,47.02239227294922,100.00286102294922,5943.57568359375,624.14599609375,5319.4296875,14406.208984375,9082.0205078125,5324.1884765625,-1.0,-1.0,-0.0008946051239036024,-100.0,3820.557174682617,-1221.3029479980469,5955.185546875,370339.6715504527,370339.6715504527,greedy,5955.185546875,0.0,hard_fault_cluster
297,N1949,control0,-836.1182250976562,-836.1182250976562,6158.853515625,61.58853515625,80.93576049804688,786.6382446289062,786.6382446289062,-29.292041778564453,53.69208526611328,103.0938491821289,14405.904296875,9081.7158203125,5324.1884765625,12122.13671875,6797.37353515625,5324.763671875,0.15852996706962585,0.25153201818466187,-0.00010803436452988535,15.852996706962585,4016.287582397461,-1192.8312377929688,6158.853515625,376498.5250660777,376498.5250660777,greedy,6158.853515625,0.0,hard_fault_cluster
298,N8978,control0,-831.1175537109375,-831.1175537109375,6059.83837890625,60.5983837890625,94.24313354492188,791.0641479492188,791.0641479492188,-33.821533203125,43.366355895996094,101.76924896240234,12122.265625,6797.501953125,5324.763671875,6091.0634765625,779.3232421875,5311.740234375,0.4975309371948242,0.8853515386581421,0.002445824444293976,49.75309371948242,3468.7492065429688,-1669.4276885986328,6059.83837890625,382558.36344498396,382558.36344498396,greedy,6059.83837890625,0.0,hard_fault_cluster
299,N8974,control0,-836.3663330078125,-836.3663330078125,6050.32861328125,60.5032861328125,101.36737060546875,798.7999267578125,798.7999267578125,-36.98466873168945,40.020652770996094,103.07173919677734,6091.064453125,779.3242797851562,5311.740234375,6426.09033203125,1157.11669921875,5268.9736328125,-0.0550028458237648,-0.48476922512054443,0.008051334880292416,-5.50028458237648,3150.661666870117,-1986.1847381591797,6050.32861328125,388608.6920582652,388608.6920582652,greedy,6050.32861328125,0.0,hard_fault_cluster
300,N3959,observe,-845.59130859375,-845.59130859375,6083.279296875,60.83279296875,105.37725830078125,807.3696899414062,807.3696899414062,-39.51688766479492,39.532615661621094,104.79889678955078,6426.0966796875,1157.1229248046875,5268.9736328125,6557.53759765625,1291.45654296875,5266.0810546875,-0.02045423910021782,-0.11609277874231339,0.0005489832255989313,-2.045423910021782,2938.960220336914,-2229.0265197753906,6083.279296875,394691.9713551402,394691.9713551402,greedy,6083.279296875,0.0,hard_fault_cluster
301,N944,observe,-878.2212524414062,-878.2212524414062,6355.89697265625,63.5589697265625,96.53042602539062,825.7616577148438,825.7616577148438,-39.721351623535156,50.26024627685547,109.7302017211914,6557.5595703125,1291.4783935546875,5266.0810546875,11406.384765625,6138.16357421875,5268.2216796875,-0.7394252419471741,-1.0,-0.00040649299626238644,-73.94252419471741,3209.523468017578,-2176.720504760742,6355.89697265625,401047.86832779646,401047.86832779646,greedy,6355.89697265625,0.0,hard_fault_cluster
302,N1745,observe,-906.4547729492188,-906.4547729492188,6565.732421875,65.65732421875,92.88140869140625,846.5922241210938,846.5922241210938,-40.389625549316406,56.57024383544922,112.85246276855469,11406.3681640625,6138.146484375,5268.2216796875,11765.474609375,6496.6474609375,5268.82666015625,-0.03148297965526581,-0.05840541422367096,-0.00011483580601634458,-3.148297965526581,3373.362091064453,-2185.881393432617,6565.732421875,407613.60074967146,407613.60074967146,greedy,6565.732421875,0.0,hard_fault_cluster
303,N1975,control0,-932.2680053710938,-932.2680053710938,6767.88720703125,67.6788720703125,91.59732055664062,867.9889526367188,867.9889526367188,-41.521732330322266,60.72332000732422,115.6819076538086,11765.3818359375,6496.55517578125,5268.82666015625,12887.703125,7618.47314453125,5269.2294921875,-0.09539183229207993,-0.17269428074359894,-7.64557407819666e-05,-9.539183229207993,3483.702926635742,-2243.2041931152344,6767.88720703125,414381.4879567027,414381.4879567027,greedy,6767.88720703125,0.0,hard_fault_cluster
304,N15827,control0,-934.98046875,-934.98046875,6722.03076171875,67.2203076171875,104.790283203125,877.9457397460938,877.9457397460938,-45.8736572265625,51.371238708496094,115.23841094970703,12887.66796875,7618.43798828125,5269.2294921875,6478.138671875,1518.4945068359375,4959.64404296875,0.4973381757736206,0.8006816506385803,0.05875345692038536,49.73381757736206,3012.6107788085938,-2687.371597290039,6722.03076171875,421103.51871842146,421103.51871842146,greedy,6722.03076171875,0.0,hard_fault_cluster
305,N15825,control0,-945.1712646484375,-945.1712646484375,6760.61474609375,67.6061474609375,112.23464965820312,890.6575927734375,890.6575927734375,-48.76685333251953,48.560997009277344,117.3758316040039,6478.138671875,1518.4945068359375,4959.64404296875,6664.513671875,1705.61279296875,4958.90087890625,-0.02876983769237995,-0.12322618812322617,0.00014984222070779651,-2.876983769237995,2774.5870056152344,-2963.8672485351562,6760.61474609375,427864.1334645152,427864.1334645152,greedy,6760.61474609375,0.0,hard_fault_cluster
306,N3965,observe,-959.1221313476562,-959.1221313476562,6834.25927734375,68.3425927734375,115.49008178710938,904.0155639648438,904.0155639648438,-51.24094772338867,48.758384704589844,119.44979095458984,6664.52685546875,1705.6259765625,4958.90087890625,7229.86181640625,2274.88525390625,4954.9765625,-0.0848274677991867,-0.33375388383865356,0.0007913681911304593,-8.48274677991867,2614.1800689697266,-3189.5260620117188,6834.25927734375,434698.39274185896,434698.39274185896,greedy,6834.25927734375,0.0,hard_fault_cluster
307,N31752,control1,-993.1347045898438,-993.1347045898438,7109.79833984375,71.0979833984375,109.35263061523438,925.4779052734375,925.4779052734375,-51.93561935424805,58.02080535888672,124.53916931152344,7229.91796875,2274.94140625,4954.9765625,12057.87890625,7099.93896484375,4957.93994140625,-0.6677753329277039,-1.0,-0.0005980611313134432,-66.77753329277039,2841.714309692383,-3184.742874145508,7109.79833984375,441808.1910817027,441808.1910817027,greedy,7109.79833984375,0.0,hard_fault_cluster
308,N31778,control1,-1023.7427978515625,-1023.7427978515625,7333.97216796875,73.3397216796875,107.2119140625,948.5174560546875,948.5174560546875,-53.03057098388672,63.69164276123047,128.0957489013672,12057.87890625,7099.939453125,4957.93994140625,11814.306640625,6854.763671875,4959.54345703125,0.020200258120894432,0.0345320962369442,-0.0003234237665310502,2.020025812089443,2979.4325256347656,-3232.4346923828125,7333.97216796875,449142.16324967146,449142.16324967146,greedy,7333.97216796875,0.0,hard_fault_cluster
309,N23533,control1,-1052.5150146484375,-1052.5150146484375,7552.99755859375,75.5299755859375,107.14920043945312,972.7828979492188,972.7828979492188,-54.503761291503906,67.52159881591797,131.4375,11814.361328125,6854.81884765625,4959.54296875,12510.619140625,7550.88818359375,4959.7314453125,-0.05893317237496376,-0.10154452919960022,-3.800281047006138e-05,-5.893317237496376,3075.404327392578,-3318.9310150146484,7552.99755859375,456695.1608082652,456695.1608082652,greedy,7552.99755859375,0.0,hard_fault_cluster
310,N31604,control1,-1081.30615234375,-1081.30615234375,7769.97412109375,77.6997412109375,107.969970703125,997.9219360351562,997.9219360351562,-56.19414520263672,70.70830535888672,134.6884002685547,12510.55859375,7550.82763671875,4959.7314453125,13357.720703125,8397.744140625,4959.9765625,-0.06771577149629593,-0.11216207593679428,-4.9421461881138384e-05,-6.771577149629593,3148.4815368652344,-3427.4405059814453,7769.97412109375,464465.13492935896,464465.13492935896,greedy,7769.97412109375,0.0,hard_fault_cluster
311,N32537,observe,-1110.55224609375,-1110.55224609375,7988.8486328125,79.888486328125,109.50381469726562,1023.8590698242188,1023.8590698242188,-57.9836540222168,73.53487396240234,138.11068725585938,13357.705078125,8397.728515625,4959.9765625,13357.54296875,8395.603515625,4961.939453125,1.2136019904573914e-05,0.00025304462178610265,-0.0003957459412049502,0.0012136019904573914,3214.342300415039,-3545.1884765625,7988.8486328125,472453.98356217146,472453.98356217146,greedy,7988.8486328125,0.0,hard_fault_cluster
312,N21036,control0,-1140.42578125,-1140.42578125,8211.0986328125,82.110986328125,111.57754516601562,1050.611083984375,1050.611083984375,-59.810142517089844,76.1378402709961,141.70480346679688,13357.408203125,8395.46875,4961.939453125,12695.03515625,7727.23583984375,4967.79931640625,0.04958844184875488,0.07959447056055069,-0.0011809623101726174,4.958844184875488,3280.6954650878906,-3665.5868225097656,8211.0986328125,480665.08219498396,480665.08219498396,greedy,8211.0986328125,0.0,hard_fault_cluster
313,N29849,control1,-1171.10009765625,-1171.10009765625,8437.93359375,84.3793359375,113.98980712890625,1078.2645263671875,1078.2645263671875,-61.632991790771484,78.64177703857422,145.4518585205078,12694.90234375,7727.103515625,4967.79931640625,12032.892578125,7054.58349609375,4978.30859375,0.05214768648147583,0.08703390508890152,-0.002115479437634349,5.214768648147583,3352.898941040039,-3784.2496490478516,8437.93359375,489103.01578873396,489103.01578873396,greedy,8437.93359375,0.0,hard_fault_cluster
314,N3929,observe,-1181.7880859375,-1181.7880859375,8436.8173828125,84.368173828125,130.39071655273438,1096.84912109375,1096.84912109375,-65.84222412109375,68.0959701538086,146.49803161621094,12033.0205078125,7054.7119140625,4978.30859375,5858.380859375,909.342529296875,4949.0380859375,0.5131412744522095,0.8711013793945312,0.005879608914256096,51.31412744522095,2949.444091796875,-4200.8057861328125,8436.8173828125,497539.83317154646,497539.83317154646,greedy,8436.8173828125,0.0,hard_fault_cluster
315,N31625,control1,-1218.329345703125,-1218.329345703125,8733.59765625,87.3359765625,127.664794921875,1124.65283203125,1124.65283203125,-67.08182525634766,75.73571014404297,152.14590454101562,5858.4052734375,909.3673095703125,4949.0380859375,14879.1435546875,9728.7138671875,5150.4296875,-1.0,-1.0,-0.04069307819008827,-100.0,3150.0679626464844,-4243.619903564453,8733.59765625,506273.43082779646,506273.43082779646,greedy,8733.59765625,0.0,hard_fault_cluster
316,N1742,observe,-1253.403076171875,-1253.403076171875,8988.451171875,89.88451171875,128.28988647460938,1154.275634765625,1154.275634765625,-68.7498779296875,80.23934173583984,156.40199279785156,14879.0712890625,9728.6416015625,5150.4296875,14578.484375,8676.9765625,5901.50830078125,0.020201994106173515,0.10809988528490067,-0.14582833647727966,2.0201994106173515,3267.739013671875,-4339.306091308594,8988.451171875,515261.88199967146,515261.88199967146,greedy,8988.451171875,0.0,hard_fault_cluster
317,N1752,observe,-1288.234130859375,-1288.234130859375,9241.31640625,92.4131640625,130.0281982421875,1184.8287353515625,1184.8287353515625,-70.57538604736328,83.73796844482422,160.6645050048828,14578.4921875,8676.984375,5901.50830078125,14387.12890625,7870.8154296875,6516.3134765625,0.013126411475241184,0.09290888160467148,-0.10417763143777847,1.3126411475241184,3368.6065368652344,-4451.0023193359375,9241.31640625,524503.1984059215,524503.1984059215,greedy,9241.31640625,0.0,hard_fault_cluster
318,N3974,observe,-1302.26025390625,-1302.26025390625,9275.2197265625,92.752197265625,144.97610473632812,1207.044189453125,1207.044189453125,-74.53052520751953,74.8359603881836,162.15956115722656,14387.0048828125,7870.69384765625,6516.31103515625,5622.09765625,674.0183715820312,4948.0791015625,0.6092239022254944,0.9143635034561157,0.24066253006458282,60.92239022254944,3029.211395263672,-4832.486541748047,9275.2197265625,533778.418132484,533778.418132484,greedy,9275.2197265625,0.0,hard_fault_cluster
319,N830,control1,-1342.46923828125,-1342.46923828125,9591.4658203125,95.914658203125,142.54522705078125,1238.041259765625,1238.041259765625,-76.01541900634766,82.63899993896484,168.0675506591797,5621.435546875,673.3563232421875,4948.0791015625,15559.6484375,10265.4091796875,5294.23876953125,-1.0,-1.0,-0.06995839625597,-100.0,3227.9651794433594,-4894.165130615234,9591.4658203125,543369.8839527965,543369.8839527965,greedy,9591.4658203125,0.0,hard_fault_cluster
320,N1750,observe,-1381.06396484375,-1381.06396484375,9869.2021484375,98.692021484375,143.25827026367188,1270.405029296875,1270.405029296875,-77.93121337890625,87.45174407958984,172.7008819580078,15570.078125,10276.10546875,5293.97265625,14869.2490234375,8258.251953125,6610.9970703125,0.04501127824187279,0.1963636428117752,-0.2487780898809433,4.501127824187279,3346.48583984375,-5008.219543457031,9869.2021484375,553239.086101234,553239.086101234,greedy,9869.2021484375,0.0,hard_fault_cluster
321,N1966,control0,-1419.2496337890625,-1419.2496337890625,10144.90234375,101.4490234375,145.23681640625,1303.92919921875,1303.92919921875,-80.00959014892578,91.2434310913086,177.2910919189453,14869.1298828125,8258.1376953125,6610.9921875,15877.474609375,8911.83984375,6965.634765625,-0.06781464070081711,-0.07915854454040527,-0.05364438146352768,-6.781464070081711,3447.872528076172,-5138.751129150391,10144.90234375,563383.988444984,563383.988444984,greedy,10144.90234375,0.0,hard_fault_cluster
322,N3977,control0,-1436.598388671875,-1436.598388671875,10207.90625,102.0790625,160.53164672851562,1329.7314453125,1329.7314453125,-84.00406646728516,82.8371810913086,179.42979431152344,15877.5107421875,8911.8759765625,6965.634765625,5794.609375,847.0626220703125,4947.546875,0.6350429654121399,0.904951274394989,0.2897205948829651,63.50429654121399,3137.2310485839844,-5515.997222900391,10207.90625,573591.894694984,573591.894694984,greedy,10207.90625,0.0,hard_fault_cluster
323,N1749,observe,-1480.479248046875,-1480.479248046875,10550.1015625,105.501015625,158.95330810546875,1363.929931640625,1363.929931640625,-85.74943542480469,90.74437713623047,185.92955017089844,5794.62646484375,847.07958984375,4947.546875,16061.2294921875,10806.7001953125,5254.529296875,-1.0,-1.0,-0.06204739958047867,-100.0,3339.0879516601562,-5596.4356689453125,10550.1015625,584141.996257484,584141.996257484,greedy,10550.1015625,0.0,hard_fault_cluster
324,N20936,control0,-1522.83447265625,-1522.83447265625,10853.615234375,108.53615234375,159.94378662109375,1399.5997314453125,1399.5997314453125,-87.96509552001953,95.86083221435547,191.02330017089844,16060.212890625,10805.6494140625,5254.56298828125,14527.0810546875,8138.20703125,6388.8740234375,0.09546148777008057,0.24685627222061157,-0.21587161719799042,9.546148777008057,3456.7054138183594,-5733.205810546875,10853.615234375,594995.611491859,594995.611491859,greedy,10853.615234375,0.0,hard_fault_cluster
325,N1973,control0,-1564.830322265625,-1564.830322265625,11155.9892578125,111.559892578125,162.114013671875,1436.467041015625,1436.467041015625,-90.34988403320312,99.99068450927734,196.0397491455078,14527.5341796875,8138.8232421875,6388.7109375,15448.4365234375,8696.908203125,6751.5283203125,-0.06339013576507568,-0.06857071816921234,-0.056790389120578766,-6.339013576507568,3557.4678955078125,-5886.874328613281,11155.9892578125,606151.6007496715,606151.6007496715,greedy,11155.9892578125,0.0,hard_fault_cluster
326,N3928,control1,-1586.03955078125,-1586.03955078125,11245.0771484375,112.450771484375,175.93536376953125,1465.973388671875,1465.973388671875,-94.67281341552734,92.4909896850586,198.0967254638672,15448.431640625,8696.896484375,6751.53564453125,5814.28076171875,871.1781005859375,4943.1025390625,0.6236329078674316,0.8998288512229919,0.26785507798194885,62.363290786743164,3243.7691955566406,-6289.518707275391,11245.0771484375,617396.677898109,617396.677898109,greedy,11245.0771484375,0.0,hard_fault_cluster
327,N31632,control1,-1633.97509765625,-1633.97509765625,11614.4833984375,116.144833984375,174.52777099609375,1503.83154296875,1503.83154296875,-96.7594223022461,100.74129486083984,204.9991912841797,5814.3076171875,871.2052612304688,4943.1025390625,15977.64453125,10744.501953125,5233.14306640625,-1.0,-1.0,-0.05867580696940422,-100.0,3442.3727111816406,-6396.363494873047,11614.4833984375,629011.1612965465,629011.1612965465,greedy,11614.4833984375,0.0,hard_fault_cluster
328,N946,observe,-1680.4737548828125,-1680.4737548828125,11947.6142578125,119.476142578125,176.29107666015625,1543.2353515625,1543.2353515625,-99.24539184570312,106.03719329833984,210.75726318359375,15977.501953125,10744.357421875,5233.14501953125,14166.7314453125,7930.990234375,6235.7412109375,0.11333251744508743,0.26184600591659546,-0.19158577919006348,11.333251744508743,3566.3104248046875,-6551.8267822265625,11947.6142578125,640958.775554359,640958.775554359,greedy,11947.6142578125,0.0,hard_fault_cluster
329,N3923,control0,-1705.6904296875,-1705.6904296875,12075.1162109375,120.751162109375,191.157470703125,1575.6826171875,1575.6826171875,-103.38953399658203,99.3423080444336,213.99484252929688,14166.6572265625,7930.92578125,6235.7314453125,5985.40673828125,1042.3150634765625,4943.091796875,0.5775004029273987,0.8685758709907532,0.20729559659957886,57.75004029273987,3311.845428466797,-6926.253692626953,12075.1162109375,653033.8917652965,653033.8917652965,greedy,12075.1162109375,0.0,hard_fault_cluster
330,N937,observe,-1757.0760498046875,-1757.0760498046875,12463.9580078125,124.639580078125,189.63348388671875,1616.4580078125,1616.4580078125,-105.79979705810547,107.8642807006836,221.08534240722656,5985.423828125,1042.33203125,4943.091796875,14509.8515625,9362.0634765625,5147.7880859375,-1.0,-1.0,-0.041410576552152634,-100.0,3500.436309814453,-7059.875701904297,12463.9580078125,665497.849773109,665497.849773109,greedy,12463.9580078125,0.0,hard_fault_cluster
331,N3995,control0,-1788.0418701171875,-1788.0418701171875,12638.38671875,126.3838671875,200.8057861328125,1651.697265625,1651.697265625,-109.75318145751953,104.5046615600586,224.68605041503906,14509.7451171875,9361.95703125,5147.7880859375,7479.708984375,2536.5927734375,4943.1162109375,0.48450446128845215,0.7290531396865845,0.03975918889045715,48.450446128845215,3314.765838623047,-7402.797149658203,12638.38671875,678136.236491859,678136.236491859,greedy,12638.38671875,0.0,hard_fault_cluster
332,N948,observe,-1841.8255615234375,-1841.8255615234375,13042.1474609375,130.421474609375,200.4808349609375,1694.2999267578125,1694.2999267578125,-112.3132553100586,112.7015609741211,232.30723571777344,7479.7509765625,2536.635009765625,4943.1162109375,13323.130859375,8292.267578125,5030.86328125,-0.7812265157699585,-1.0,-0.017751367762684822,-78.12265157699585,3505.121856689453,-7547.213684082031,13042.1474609375,691178.3839527965,691178.3839527965,greedy,13042.1474609375,0.0,hard_fault_cluster
333,N3998,control0,-1875.3072509765625,-1875.3072509765625,13230.9794921875,132.309794921875,209.99310302734375,1731.610595703125,1731.610595703125,-116.6053695678711,110.1826400756836,235.55491638183594,13323.025390625,8292.162109375,5030.86328125,7735.658203125,2794.655029296875,4941.0029296875,0.41937676072120667,0.6629762649536133,0.01786181516945362,41.93767607212067,3302.0531311035156,-7919.889434814453,13230.9794921875,704409.363444984,704409.363444984,greedy,13230.9794921875,0.0,hard_fault_cluster
334,N942,observe,-1931.447509765625,-1931.447509765625,13650.6728515625,136.506728515625,209.52001953125,1776.2257080078125,1776.2257080078125,-119.39749908447266,118.60176849365234,243.40379333496094,7735.70068359375,2794.69775390625,4941.0029296875,12672.05078125,7679.828125,4992.22314453125,-0.6381257772445679,-1.0,-0.01036635972559452,-63.81257772445679,3487.148651123047,-8083.0252685546875,13650.6728515625,718060.0362965465,718060.0362965465,greedy,13650.6728515625,0.0,hard_fault_cluster
335,N947,observe,-1986.2003173828125,-1986.2003173828125,14041.248046875,140.41248046875,212.17266845703125,1822.593017578125,1822.593017578125,-122.4496078491211,124.57064056396484,250.34634399414062,12672.037109375,7679.81396484375,4992.22314453125,11600.3837890625,6539.3525390625,5061.03125,0.08456835150718689,0.1485011726617813,-0.01378305908292532,8.456835150718689,3618.8802795410156,-8279.000518798828,14041.248046875,732101.2843434215,732101.2843434215,greedy,14041.248046875,0.0,hard_fault_cluster
336,N3908,control0,-2021.8951416015625,-2021.8951416015625,14249.576171875,142.49576171875,224.79150390625,1863.3486328125,1863.3486328125,-127.14517974853516,120.38961029052734,254.2216033935547,11600.318359375,6539.287109375,5061.03125,6967.443359375,2030.2901611328125,4937.1533203125,0.3993748128414154,0.689524233341217,0.02447681501507759,39.93748128414154,3398.4068298339844,-8686.28677368164,14249.576171875,746350.8605152965,746350.8605152965,greedy,14249.576171875,0.0,hard_fault_cluster
337,N945,observe,-2081.12744140625,-2081.12744140625,14692.7041015625,146.927041015625,225.1962890625,1911.6611328125,1911.6611328125,-130.32733154296875,128.67752075195312,262.446044921875,6967.4765625,2030.322998046875,4937.1533203125,12978.4306640625,7938.05126953125,5040.37939453125,-0.8627160787582397,-1.0,-0.020908014848828316,-86.27160787582397,3571.632080078125,-8881.641845703125,14692.7041015625,761043.564616859,761043.564616859,greedy,14692.7041015625,0.0,hard_fault_cluster
338,N32540,observe,-2139.572021484375,-2139.572021484375,15108.314453125,151.08314453125,228.41448974609375,1961.86083984375,1961.86083984375,-133.73130798339844,134.65536499023438,269.7792663574219,12978.466796875,7938.08837890625,5040.37890625,11760.072265625,6596.56103515625,5163.5107421875,0.09387815743684769,0.16899879276752472,-0.0244290828704834,9.387815743684769,3697.0444946289062,-9105.586975097656,15108.314453125,776151.879069984,776151.879069984,greedy,15108.314453125,0.0,hard_fault_cluster
339,N3646,observe,-2198.02099609375,-2198.02099609375,15527.6005859375,155.276005859375,232.79254150390625,2013.607177734375,2013.607177734375,-137.40159606933594,139.67929077148438,277.04296875,11759.9892578125,6596.478515625,5163.5107421875,11407.103515625,6230.9501953125,5176.15283203125,0.030007317662239075,0.055412646383047104,-0.002448351588100195,3.0007317662239075,3801.0481567382812,-9354.857666015625,15527.6005859375,791679.4796559215,791679.4796559215,greedy,15527.6005859375,0.0,hard_fault_cluster
340,N936,observe,-2257.454345703125,-2257.454345703125,15954.6650390625,159.546650390625,237.84539794921875,2066.950439453125,2066.950439453125,-141.23919677734375,144.34658813476562,284.4013977050781,11407.126953125,6230.97265625,5176.154296875,11413.2890625,6270.81640625,5142.47216796875,-0.0005401981761679053,-0.006394467316567898,0.006507172714918852,-0.05401981761679053,3897.69580078125,-9618.515808105469,15954.6650390625,807634.144694984,807634.144694984,greedy,15954.6650390625,0.0,hard_fault_cluster
341,N3653,observe,-2318.29248046875,-2318.29248046875,16391.107421875,163.91107421875,243.34771728515625,2121.921142578125,2121.921142578125,-145.16592407226562,148.90188598632812,291.9421691894531,11413.26953125,6270.7978515625,5142.47119140625,11357.2021484375,6256.306640625,5100.8955078125,0.004912473261356354,0.0023109037429094315,0.008084767498075962,0.4912473261356354,3996.4361572265625,-9888.335266113281,16391.107421875,824025.252116859,824025.252116859,greedy,16391.107421875,0.0,hard_fault_cluster
342,N940,observe,-2380.709228515625,-2380.709228515625,16837.673828125,168.37673828125,249.2220458984375,2178.535400390625,2178.535400390625,-149.1872100830078,153.42630004882812,299.7239074707031,11357.2421875,6256.34423828125,5100.8974609375,10914.669921875,5842.63623046875,5072.033203125,0.0389682874083519,0.06612616032361984,0.005658662412315607,3.89682874083519,4097.488220214844,-10164.668701171875,16837.673828125,840862.925944984,840862.925944984,greedy,16837.673828125,0.0,hard_fault_cluster
343,N2483,observe,-2444.7841796875,-2444.7841796875,17294.662109375,172.94662109375,255.431640625,2236.777099609375,2236.777099609375,-153.31968688964844,157.92752075195312,307.7230529785156,10914.583984375,5842.55224609375,5072.0322265625,10849.2509765625,5764.7958984375,5084.455078125,0.0059858448803424835,0.013308626599609852,-0.0024492847733199596,0.5985844880342484,4199.470520019531,-10449.10888671875,17294.662109375,858157.588054359,858157.588054359,greedy,17294.662109375,0.0,hard_fault_cluster
344,N954,observe,-2510.58251953125,-2510.58251953125,17763.03515625,177.6303515625,261.8798828125,2296.68310546875,2296.68310546875,-157.56634521484375,162.47616577148438,315.9354248046875,10849.3720703125,5764.91552734375,5084.45654296875,10851.896484375,5734.75390625,5117.14208984375,-0.00023267835786100477,0.005231927614659071,-0.006428522989153862,-0.023267835786100477,4303.083740234375,-10741.704956054688,17763.03515625,875920.623210609,875920.623210609,greedy,17763.03515625,0.0,hard_fault_cluster
345,N2502,observe,-2578.17138671875,-2578.17138671875,18243.39453125,182.4339453125,268.62255859375,2358.2734375,2358.2734375,-161.90757751464844,167.07351684570312,324.38360595703125,10851.7578125,5734.6181640625,5117.1396484375,10843.4677734375,5680.1552734375,5163.3125,0.0007639351533725858,0.009497213177382946,-0.009023175574839115,0.07639351533725858,4410.910217285156,-11040.340759277344,18243.39453125,894164.017741859,894164.017741859,greedy,18243.39453125,0.0,hard_fault_cluster
346,N939,observe,-2647.585205078125,-2647.585205078125,18736.2734375,187.362734375,275.62103271484375,2421.594482421875,2421.594482421875,-166.3545684814453,171.74081420898438,333.0782165527344,10843.609375,5680.29296875,5163.31591796875,10806.369140625,5586.69140625,5219.677734375,0.00343430251814425,0.016478298231959343,-0.010915817692875862,0.343430251814425,4522.411071777344,-11345.989868164062,18736.2734375,912900.291179359,912900.291179359,greedy,18736.2734375,0.0,hard_fault_cluster
347,N3618,observe,-2718.886962890625,-2718.886962890625,19242.09765625,192.4209765625,282.87445068359375,2486.6611328125,2486.6611328125,-170.90074157714844,176.49801635742188,342.0146789550781,10806.1552734375,5586.486328125,5219.6689453125,10846.158203125,5555.40185546875,5290.7568359375,-0.0037018652074038982,0.00556422583758831,-0.01361923385411501,-0.3701865207403898,4638.684631347656,-11657.884460449219,19242.09765625,932142.388835609,932142.388835609,greedy,19242.09765625,0.0,hard_fault_cluster
348,N22096,control1,-2792.13720703125,-2792.13720703125,19761.455078125,197.61455078125,290.36810302734375,2553.533935546875,2553.533935546875,-175.54833984375,181.35635375976562,351.2029113769531,10846.498046875,5555.7255859375,5290.77197265625,11070.611328125,5696.13818359375,5374.4736328125,-0.020662270486354828,-0.02527349442243576,-0.01582031138241291,-2.066227048635483,4760.155029296875,-11976.086730957031,19761.455078125,951903.843913734,951903.843913734,greedy,19761.455078125,0.0,hard_fault_cluster
349,N941,observe,-2867.347900390625,-2867.347900390625,20294.5859375,202.945859375,298.09210205078125,2622.24560546875,2622.24560546875,-180.31736755371094,186.31997680664062,360.6468811035156,11070.501953125,5696.0244140625,5374.4775390625,11327.568359375,5842.47607421875,5485.09228515625,-0.023220844566822052,-0.02571120671927929,-0.02058148756623268,-2.322084456682205,4885.094787597656,-12302.528869628906,20294.5859375,972198.429851234,972198.429851234,greedy,20294.5859375,0.0,hard_fault_cluster
350,N955,observe,-2944.587890625,-2944.587890625,20841.91796875,208.4191796875,306.0447998046875,2692.833251953125,2692.833251953125,-185.2037811279297,191.40164184570312,370.3510437011719,11327.5458984375,5842.4619140625,5485.083984375,11769.576171875,6151.279296875,5618.29736328125,-0.039022598415613174,-0.052857406437397,-0.024286478757858276,-3.9022598415613174,5014.373107910156,-12636.690307617188,20841.91796875,993040.347819984,993040.347819984,greedy,20841.91796875,0.0,hard_fault_cluster
351,N3632,observe,-3023.91552734375,-3023.91552734375,21403.765625,214.03765625,314.22528076171875,2765.32568359375,2765.32568359375,-190.21189880371094,196.60861206054688,380.3121032714844,11769.1962890625,6150.9736328125,5618.22265625,12360.162109375,6573.802734375,5786.35888671875,-0.050212930887937546,-0.0687418133020401,-0.02992694266140461,-5.021293088793755,5147.901428222656,-12978.917053222656,21403.765625,1014444.113444984,1014444.113444984,greedy,21403.765625,0.0,hard_fault_cluster
352,N956,observe,-3105.383544921875,-3105.383544921875,21980.875,219.80875,322.64886474609375,2839.798583984375,2839.798583984375,-195.3491973876953,201.94674682617188,390.5582275390625,12360.560546875,6574.119140625,5786.44140625,12912.1875,6961.4013671875,5950.7861328125,-0.04462798684835434,-0.05891013145446777,-0.0284016914665699,-4.462798684835434,5285.753845214844,-13329.751342773438,21980.875,1036424.988444984,1036424.988444984,greedy,21980.875,0.0,hard_fault_cluster
353,N3547,observe,-3189.052490234375,-3189.052490234375,22573.291015625,225.73291015625,331.30426025390625,2916.2724609375,2916.2724609375,-200.61993408203125,207.42141723632812,401.0703430175781,12911.6328125,6961.0048828125,5950.6279296875,13577.447265625,7415.08349609375,6162.36376953125,-0.05156702175736427,-0.06523176282644272,-0.03558209910988808,-5.156702175736427,5427.570068359375,-13689.6025390625,22573.291015625,1058998.279460609,1058998.279460609,greedy,22573.291015625,0.0,hard_fault_cluster
354,N2369,observe,-3274.976318359375,-3274.976318359375,23181.671875,231.81671875,340.20758056640625,2994.814208984375,2994.814208984375,-206.02821350097656,213.03713989257812,411.8708190917969,13577.6435546875,7415.248046875,6162.3955078125,14237.376953125,7855.5419921875,6381.8349609375,-0.04858968406915665,-0.059376832097768784,-0.03560943901538849,-4.858968406915665,5573.664733886719,-14058.699829101562,23181.671875,1082179.951335609,1082179.951335609,greedy,23181.671875,0.0,hard_fault_cluster
355,N32564,observe,-3363.233154296875,-3363.233154296875,23806.6015625,238.066015625,349.35882568359375,3075.488525390625,3075.488525390625,-211.5756072998047,218.80752563476562,422.9681396484375,14237.6640625,7855.814453125,6381.849609375,14718.2275390625,8190.125,6528.1025390625,-0.03375297039747238,-0.042555809020996094,-0.022917013615369797,-3.375297039747238,5724.529357910156,-14437.038208007812,23806.6015625,1105986.552898109,1105986.552898109,greedy,23806.6015625,0.0,hard_fault_cluster
356,N2388,observe,-3453.8515625,-3453.8515625,24448.076171875,244.48076171875,358.75347900390625,3158.32763671875,3158.32763671875,-217.2755889892578,224.72171020507812,434.3558654785156,14717.8828125,8189.8369140625,6528.04541015625,15527.3779296875,8709.24609375,6818.1318359375,-0.05500078573822975,-0.06342118978500366,-0.044436950236558914,-5.500078573822975,5878.844909667969,-14825.957946777344,24448.076171875,1130434.629069984,1130434.629069984,greedy,24448.076171875,0.0,hard_fault_cluster
357,N32515,observe,-3546.919921875,-3546.919921875,25107.150390625,251.07150390625,368.40692138671875,3243.421630859375,3243.421630859375,-223.12570190429688,230.80203247070312,446.0661926269531,15527.4169921875,8709.33203125,6818.0849609375,15984.2841796875,9015.484375,6968.7998046875,-0.02942325733602047,-0.035152219235897064,-0.022105157375335693,-2.942325733602047,6038.0018310546875,-15224.927185058594,25107.150390625,1155541.779460609,1155541.779460609,greedy,25107.150390625,0.0,hard_fault_cluster
358,N3583,observe,-3642.480712890625,-3642.480712890625,25783.583984375,257.83583984375,378.32293701171875,3330.788330078125,3330.788330078125,-229.13406372070312,237.03433227539062,458.0763854980469,15983.841796875,9015.15234375,6968.689453125,16834.255859375,9481.08203125,7353.173828125,-0.05320461094379425,-0.05168295279145241,-0.0551731251180172,-5.320461094379425,6200.9659423828125,-15634.813293457031,25783.583984375,1181325.363444984,1181325.363444984,greedy,25783.583984375,0.0,hard_fault_cluster
359,N32535,observe,-3740.63427734375,-3740.63427734375,26478.640625,264.78640625,388.50531005859375,3420.532958984375,3420.532958984375,-235.30078125,243.44644165039062,470.4265441894531,16834.68359375,9481.41796875,7353.2666015625,17205.322265625,9662.494140625,7542.828125,-0.02201637253165245,-0.019098006188869476,-0.025779226794838905,-2.201637253165245,6369.095458984375,-16055.284729003906,26478.640625,1207804.004069984,1207804.004069984,greedy,26478.640625,0.0,hard_fault_cluster
360,N47249,observe,-3841.40771484375,-3841.40771484375,27191.93359375,271.9193359375,398.96575927734375,3512.669921875,3512.669921875,-241.63575744628906,250.01406860351562,483.0922546386719,17214.587890625,9666.7666015625,7547.82177734375,18215.7109375,10127.4296875,8088.28125,-0.05815550312399864,-0.04765430837869644,-0.07160469144582748,-5.815550312399864,6541.027770996094,-16487.424865722656,27191.93359375,1234995.937663734,1234995.937663734,greedy,27191.93359375,0.0,hard_fault_cluster
361,N2559,observe,-3944.89697265625,-3944.89697265625,27924.49609375,279.2449609375,409.71258544921875,3607.286865234375,3607.286865234375,-248.1385955810547,256.7610168457031,496.1039123535156,18204.353515625,10122.681640625,8081.671875,19018.23046875,10429.08203125,8589.1474609375,-0.04470781981945038,-0.030268697068095207,-0.06279338896274567,-4.470781981945038,6717.923400878906,-16930.913818359375,27924.49609375,1262920.433757484,1262920.433757484,greedy,27924.49609375,0.0,hard_fault_cluster
362,N23967,observe,-4051.20166015625,-4051.20166015625,28677.224609375,286.77224609375,420.74371337890625,3704.481689453125,3704.481689453125,-254.81382751464844,263.7052307128906,509.4801025390625,19019.44921875,10429.77734375,8589.6708984375,18850.826171875,10309.568359375,8541.2578125,0.008865822106599808,0.011525556445121765,0.005636197980493307,0.8865822106599808,6900.323547363281,-17385.956176757812,28677.224609375,1291597.658366859,1291597.658366859,greedy,28677.224609375,0.0,hard_fault_cluster
363,N3562,observe,-4160.33642578125,-4160.33642578125,29449.658203125,294.49658203125,432.07769775390625,3804.261962890625,3804.261962890625,-261.672607421875,270.8127746582031,523.19873046875,18849.369140625,10308.7421875,8540.626953125,19650.71484375,10603.88671875,9046.8271484375,-0.042513132095336914,-0.028630508109927177,-0.059269677847623825,-4.251313209533691,7086.659423828125,-17853.780700683594,29449.658203125,1321047.316569984,1321047.316569984,greedy,29449.658203125,0.0,hard_fault_cluster
364,N32543,observe,-4272.451171875,-4272.451171875,30243.388671875,302.43388671875,443.71783447265625,3906.749267578125,3906.749267578125,-268.710205078125,278.1338195800781,537.3009033203125,19651.19921875,10604.2255859375,9046.974609375,19557.5546875,10493.537109375,9064.017578125,0.004765334073454142,0.010438147932291031,-0.0018838307587429881,0.47653340734541416,7279.117431640625,-18333.48602294922,30243.388671875,1351290.705241859,1351290.705241859,greedy,30243.388671875,0.0,hard_fault_cluster
365,N2160,observe,-4387.53857421875,-4387.53857421875,31057.962890625,310.57962890625,455.67413330078125,4011.973876953125,4011.973876953125,-275.945556640625,285.6233215332031,551.7708129882812,19557.466796875,10493.3974609375,9064.0693359375,20114.5625,10639.8046875,9474.7587890625,-0.028485065326094627,-0.013952318578958511,-0.04530961066484451,-2.8485065326094627,7475.381103515625,-18827.07147216797,31057.962890625,1382348.668132484,1382348.668132484,greedy,31057.962890625,0.0,hard_fault_cluster
366,N2407,observe,-4505.7294921875,-4505.7294921875,31894.591796875,318.94591796875,467.95343017578125,4120.029296875,4120.029296875,-283.3744201660156,293.3219299316406,566.6336669921875,20114.56640625,10639.7958984375,9474.76953125,20409.89453125,10687.39453125,9722.5,-0.014682301320135593,-0.004473641514778137,-0.026146331802010536,-1.4682301320135593,7677.1790771484375,-19333.786743164062,31894.591796875,1414243.259929359,1414243.259929359,greedy,31894.591796875,0.0,hard_fault_cluster
367,N2122,observe,-4627.10498046875,-4627.10498046875,32753.76171875,327.5376171875,480.56134033203125,4230.9912109375,4230.9912109375,-291.00372314453125,301.2311096191406,581.8970336914062,20409.837890625,10687.34375,9722.494140625,20530.046875,10690.1875,9839.859375,-0.0058897570706903934,-0.00026608575717546046,-0.012071515433490276,-0.5889757070690393,7884.380615234375,-19854.18408203125,32753.76171875,1446997.021648109,1446997.021648109,greedy,32753.76171875,0.0,hard_fault_cluster
368,N31698,control1,-4751.76904296875,-4751.76904296875,33636.33984375,336.3633984375,493.49212646484375,4344.953125,4344.953125,-298.8367919921875,309.3690490722656,597.5706787109375,20530.96484375,10690.677734375,9840.2861328125,20421.927734375,10639.69140625,9782.236328125,0.0053108613938093185,0.004769232589751482,0.005899198818951845,0.5310861393809319,8097.61376953125,-20388.35595703125,33636.33984375,1480633.361491859,1480633.361491859,greedy,33636.33984375,0.0,hard_fault_cluster
369,N31693,control1,-4879.78759765625,-4879.78759765625,34542.6328125,345.426328125,506.77691650390625,4461.986328125,4461.986328125,-306.88055419921875,317.7200012207031,613.6671752929688,20421.76953125,10639.587890625,9782.181640625,20145.3515625,10541.634765625,9603.716796875,0.013535456731915474,0.009206477552652359,0.01824386976659298,1.3535456731915474,8316.563720703125,-20936.900634765625,34542.6328125,1515175.994304359,1515175.994304359,greedy,34542.6328125,0.0,hard_fault_cluster
370,N2426,observe,-5011.22607421875,-5011.22607421875,35473.04296875,354.7304296875,520.4324340820312,4582.1552734375,4582.1552734375,-315.14385986328125,326.2785949707031,630.1954345703125,20144.642578125,10541.25,9603.392578125,20141.546875,10522.4970703125,9619.05078125,0.00015367376909125596,0.001779004349373281,-0.0016304865712299943,0.015367376909125596,8540.812255859375,-21500.58642578125,35473.04296875,1550649.037273109,1550649.037273109,greedy,35473.04296875,0.0,hard_fault_cluster
371,N23953,observe,-5146.23779296875,-5146.23779296875,36429.015625,364.29015625,534.4314575195312,4705.587890625,4705.587890625,-323.62921142578125,335.0971984863281,647.1787109375,20142.5078125,10522.9921875,9619.5166015625,19750.546875,10340.033203125,9410.5146484375,0.01945939101278782,0.01738659292459488,0.02172686718404293,1.945939101278782,8771.682373046875,-22079.270263671875,36429.015625,1587078.052898109,1587078.052898109,greedy,36429.015625,0.0,hard_fault_cluster
372,N2464,observe,-5284.84619140625,-5284.84619140625,37410.19140625,374.1019140625,548.8355102539062,4832.31640625,4832.31640625,-332.3453369140625,344.1206359863281,664.6071166992188,19749.609375,10339.5205078125,9410.08984375,20061.0859375,10471.208984375,9589.8759765625,-0.015771277248859406,-0.012736420147120953,-0.01910567656159401,-1.5771277248859406,9007.97412109375,-22673.90673828125,37410.19140625,1624488.244304359,1624488.244304359,greedy,37410.19140625,0.0,hard_fault_cluster
373,N2445,observe,-5427.193359375,-5427.193359375,38417.88671875,384.1788671875,563.6138305664062,4962.4521484375,4962.4521484375,-341.2951354980469,353.3982238769531,682.5062255859375,20061.078125,10471.19921875,9589.8798828125,20152.05078125,10503.15625,9648.8955078125,-0.004534784238785505,-0.0030518979765474796,-0.00615394813939929,-0.45347842387855053,9250.825317382812,-23284.428833007812,38417.88671875,1662906.131023109,1662906.131023109,greedy,38417.88671875,0.0,hard_fault_cluster
374,N921,observe,-5573.40283203125,-5573.40283203125,39453.08984375,394.5308984375,578.7561645507812,5096.123046875,5096.123046875,-350.4876708984375,362.9512023925781,700.892333984375,20152.861328125,10503.4716796875,9649.3896484375,19930.77734375,10389.1123046875,9541.666015625,0.011019973084330559,0.010887769050896168,0.011163776740431786,1.1019973084330559,9500.44580078125,-23911.4638671875,39453.08984375,1702359.220866859,1702359.220866859,greedy,39453.08984375,0.0,hard_fault_cluster
375,N2331,observe,-5723.51220703125,-5723.51220703125,40515.7265625,405.157265625,594.3574829101562,5233.36474609375,5233.36474609375,-359.92578125,372.7250061035156,719.768798828125,19929.91796875,10388.7587890625,9541.16015625,20131.87890625,10488.380859375,9643.498046875,-0.010133556090295315,-0.00958941038697958,-0.010725937783718109,-1.0133556090295315,9756.51318359375,-24555.305297851562,40515.7265625,1742874.947429359,1742874.947429359,greedy,40515.7265625,0.0,hard_fault_cluster
376,N959,observe,-5877.69384765625,-5877.69384765625,41607.4296875,416.074296875,610.3401489257812,5374.32861328125,5374.32861328125,-369.618896484375,382.7927551269531,739.161865234375,20132.109375,10488.4267578125,9643.681640625,19887.23046875,10375.544921875,9511.6845703125,0.012163599021732807,0.010762513615190983,0.013687415048480034,1.2163599021732807,10019.86865234375,-25216.450073242188,41607.4296875,1784482.377116859,1784482.377116859,greedy,41607.4296875,0.0,hard_fault_cluster
377,N45180,control1,-6036.0048828125,-6036.0048828125,42728.2421875,427.282421875,626.7880249023438,5519.06494140625,5519.06494140625,-379.57275390625,393.1048889160156,759.0701904296875,19899.529296875,10378.244140625,9521.28515625,19982.25,10511.392578125,9470.857421875,-0.004156917799264193,-0.012829572893679142,0.005296315997838974,-0.41569177992641926,10290.03173828125,-25895.448608398438,42728.2421875,1827210.619304359,1827210.619304359,greedy,42728.2421875,0.0,hard_fault_cluster
378,N55319,control1,-6198.58544921875,-6198.58544921875,43879.30078125,438.7930078125,643.6737670898438,5667.701171875,5667.701171875,-389.79388427734375,403.7015686035156,779.5176391601562,19977.33203125,10510.1640625,9467.1669921875,19806.3046875,10498.2958984375,9308.0078125,0.008561070077121258,0.001129208249039948,0.01681170053780079,0.8561070077121258,10567.613525390625,-26592.637939453125,43879.30078125,1871089.920085609,1871089.920085609,greedy,43879.30078125,0.0,hard_fault_cluster
379,N2539,observe,-6365.5361328125,-6365.5361328125,45061.1640625,450.611640625,661.0151977539062,5820.333984375,5820.333984375,-400.29071044921875,414.5813293457031,800.5133056640625,19799.34765625,10496.76953125,9302.5771484375,19918.234375,10478.14453125,9440.0888671875,-0.006004577502608299,0.0017743554199114442,-0.01478211022913456,-0.6004577502608299,10852.427001953125,-27308.696533203125,45061.1640625,1916151.084148109,1916151.084148109,greedy,45061.1640625,0.0,hard_fault_cluster
380,N2350,observe,-6536.98291015625,-6536.98291015625,46274.875,462.74875,678.8157348632812,5977.0732421875,5977.0732421875,-411.07073974609375,425.7585754394531,822.0712890625,19918.35546875,10478.212890625,9440.142578125,20077.3046875,10513.705078125,9563.6005859375,-0.007980037480592728,-0.003387236734852195,-0.01307798083871603,-0.7980037480592728,11144.874267578125,-28044.0869140625,46274.875,1962425.959148109,1962425.959148109,greedy,46274.875,0.0,hard_fault_cluster
381,N46737,control0,-6713.041015625,-6713.041015625,47521.23828125,475.2123828125,697.0942993164062,6138.0283203125,6138.0283203125,-422.14373779296875,437.2334289550781,844.20751953125,20083.841796875,10514.498046875,9569.34375,20676.0390625,10763.83984375,9912.19921875,-0.02948625385761261,-0.02371409349143505,-0.035828523337841034,-2.948625385761261,11444.892822265625,-28799.55712890625,47521.23828125,2009947.197429359,2009947.197429359,greedy,47521.23828125,0.0,hard_fault_cluster
382,N26206,control1,-6893.86865234375,-6893.86865234375,48801.46484375,488.0146484375,715.8543090820312,6303.3349609375,6303.3349609375,-433.5079040527344,449.0361633300781,866.9465942382812,20668.84375,10762.888671875,9905.9560546875,20277.94921875,10576.7646484375,9701.18359375,0.018912259489297867,0.017293129116296768,0.020671650767326355,1.8912259489297867,11754.009399414062,-29574.590454101562,48801.46484375,2058748.662273109,2058748.662273109,greedy,48801.46484375,0.0,hard_fault_cluster
383,N55492,control0,-7079.53173828125,-7079.53173828125,50115.78515625,501.1578515625,735.1365356445312,6473.0771484375,6473.0771484375,-445.18487548828125,461.1308898925781,890.291259765625,20278.037109375,10576.654296875,9701.3828125,20830.833984375,10818.03515625,10012.798828125,-0.02726086787879467,-0.022822042927145958,-0.032100167125463486,-2.726086787879467,12070.374755859375,-30371.27197265625,50115.78515625,2108864.447429359,2108864.447429359,greedy,50115.78515625,0.0,hard_fault_cluster
384,N26209,control1,-7270.2314453125,-7270.2314453125,51465.8671875,514.658671875,754.9236450195312,6647.40625,6647.40625,-457.16876220703125,473.5752258300781,914.2698974609375,20830.70703125,10818.103515625,10012.603515625,20282.5,10568.8623046875,9713.63671875,0.026317255571484566,0.02303927019238472,0.029859047383069992,2.6317255571484566,12396.397216796875,-31188.557861328125,51465.8671875,2160330.314616859,2160330.314616859,greedy,51465.8671875,0.0,hard_fault_cluster
385,N1397,observe,-7466.07421875,-7466.07421875,52852.3359375,528.523359375,775.2276000976562,6826.44140625,6826.44140625,-469.47418212890625,486.3625793457031,938.89208984375,20283.794921875,10569.07421875,9714.720703125,19677.615234375,10318.99609375,9358.619140625,0.029884925112128258,0.023661307990550995,0.03665587306022644,2.9884925112128258,12731.359130859375,-32027.723876953125,52852.3359375,2213182.650554359,2213182.650554359,greedy,52852.3359375,0.0,hard_fault_cluster
386,N21196,control1,-7667.166015625,-7667.166015625,54275.96484375,542.7596484375,796.1155395507812,7010.2822265625,7010.2822265625,-482.113525390625,499.4692687988281,964.1807250976562,19676.513671875,10318.8271484375,9357.6865234375,19718.291015625,10360.892578125,9357.3984375,-0.0021232087165117264,-0.004076570738106966,3.078602094319649e-05,-0.21232087165117264,13074.89453125,-32889.790771484375,54275.96484375,2267458.615398109,2267458.615398109,greedy,54275.96484375,0.0,hard_fault_cluster
387,N12786,observe,-7873.6953125,-7873.6953125,55738.1484375,557.381484375,817.5554809570312,7199.087890625,7199.087890625,-495.0892639160156,512.941650390625,990.1549072265625,19719.01953125,10361.341796875,9357.6767578125,19251.6015625,10180.81640625,9070.78515625,0.023703915998339653,0.017422974109649658,0.0306584220379591,2.3703915998339653,13428.309936523438,-33774.61730957031,55738.1484375,2323196.763835609,2323196.763835609,greedy,55738.1484375,0.0,hard_fault_cluster
388,N26203,control1,-8085.7607421875,-8085.7607421875,57239.4609375,572.394609375,839.5750122070312,7392.962890625,7392.962890625,-508.4205017089844,526.763916015625,1016.8209228515625,19250.701171875,10180.240234375,9070.4609375,19382.873046875,10265.47265625,9117.400390625,-0.006865821313112974,-0.008372338488698006,-0.005174980033189058,-0.6865821313112974,13790.373657226562,-34683.94421386719,57239.4609375,2380436.224773109,2380436.224773109,greedy,57239.4609375,0.0,hard_fault_cluster
389,N917,observe,-8303.5498046875,-8303.5498046875,58781.4140625,587.814140625,862.1555786132812,7592.08154296875,7592.08154296875,-522.1122436523438,540.9775390625,1044.2086181640625,19383.744140625,10265.802734375,9117.94140625,18955.39453125,10097.271484375,8858.123046875,0.022098394110798836,0.0164167620241642,0.028495287522673607,2.2098394110798836,14162.271240234375,-35617.85046386719,58781.4140625,2439217.638835609,2439217.638835609,greedy,58781.4140625,0.0,hard_fault_cluster
390,N26200,control1,-8527.185546875,-8527.185546875,60364.6875,603.646875,885.3821411132812,7796.53515625,7796.53515625,-536.1707153320312,555.55224609375,1072.33154296875,18954.525390625,10096.900390625,8857.625,19155.533203125,10204.490234375,8951.04296875,-0.010604740120470524,-0.010655730031430721,-0.010546616278588772,-1.0604740120470524,14544.151123046875,-36576.765869140625,60364.6875,2499582.326335609,2499582.326335609,greedy,60364.6875,0.0,hard_fault_cluster
391,N918,observe,-8756.8583984375,-8756.8583984375,61990.7890625,619.907890625,909.2090454101562,8006.51806640625,8006.51806640625,-550.6094360351562,570.53759765625,1101.216796875,19156.2109375,10204.763671875,8951.4462890625,18856.41015625,10080.08203125,8776.328125,0.015650317072868347,0.012217984534800053,0.019563114270567894,1.5650317072868347,14936.363525390625,-37561.61682128906,61990.7890625,2561573.115398109,2561573.115398109,greedy,61990.7890625,0.0,hard_fault_cluster
392,N26212,control1,-8992.6982421875,-8992.6982421875,63660.47265625,636.6047265625,933.7022094726562,8222.1318359375,8222.1318359375,-565.4359130859375,585.907958984375,1130.8759765625,18855.7109375,10079.76171875,8775.9501953125,19066.80078125,10191.970703125,8874.8310546875,-0.011195008642971516,-0.011132107116281986,-0.011267254129052162,-1.1195008642971516,15339.01318359375,-38572.940185546875,63660.47265625,2625233.588054359,2625233.588054359,greedy,63660.47265625,0.0,hard_fault_cluster
393,N920,observe,-9234.908203125,-9234.908203125,65375.3203125,653.753203125,958.8252563476562,8443.5751953125,8443.5751953125,-580.6625366210938,601.71044921875,1161.3358154296875,19067.396484375,10192.224609375,8875.171875,18790.044921875,10073.375,8716.669921875,0.014545854181051254,0.011660811491310596,0.01785902865231037,1.4545854181051254,15752.641845703125,-39611.52978515625,65375.3203125,2690608.908366859,2690608.908366859,greedy,65375.3203125,0.0,hard_fault_cluster
394,N1402,observe,-9483.64453125,-9483.64453125,67136.265625,671.36265625,984.6423950195312,8670.9697265625,8670.9697265625,-596.2949829101562,617.932373046875,1192.6134033203125,18790.37109375,10073.2763671875,8717.095703125,18755.44921875,10068.982421875,8686.466796875,0.0018584984354674816,0.00042627096991054714,0.0035136595834046602,0.18584984354674816,16177.737060546875,-40677.689453125,67136.265625,2757745.173991859,2757745.173991859,greedy,67136.265625,0.0,hard_fault_cluster
395,N26182,control1,-9739.0537109375,-9739.0537109375,68944.484375,689.44484375,1011.1694946289062,8904.4736328125,8904.4736328125,-612.3519897460938,634.57666015625,1224.7313232421875,18754.44921875,10068.7587890625,8685.689453125,18977.701171875,10188.361328125,8789.33984375,-0.011903946287930012,-0.01187857799232006,-0.011933467350900173,-1.1903946287930012,16613.759033203125,-41772.95947265625,68944.484375,2826689.658366859,2826689.658366859,greedy,68944.484375,0.0,hard_fault_cluster
396,N919,observe,-10001.3583984375,-10001.3583984375,70801.59375,708.0159375,1038.3802490234375,9144.2861328125,9144.2861328125,-628.8423461914062,651.690673828125,1257.7200927734375,18978.248046875,10188.591796875,8789.65625,18729.41015625,10076.8828125,8652.5263671875,0.013111742213368416,0.010964124463498592,0.015601279214024544,1.3111742213368416,17061.645263671875,-42897.7646484375,70801.59375,2897491.252116859,2897491.252116859,greedy,70801.59375,0.0,hard_fault_cluster
397,N1398,observe,-10270.728515625,-10270.728515625,72708.6640625,727.086640625,1066.3399658203125,9390.55078125,9390.55078125,-645.7733764648438,669.2568359375,1291.59375,18729.7890625,10076.7685546875,8653.01953125,18720.765625,10080.92578125,8639.8408203125,0.0004817692970391363,-0.00041255552787333727,0.001523018698208034,0.04817692970391363,17521.877197265625,-44052.533935546875,72708.6640625,2970199.916179359,2970199.916179359,greedy,72708.6640625,0.0,hard_fault_cluster
398,N1421,observe,-10547.3466796875,-10547.3466796875,74667.0703125,746.670703125,1095.0540771484375,9643.443359375,9643.443359375,-663.1604614257812,687.295654296875,1326.3797607421875,18720.5234375,10080.84765625,8639.6748046875,18690.021484375,10080.2548828125,8609.7666015625,0.0016293323133140802,5.8801942941499874e-05,0.003461727872490883,0.16293323133140802,17994.467529296875,-45238.417724609375,74667.0703125,3044866.986491859,3044866.986491859,greedy,74667.0703125,0.0,hard_fault_cluster
399,N26215,control1,-10831.3935546875,-10831.3935546875,76678.046875,766.78046875,1124.5535888671875,9903.1298828125,9903.1298828125,-681.0186157226562,705.806396484375,1362.099609375,18689.171875,10080.0546875,8609.1171875,18921.5,10202.1630859375,8719.337890625,-0.012431162409484386,-0.012113862670958042,-0.0128027880564332,-1.2431162409484386,18479.315185546875,-46456.5673828125,76678.046875,3121545.033366859,3121545.033366859,greedy,76678.046875,0.0,hard_fault_cluster
400,N1420,observe,-11123.1220703125,-11123.1220703125,78743.3359375,787.433359375,1154.8209228515625,10169.8271484375,10169.8271484375,-699.3533325195312,724.8388671875,1398.7801513671875,18922.39453125,10202.296875,8720.0966796875,18694.09375,10093.3447265625,8600.748046875,0.012065110728144646,0.010679177939891815,0.013686617836356163,1.2065110728144646,18977.829833984375,-47707.04248046875,78743.3359375,3200288.369304359,3200288.369304359,greedy,78743.3359375,0.0,hard_fault_cluster
401,N1419,observe,-11422.6982421875,-11422.6982421875,80864.2265625,808.642265625,1185.9158935546875,10443.69921875,10443.69921875,-718.1826171875,744.374755859375,1436.4508056640625,18694.208984375,10093.3203125,8600.888671875,18654.201171875,10082.89453125,8571.306640625,0.0021401180420070887,0.001032938715070486,0.0034394157119095325,0.21401180420070887,19489.6640625,-48991.2802734375,80864.2265625,3281152.595866859,3281152.595866859,greedy,80864.2265625,0.0,hard_fault_cluster
402,N26248,control1,-11730.310546875,-11730.310546875,83042.0625,830.420625,1217.8624267578125,10724.93359375,10724.93359375,-737.5220336914062,764.422607421875,1475.1363525390625,18653.1328125,10082.6845703125,8570.44921875,18884.71875,10203.5029296875,8681.2158203125,-0.012415391393005848,-0.011982756666839123,-0.012924246490001678,-1.2415391393005848,20014.792724609375,-50310.454345703125,83042.0625,3364194.658366859,3364194.658366859,greedy,83042.0625,0.0,hard_fault_cluster
403,N827,control1,-12046.2216796875,-12046.2216796875,85278.6328125,852.786328125,1250.6619873046875,11013.74609375,11013.74609375,-757.3804321289062,785.018310546875,1514.8619384765625,18974.8359375,10211.47265625,8763.3623046875,18884.22265625,10207.94140625,8676.28125,0.0047754449769854546,0.0003458120336290449,0.009936945512890816,0.47754449769854546,20554.335693359375,-51664.948486328125,85278.6328125,3449473.291179359,3449473.291179359,greedy,85278.6328125,0.0,hard_fault_cluster
404,N26229,control1,-12370.640625,-12370.640625,87575.3515625,875.753515625,1284.3436279296875,11310.3310546875,11310.3310546875,-777.7723999023438,806.171142578125,1555.6563720703125,18802.529296875,10200.830078125,8601.69921875,18809.1953125,10200.673828125,8608.5224609375,-0.00035452761221677065,1.5317380530177616e-05,-0.0007932435255497694,-0.035452761221677065,21108.442626953125,-53055.8193359375,87575.3515625,3537048.642741859,3537048.642741859,greedy,87575.3515625,0.0,hard_fault_cluster
405,N26238,control1,-12703.7919921875,-12703.7919921875,89933.9140625,899.339140625,1318.9261474609375,11614.904296875,11614.904296875,-798.7150268554688,827.894775390625,1597.5487060546875,18809.14453125,10200.603515625,8608.5400390625,18856.869140625,10211.326171875,8645.54296875,-0.0025373089592903852,-0.0010511786676943302,-0.004298397805541754,-0.2537308959290385,21677.315673828125,-54484.298095703125,89933.9140625,3626982.556804359,3626982.556804359,greedy,89933.9140625,0.0,hard_fault_cluster
406,N34793,control1,-13045.912109375,-13045.912109375,92355.984375,923.55984375,1354.4334716796875,11927.6728515625,11927.6728515625,-820.2232055664062,850.201416015625,1640.5694580078125,18857.3984375,10211.13671875,8646.26171875,18880.591796875,10213.287109375,8667.3046875,-0.001229934161528945,-0.00021059268328826874,-0.0024337649811059237,-0.1229934161528945,22261.336669921875,-55951.40625,92355.984375,3719338.541179359,3719338.541179359,greedy,92355.984375,0.0,hard_fault_cluster
407,N31686,control1,-13397.240234375,-13397.240234375,94843.265625,948.43265625,1390.9022216796875,12248.8681640625,12248.8681640625,-842.3076782226562,873.110595703125,1684.747314453125,18880.4765625,10213.611328125,8666.8642578125,18893.56640625,10212.3662109375,8681.19921875,-0.0006933005061000586,0.00012190763663966209,-0.0016539962962269783,-0.06933005061000586,22861.365966796875,-57457.734375,94843.265625,3814181.806804359,3814181.806804359,greedy,94843.265625,0.0,hard_fault_cluster
408,N28538,control1,-13758.03125,-13758.03125,97397.5234375,973.975234375,1428.3577880859375,12578.7080078125,12578.7080078125,-864.9873046875,896.635986328125,1730.1151123046875,18895.28515625,10213.4658203125,8681.8203125,18901.8671875,10210.26953125,8691.59765625,-0.0003483425243757665,0.0003129485121462494,-0.001126185874454677,-0.03483425243757665,23477.5009765625,-59004.672607421875,97397.5234375,3911579.330241859,3911579.330241859,greedy,97397.5234375,0.0,hard_fault_cluster
409,N26223,control1,-14128.5419921875,-14128.5419921875,100020.546875,1000.20546875,1466.8192138671875,12917.43359375,12917.43359375,-888.2776489257812,920.795166015625,1776.705810546875,18899.890625,10208.974609375,8690.9150390625,18904.197265625,10205.259765625,8698.9375,-0.0002278659085277468,0.0003638802154455334,-0.0009230858995579183,-0.02278659085277468,24110.215576171875,-60593.269775390625,100020.546875,4011599.877116859,4011599.877116859,greedy,100020.546875,0.0,hard_fault_cluster
410,N15870,control1,-14509.0185546875,-14509.0185546875,102714.1875,1027.141875,1506.3157958984375,13265.2744140625,13265.2744140625,-912.1954956054688,945.604248046875,1824.551513671875,18905.06640625,10205.5087890625,8699.55859375,18904.0703125,10201.8984375,8702.1708984375,5.268924724077806e-05,0.0003537649754434824,-0.00030028013861738145,0.005268924724077806,24759.912353515625,-62224.68408203125,102714.1875,4114314.064616859,4114314.064616859,greedy,102714.1875,0.0,hard_fault_cluster
411,N26235,control1,-14899.74609375,-14899.74609375,105480.359375,1054.80359375,1546.8729248046875,13622.4853515625,13622.4853515625,-936.7573852539062,971.081298828125,1873.6829833984375,18903.23046875,10201.6083984375,8701.623046875,18905.8359375,10197.560546875,8708.2763671875,-0.000137831928441301,0.0003967856173403561,-0.0007646068115718663,-0.013783192844130099,25427.106201171875,-63900.02734375,105480.359375,4219794.423991859,4219794.423991859,greedy,105480.359375,0.0,hard_fault_cluster
412,N31705,control1,-15300.9921875,-15300.9921875,108321.015625,1083.21015625,1588.5238037109375,13989.3056640625,13989.3056640625,-961.9794311523438,997.244873046875,1924.1392822265625,18906.076171875,10197.638671875,8708.4375,18908.580078125,10194.23828125,8714.341796875,-0.00013243923604022712,0.0003334488137625158,-0.0006779972463846207,-0.013243923604022712,26112.378173828125,-65620.36279296875,108321.015625,4328115.439616859,4328115.439616859,greedy,108321.015625,0.0,hard_fault_cluster
413,N26232,control1,-15713.0380859375,-15713.0380859375,111238.140625,1112.38140625,1631.2977294921875,14366.0107421875,14366.0107421875,-987.8809814453125,1024.112060546875,1975.949951171875,18908.337890625,10194.1171875,8714.220703125,18910.51953125,10191.064453125,8719.4560546875,-0.00011537982209119946,0.0002994604001287371,-0.0006007825140841305,-0.011537982209119946,26816.05322265625,-67387.06030273438,111238.140625,4439353.580241859,4439353.580241859,greedy,111238.140625,0.0,hard_fault_cluster
414,N26226,control1,-16136.181640625,-16136.181640625,114233.8125,1142.338125,1675.2181396484375,14752.853515625,14752.853515625,-1014.4801025390625,1051.703857421875,2029.1600341796875,18910.52734375,10191.0458984375,8719.482421875,18912.51171875,10188.341796875,8724.1708984375,-0.00010493493755348027,0.00026534093194641173,-0.0005377012421377003,-0.010493493755348027,27538.65576171875,-69201.34375,114233.8125,4553587.392741859,4553587.392741859,greedy,114233.8125,0.0,hard_fault_cluster
415,N26217,control1,-16570.71875,-16570.71875,117310.140625,1173.10140625,1720.3260498046875,15150.1103515625,15150.1103515625,-1041.79443359375,1080.037353515625,2083.801025390625,18912.615234375,10188.3828125,8724.232421875,18912.9375,10184.224609375,8728.7119140625,-1.7039717931766063e-05,0.00040813180385157466,-0.0005134540260769427,-0.0017039717931766063,28280.8076171875,-71064.38061523438,117310.140625,4670897.533366859,4670897.533366859,greedy,117310.140625,0.0,hard_fault_cluster
416,N26220,control1,-17016.95703125,-17016.95703125,120469.2890625,1204.692890625,1766.6488037109375,15558.0654296875,15558.0654296875,-1069.843994140625,1109.135498046875,2139.9140625,18912.9453125,10184.2080078125,8728.73828125,18917.365234375,10182.314453125,8735.05078125,-0.00023369822883978486,0.00018593047570902854,-0.0007231858326122165,-0.023369822883978486,29042.955078125,-72977.56079101562,120469.2890625,4791366.822429359,4791366.822429359,greedy,120469.2890625,0.0,hard_fault_cluster
417,N26177,control1,-17475.208984375,-17475.208984375,123713.5078125,1237.135078125,1814.2152099609375,15977.0068359375,15977.0068359375,-1098.6514892578125,1139.014404296875,2197.53857421875,18917.0859375,10182.1044921875,8734.982421875,18921.42578125,10180.7587890625,8740.6669921875,-0.00022941397037357092,0.0001321635500062257,-0.0006507821381092072,-0.022941397037357092,29825.36572265625,-74942.52026367188,123713.5078125,4915080.330241859,4915080.330241859,greedy,123713.5078125,0.0,hard_fault_cluster
418,N26258,control1,-17945.80078125,-17945.80078125,127045.0703125,1270.450703125,1863.0657958984375,16407.228515625,16407.228515625,-1128.2320556640625,1169.700439453125,2256.711181640625,18921.421875,10180.73828125,8740.68359375,18924.6328125,10179.4365234375,8745.1953125,-0.0001696985273156315,0.00012786476872861385,-0.0005161745939403772,-0.01696985273156315,30629.09326171875,-76960.130859375,127045.0703125,5042125.400554359,5042125.400554359,greedy,127045.0703125,0.0,hard_fault_cluster
419,N3036,observe,-18429.037109375,-18429.037109375,130466.109375,1304.66109375,1913.2425537109375,16849.015625,16849.015625,-1158.6131591796875,1201.200927734375,2317.4794921875,18924.767578125,10179.453125,8745.314453125,19300.76953125,10288.685546875,9012.0830078125,-0.01986824721097946,-0.010730677284300327,-0.030504168942570686,-1.9868247210979462,31453.80908203125,-79032.53466796875,130466.109375,5172591.509929359,5172591.509929359,greedy,130466.109375,0.0,hard_fault_cluster
420,N2992,observe,-18925.294921875,-18925.294921875,133979.3125,1339.793125,1964.7620849609375,17302.701171875,17302.701171875,-1189.810546875,1233.554931640625,2379.88134765625,19300.734375,10288.6611328125,9012.07421875,19687.87890625,10410.24609375,9277.6328125,-0.020058538764715195,-0.011817374266684055,-0.02946697734296322,-2.0058538764715195,32300.958984375,-81160.55126953125,133979.3125,5306570.822429359,5306570.822429359,greedy,133979.3125,0.0,hard_fault_cluster
421,N3162,observe,-19434.912109375,-19434.912109375,137587.109375,1375.87109375,2017.6644287109375,17768.595703125,17768.595703125,-1221.84912109375,1266.779541015625,2443.963623046875,19687.841796875,10410.220703125,9277.62109375,19942.34765625,10492.1318359375,9450.21484375,-0.012927057221531868,-0.007868337444961071,-0.018603233620524406,-1.2927057221531868,33170.79296875,-83345.98583984375,137587.109375,5444157.931804359,5444157.931804359,greedy,137587.109375,0.0,hard_fault_cluster
422,N3072,observe,-19958.251953125,-19958.251953125,141292.078125,1412.92078125,2071.991455078125,18247.044921875,18247.044921875,-1254.75,1300.902587890625,2509.7724609375,19942.3046875,10492.1064453125,9450.19921875,20143.162109375,10561.451171875,9581.7109375,-0.010071925818920135,-0.006609228439629078,-0.013916290365159512,-1.0071925818920135,34064.123046875,-85590.21923828125,141292.078125,5585450.009929359,5585450.009929359,greedy,141292.078125,0.0,hard_fault_cluster
423,N2974,observe,-20495.681640625,-20495.681640625,145096.78125,1450.9678125,2127.781982421875,18738.361328125,18738.361328125,-1288.5347900390625,1335.944580078125,2577.3515625,20143.1171875,10561.423828125,9581.693359375,20306.984375,10624.5849609375,9682.400390625,-0.008135145530104637,-0.005980361718684435,-0.010510358028113842,-0.8135145530104637,34981.66357421875,-87894.693359375,145096.78125,5730546.791179359,5730546.791179359,greedy,145096.78125,0.0,hard_fault_cluster
424,N3063,observe,-21047.580078125,-21047.580078125,149003.9375,1490.039375,2185.074951171875,19242.921875,19242.921875,-1323.230712890625,1371.929443359375,2646.75439453125,20306.943359375,10624.560546875,9682.3828125,20446.607421875,10682.84765625,9763.759765625,-0.006877650506794453,-0.0054860725067555904,-0.008404641412198544,-0.6877650506794453,35923.7880859375,-90261.3564453125,149003.9375,5879550.728679359,5879550.728679359,greedy,149003.9375,0.0,hard_fault_cluster
425,N3099,observe,-21614.33203125,-21614.33203125,153016.3125,1530.163125,2243.907470703125,19761.060546875,19761.060546875,-1358.85888671875,1408.883544921875,2718.020751953125,20446.5625,10682.822265625,9763.740234375,20580.55859375,10740.2099609375,9840.34765625,-0.006553477607667446,-0.00537196034565568,-0.007846114225685596,-0.6553477607667446,36891.484375,-92691.54541015625,153016.3125,6032567.041179359,6032567.041179359,greedy,153016.3125,0.0,hard_fault_cluster
426,N1418,observe,-22196.384765625,-22196.384765625,157137.0625,1571.370625,2304.289306640625,20293.177734375,20293.177734375,-1395.4437255859375,1446.859130859375,2791.2060546875,20581.52734375,10740.1728515625,9841.353515625,20185.453125,10538.333984375,9647.119140625,0.019244160503149033,0.018792888149619102,0.019736550748348236,1.9244160503149033,37885.86767578125,-95186.8125,157137.0625,6189704.103679359,6189704.103679359,greedy,157137.0625,0.0,hard_fault_cluster
427,N2965,observe,-22794.072265625,-22794.072265625,161368.328125,1613.68328125,2366.360107421875,20839.587890625,20839.587890625,-1433.01953125,1485.817138671875,2866.365966796875,20184.4375,10538.3095703125,9646.12890625,20425.00390625,10672.40234375,9752.6015625,-0.011918410658836365,-0.0127243148162961,-0.011037863790988922,-1.1918410658836365,38905.962890625,-97749.97412109375,161368.328125,6351072.431804359,6351072.431804359,greedy,161368.328125,0.0,hard_fault_cluster
428,N3198,observe,-23407.853515625,-23407.853515625,165713.59375,1657.1359375,2430.077392578125,21400.720703125,21400.720703125,-1471.6046142578125,1525.832275390625,2943.55126953125,20424.9609375,10672.376953125,9752.583984375,20538.20703125,10734.384765625,9803.8232421875,-0.005544494837522507,-0.00581012200564146,-0.005253916140645742,-0.5544494837522507,39953.85302734375,-100381.8828125,165713.59375,6516786.025554359,6516786.025554359,greedy,165713.59375,0.0,hard_fault_cluster
429,N3010,observe,-24038.16015625,-24038.16015625,170175.875,1701.75875,2495.522705078125,21976.958984375,21976.958984375,-1511.22705078125,1566.927978515625,3022.811279296875,20538.16796875,10734.3603515625,9803.806640625,20694.1796875,10807.6416015625,9886.537109375,-0.007596184965223074,-0.006826792377978563,-0.00843860674649477,-0.7596184965223074,41030.12890625,-103084.49658203125,170175.875,6686961.900554359,6686961.900554359,greedy,170175.875,0.0,hard_fault_cluster
430,N3180,observe,-24685.439453125,-24685.439453125,174758.296875,1747.58296875,2562.709228515625,22568.70703125,22568.70703125,-1551.919921875,1609.132568359375,3104.2041015625,20694.140625,10807.619140625,9886.5205078125,20856.4609375,10883.6103515625,9972.8505859375,-0.007843781262636185,-0.00703126285225153,-0.008732099086046219,-0.7843781262636185,42135.01171875,-105860.2412109375,174758.296875,6861720.197429359,6861720.197429359,greedy,174758.296875,0.0,hard_fault_cluster
431,N1406,observe,-25350.181640625,-25350.181640625,179464.5,1794.645,2631.673095703125,23176.423828125,23176.423828125,-1593.7047119140625,1652.498779296875,3187.79052734375,20857.025390625,10883.53125,9973.494140625,20364.697265625,10625.646484375,9739.05078125,0.023604905232787132,0.023694952949881554,0.023506641387939453,2.3604905232787132,43270.45263671875,-108710.240234375,179464.5,7041184.697429359,7041184.697429359,greedy,179464.5,0.0,hard_fault_cluster
432,N12515,observe,-26032.818359375,-26032.818359375,184297.375,1842.97375,2702.537353515625,23800.501953125,23800.501953125,-1636.6083984375,1697.018310546875,3273.634765625,20365.7109375,10626.5078125,9739.203125,20004.94140625,10489.29296875,9515.6484375,0.01771455630660057,0.012912506237626076,0.022954104468226433,1.771455630660057,44437.037109375,-111636.37060546875,184297.375,7225482.072429359,7225482.072429359,greedy,184297.375,0.0,hard_fault_cluster
433,N3126,observe,-26733.7890625,-26733.7890625,189259.84375,1892.5984375,2775.329345703125,24441.3515625,24441.3515625,-1680.677978515625,1742.704833984375,3361.7802734375,20003.400390625,10488.45703125,9514.943359375,20361.953125,10685.4716796875,9676.482421875,-0.017924590036273003,-0.018783949315547943,-0.016977407038211823,-1.7924590036273003,45633.3974609375,-114642.4990234375,189259.84375,7414741.916179359,7414741.916179359,greedy,189259.84375,0.0,hard_fault_cluster
434,N3081,observe,-27453.65234375,-27453.65234375,194356.078125,1943.56078125,2850.063720703125,25099.4609375,25099.4609375,-1725.931640625,1789.639404296875,3452.302978515625,20361.91796875,10685.447265625,9676.470703125,20522.58984375,10772.658203125,9749.9326171875,-0.007890802808105946,-0.008161655627191067,-0.007591808680444956,-0.7890802808105946,46862.375,-117729.279296875,194356.078125,7609097.994304359,7609097.994304359,greedy,194356.078125,0.0,hard_fault_cluster
435,N2936,observe,-28192.892578125,-28192.892578125,199589.53125,1995.8953125,2926.802978515625,25775.283203125,25775.283203125,-1772.4049072265625,1837.835693359375,3545.262939453125,20522.5546875,10772.63671875,9749.91796875,20713.7421875,10861.0927734375,9852.6484375,-0.009315969422459602,-0.00821117963641882,-0.01053654681891203,-0.9315969422459602,48124.32373046875,-120899.287109375,199589.53125,7808687.525554359,7808687.525554359,greedy,199589.53125,0.0,hard_fault_cluster
436,N3144,observe,-28952.029296875,-28952.029296875,204963.9375,2049.639375,3005.616455078125,26469.306640625,26469.306640625,-1820.1304931640625,1887.336669921875,3640.72314453125,20713.70703125,10861.072265625,9852.634765625,20896.02734375,10942.0615234375,9953.96484375,-0.008801916614174843,-0.0074568381533026695,-0.010284566320478916,-0.8801916614174843,49420.19482421875,-124154.73828125,204963.9375,8013651.463054359,8013651.463054359,greedy,204963.9375,0.0,hard_fault_cluster
437,N3189,observe,-29731.6171875,-29731.6171875,210483.0,2104.83,3086.533447265625,27182.021484375,27182.021484375,-1869.139892578125,1938.165771484375,3738.75390625,20895.986328125,10942.0390625,9953.947265625,21059.53125,11014.4560546875,10045.0751953125,-0.00782661885023117,-0.0066182357259094715,-0.009154953993856907,-0.7826618850231171,50751.0322265625,-127497.73388671875,210483.0,8224134.463054359,8224134.463054359,greedy,210483.0,0.0,hard_fault_cluster
438,N3045,observe,-30532.197265625,-30532.197265625,216150.6875,2161.506875,3169.641845703125,27913.912109375,27913.912109375,-1919.46875,1990.364990234375,3839.424072265625,21059.4296875,11014.4033203125,10045.0263671875,21205.134765625,11078.31640625,10126.818359375,-0.006918757222592831,-0.005802682600915432,-0.008142536506056786,-0.6918757222592831,52117.724609375,-130930.72509765625,216150.6875,8440285.150554359,8440285.150554359,greedy,216150.6875,0.0,hard_fault_cluster
439,N3153,observe,-31354.31640625,-31354.31640625,221970.96875,2219.7096875,3254.978759765625,28665.517578125,28665.517578125,-1971.150634765625,2043.971435546875,3942.801513671875,21204.572265625,11078.0078125,10126.564453125,21338.31640625,11136.5859375,10201.7314453125,-0.006307325791567564,-0.005287785083055496,-0.007422753609716892,-0.6307325791567564,53521.4228515625,-134455.94189453125,221970.96875,8662256.119304359,8662256.119304359,greedy,221970.96875,0.0,hard_fault_cluster
440,N2983,observe,-32198.583984375,-32198.583984375,227947.984375,2279.47984375,3342.626220703125,29437.36328125,29437.36328125,-2024.225830078125,2099.024169921875,4048.969970703125,21338.140625,11136.4921875,10201.6484375,21464.80078125,11192.080078125,10272.720703125,-0.005935857072472572,-0.004991508089005947,-0.006966743152588606,-0.5935857072472572,54962.7646484375,-138076.24609375,227947.984375,8890204.103679359,8890204.103679359,greedy,227947.984375,0.0,hard_fault_cluster
441,N3117,observe,-33065.58203125,-33065.58203125,234085.90625,2340.8590625,3432.621337890625,30229.982421875,30229.982421875,-2078.72900390625,2155.553466796875,4157.99169921875,21464.72265625,11192.048828125,10272.673828125,21586.478515625,11244.8828125,10341.595703125,-0.005672370549291372,-0.004720671568065882,-0.006709244102239609,-0.5672370549291372,56442.98828125,-141793.92822265625,234085.90625,9124290.009929359,9124290.009929359,greedy,234085.90625,0.0,hard_fault_cluster
442,N1403,observe,-33955.9609375,-33955.9609375,240389.515625,2403.89515625,3525.018798828125,31043.974609375,31043.974609375,-2134.697265625,2213.634521484375,4269.95166015625,21588.044921875,11245.23828125,10342.806640625,20932.318359375,10888.8447265625,10043.4736328125,0.030374523252248764,0.03169284015893936,0.02894117869436741,3.0374523252248764,57963.763671875,-145611.35400390625,240389.515625,9364679.525554359,9364679.525554359,greedy,240389.515625,0.0,hard_fault_cluster
443,N1401,observe,-34870.296875,-34870.296875,246862.734375,2468.62734375,3619.922119140625,31879.87890625,31879.87890625,-2192.1689453125,2273.264404296875,4384.92626953125,20932.27734375,10888.8037109375,10043.47265625,20445.83984375,10678.408203125,9767.4306640625,0.023238632827997208,0.019322186708450317,0.0274847149848938,2.3238632827997208,59525.71875,-149531.2412109375,246862.734375,9611542.259929359,9611542.259929359,greedy,246862.734375,0.0,hard_fault_cluster
444,N1399,observe,-35809.26953125,-35809.26953125,253510.25,2535.1025,3717.386962890625,32738.296875,32738.296875,-2251.18994140625,2334.491943359375,4503.0009765625,20446.333984375,10678.447265625,9767.88671875,20008.10546875,10509.7958984375,9498.3095703125,0.021433109417557716,0.01579362340271473,0.02759830839931965,2.1433109417557716,61129.552734375,-153556.857421875,253510.25,9865052.509929359,9865052.509929359,greedy,253510.25,0.0,hard_fault_cluster
445,N1422,observe,-36773.52734375,-36773.52734375,260336.75,2603.3675,3817.469970703125,33619.82421875,33619.82421875,-2311.802734375,2397.366943359375,4624.2529296875,20007.23046875,10509.5771484375,9497.65234375,19653.6484375,10377.2265625,9276.421875,0.017672711983323097,0.012593330815434456,0.02329317480325699,1.7672711983323097,62776.30078125,-157691.1298828125,260336.75,10125389.259929359,10125389.259929359,greedy,260336.75,0.0,hard_fault_cluster
446,N23950,observe,-37763.71875,-37763.71875,267347.03125,2673.4703125,3920.268798828125,34525.09375,34525.09375,-2374.045166015625,2461.932373046875,4748.7783203125,19653.99609375,10377.58984375,9276.4052734375,19429.548828125,10302.810546875,9126.73828125,0.01141993049532175,0.0072058443911373615,0.01613415777683258,1.141993049532175,64467.6083984375,-161936.4853515625,267347.03125,10392736.291179359,10392736.291179359,greedy,267347.03125,0.0,hard_fault_cluster
447,N949,observe,-38780.56640625,-38780.56640625,274546.0625,2745.460625,4025.803955078125,35454.73828125,35454.73828125,-2437.97265625,2528.238037109375,4876.64697265625,19429.212890625,10302.5546875,9126.658203125,19239.044921875,10248.94140625,8990.103515625,0.009787733666598797,0.005203882232308388,0.014962178654968739,0.9787733666598797,66203.53515625,-166297.0654296875,274546.0625,10667282.353679359,10667282.353679359,greedy,274546.0625,0.0,hard_fault_cluster
448,N1400,observe,-39824.80859375,-39824.80859375,281938.90625,2819.3890625,4134.20556640625,36409.40234375,36409.40234375,-2503.614013671875,2596.330810546875,5007.96044921875,19239.388671875,10248.82421875,8990.564453125,19102.1796875,10204.96875,8897.2109375,0.007131670601665974,0.00427907332777977,0.01038349885493517,0.7131670601665974,67986.9072265625,-170774.32421875,281938.90625,10949221.259929359,10949221.259929359,greedy,281938.90625,0.0,hard_fault_cluster
449,N951,observe,-40897.15234375,-40897.15234375,289530.84375,2895.3084375,4245.51611328125,37389.76953125,37389.76953125,-2571.0263671875,2666.253662109375,5142.8134765625,19101.58203125,10204.9697265625,8896.611328125,18989.021484375,10171.14453125,8817.876953125,0.005892734043300152,0.0033145807683467865,0.00884992815554142,0.5892734043300152,69817.9765625,-175372.4833984375,289530.84375,11238752.103679359,11238752.103679359,greedy,289530.84375,0.0,hard_fault_cluster
450,N950,observe,-41998.36328125,-41998.36328125,297327.15625,2973.2715625,4359.82568359375,38396.55078125,38396.55078125,-2640.255126953125,2738.062255859375,5281.294921875,18988.998046875,10171.10546875,8817.892578125,18922.953125,10152.32421875,8770.62890625,0.0034780625719577074,0.0018465298926457763,0.005359973758459091,0.34780625719577074,71698.1943359375,-180094.5859375,297327.15625,11536079.259929359,11536079.259929359,greedy,297327.15625,0.0,hard_fault_cluster
451,N952,observe,-43129.25,-43129.25,305333.375,3053.33375,4477.20947265625,39430.42578125,39430.42578125,-2711.3447265625,2811.802490234375,5423.5068359375,18922.828125,10152.2734375,8770.5546875,18840.70703125,10129.056640625,8711.6494140625,0.004339789506047964,0.00228685699403286,0.0067162541672587395,0.4339789506047964,73629.328125,-184943.5224609375,305333.375,11841412.634929359,11841412.634929359,greedy,305333.375,0.0,hard_fault_cluster
452,N953,observe,-44290.5546875,-44290.5546875,313555.1875,3135.551875,4597.74951171875,40492.14453125,40492.14453125,-2784.351318359375,2887.524169921875,5569.5478515625,18840.76171875,10129.0439453125,8711.716796875,18811.453125,10125.529296875,8685.9228515625,0.0015555949648842216,0.0003469871880952269,0.0029608337208628654,0.15555949648842216,75612.2001953125,-189923.298828125,313555.1875,12154967.822429359,12154967.822429359,greedy,313555.1875,0.0,hard_fault_cluster
453,N32546,observe,-45483.16015625,-45483.16015625,321998.375,3219.98375,4721.56103515625,41582.44140625,41582.44140625,-2859.31689453125,2965.283935546875,5719.517578125,18811.09375,10125.4443359375,8685.650390625,18739.564453125,10111.3388671875,8628.2255859375,0.0038025060202926397,0.0013930716086179018,0.006611457094550133,0.380250602029264,77649.126953125,-195036.4853515625,321998.375,12476966.197429359,12476966.197429359,greedy,321998.375,0.0,hard_fault_cluster
454,N1417,observe,-46707.87109375,-46707.87109375,330668.8125,3306.688125,4848.68115234375,42702.078125,42702.078125,-2936.3076171875,3045.150146484375,5873.517578125,18739.67578125,10111.1318359375,8628.54296875,18733.31640625,10118.6455078125,8614.671875,0.00033935351530089974,-0.0007431088597513735,0.001607582438737154,0.033935351530089974,79740.12890625,-200288.0390625,330668.8125,12807635.009929359,12807635.009929359,greedy,330668.8125,0.0,hard_fault_cluster
455,N1423,observe,-47965.546875,-47965.546875,339572.78125,3395.7278125,4979.21826171875,43851.89453125,43851.89453125,-3015.36474609375,3127.156005859375,6031.67578125,18733.525390625,10118.6875,8614.837890625,18713.40625,10117.3056640625,8596.099609375,0.0010739645222201943,0.00013656276860274374,0.0021751171443611383,0.10739645222201943,81888.201171875,-205680.3056640625,339572.78125,13147207.791179359,13147207.791179359,greedy,339572.78125,0.0,hard_fault_cluster
456,N1427,observe,-49257.1015625,-49257.1015625,348716.375,3487.16375,5113.29638671875,45032.64453125,45032.64453125,-3096.5537109375,3211.379638671875,6194.083984375,18713.640625,10117.3134765625,8596.326171875,18696.82421875,10116.341796875,8580.482421875,0.0008986175525933504,9.604127262718976e-05,0.0018430838827043772,0.08986175525933504,84093.6484375,-211218.1162109375,348716.375,13495924.166179359,13495924.166179359,greedy,348716.375,0.0,hard_fault_cluster
457,N1425,observe,-50583.41796875,-50583.41796875,358106.25,3581.0625,5250.97021484375,46245.18359375,46245.18359375,-3179.929931640625,3297.858154296875,6360.8623046875,18696.794921875,10116.27734375,8580.517578125,18677.17578125,10113.8369140625,8563.3388671875,0.001049331738613546,0.0002412379253655672,0.0020020599476993084,0.10493317386135459,86358.4404296875,-216905.134765625,358106.25,13854030.416179359,13854030.416179359,greedy,358106.25,0.0,hard_fault_cluster
458,N1426,observe,-51945.44140625,-51945.44140625,367748.875,3677.48875,5392.34521484375,47490.40234375,47490.40234375,-3265.545654296875,3386.671630859375,6532.142578125,18676.955078125,10113.7734375,8563.181640625,18657.16796875,10109.5966796875,8547.5712890625,0.001059439848177135,0.0004129771841689944,0.0018229616107419133,0.1059439848177135,88684.7119140625,-222744.74609375,367748.875,14221779.291179359,14221779.291179359,greedy,367748.875,0.0,hard_fault_cluster
459,N1428,observe,-53344.140625,-53344.140625,377651.15625,3776.5115625,5537.54833984375,48769.12109375,48769.12109375,-3353.474365234375,3477.872802734375,6708.029296875,18656.75390625,10109.455078125,8547.298828125,18641.103515625,10104.7353515625,8536.3681640625,0.0008388592395931482,0.00046686260611750185,0.0012788443127647042,0.08388592395931482,91072.8408203125,-228742.3671875,377651.15625,14599430.447429359,14599430.447429359,greedy,377651.15625,0.0,hard_fault_cluster
460,N12517,observe,-54780.51171875,-54780.51171875,387820.09375,3878.2009375,5686.66357421875,50082.2578125,50082.2578125,-3443.76220703125,3571.531005859375,6888.6533203125,18642.87109375,10106.091796875,8536.779296875,18590.78515625,10090.484375,8500.30078125,0.0027938797138631344,0.0015443578595295548,0.0042731002904474735,0.27938797138631344,93526.130859375,-234900.6328125,387820.09375,14987250.541179359,14987250.541179359,greedy,387820.09375,0.0,hard_fault_cluster
461,N12761,observe,-56255.51953125,-56255.51953125,398262.78125,3982.6278125,5839.75537109375,51430.77734375,51430.77734375,-3536.48974609375,3667.710693359375,7074.13623046875,18588.62109375,10088.9404296875,8499.6796875,18595.19921875,10092.7685546875,8502.431640625,-0.0003538791206665337,-0.00037943775532767177,-0.00032377138268202543,-0.03538791206665337,96044.583984375,-241225.5849609375,398262.78125,15385513.322429359,15385513.322429359,greedy,398262.78125,0.0,hard_fault_cluster
462,N12752,observe,-57770.25390625,-57770.25390625,408986.65625,4089.8665625,5996.98974609375,52815.58984375,52815.58984375,-3631.71630859375,3766.482177734375,7264.62158203125,18595.13671875,10092.7421875,8502.3935546875,18576.189453125,10084.314453125,8491.875,0.0010189366294071078,0.0008350291755050421,0.0012371286284178495,0.10189366294071078,98630.615234375,-247721.0693359375,408986.65625,15794499.978679359,15794499.978679359,greedy,408986.65625,0.0,hard_fault_cluster
463,N12705,observe,-59325.7890625,-59325.7890625,419999.3125,4199.993125,6158.45849609375,54237.69140625,54237.69140625,-3729.49462890625,3867.911865234375,7460.23046875,18576.6953125,10084.7060546875,8491.990234375,18557.62890625,10081.80078125,8475.8291015625,0.0010263615986332297,0.0002880870597437024,0.0019031030824407935,0.10263615986332297,101287.541015625,-254390.2119140625,419999.3125,16214499.291179359,16214499.291179359,greedy,419999.3125,0.0,hard_fault_cluster
464,N23941,observe,-60923.19921875,-60923.19921875,431308.5,4313.085,6324.27880859375,55698.09765625,55698.09765625,-3829.914794921875,3972.068115234375,7661.109375,18557.203125,10081.611328125,8475.591796875,18527.54296875,10076.734375,8450.80859375,0.0015983096091076732,0.0004837473970837891,0.0029240676667541265,0.15983096091076732,104015.1181640625,-261239.830078125,431308.5,16645807.791179359,16645807.791179359,greedy,431308.5,0.0,hard_fault_cluster
465,N1424,observe,-62563.6328125,-62563.6328125,442922.03125,4429.2203125,6494.55029296875,57197.80078125,57197.80078125,-3933.03125,4079.040771484375,7867.3779296875,18528.2578125,10076.7236328125,8451.53515625,18531.76953125,10078.4609375,8453.30859375,-0.000189533137017861,-0.00017240770102944225,-0.00020983614376746118,-0.0189533137017861,106816.70703125,-268273.1669921875,442922.03125,17088729.82242936,17088729.82242936,greedy,442922.03125,0.0,hard_fault_cluster
466,N3054,observe,-64248.203125,-64248.203125,454847.84375,4548.4784375,6669.43115234375,58737.875,58737.875,-4038.93212890625,4188.86328125,8079.208984375,18531.22265625,10078.5078125,8452.71484375,19134.294921875,10293.33984375,8840.955078125,-0.03254357725381851,-0.021315857768058777,-0.045930832624435425,-3.254357725381851,109692.505859375,-275496.783203125,454847.84375,17543577.66617936,17543577.66617936,greedy,454847.84375,0.0,hard_fault_cluster
467,N3001,observe,-65978.1171875,-65978.1171875,467094.96875,4670.9496875,6849.01123046875,60319.390625,60319.390625,-4147.68310546875,4301.65625,8296.74609375,19134.2578125,10293.314453125,8840.943359375,19597.48046875,10431.130859375,9166.349609375,-0.024209072813391685,-0.013388924300670624,-0.036806732416152954,-2.4209072813391685,112646.048828125,-282914.720703125,467094.96875,18010672.63492936,18010672.63492936,greedy,467094.96875,0.0,hard_fault_cluster
468,N2952,observe,-67754.5859375,-67754.5859375,479671.75,4796.7175,7033.42919921875,61943.5,61943.5,-4259.36962890625,4417.490234375,8520.134765625,19597.44921875,10431.107421875,9166.3408203125,19912.28125,10522.26171875,9390.0185546875,-0.016064949333667755,-0.00873869750648737,-0.02440207451581955,-1.6064949333667755,115678.287109375,-290533.150390625,479671.75,18490344.38492936,18490344.38492936,greedy,479671.75,0.0,hard_fault_cluster
469,N3019,observe,-69578.9453125,-69578.9453125,492587.21875,4925.8721875,7222.80029296875,63611.3359375,63611.3359375,-4374.048828125,4536.439453125,8749.541015625,19912.2421875,10522.236328125,9390.005859375,20130.109375,10585.978515625,9544.1318359375,-0.010941368527710438,-0.006057855673134327,-0.01641383208334446,-1.0941368527710438,118793.671875,-298355.244140625,492587.21875,18982931.60367936,18982931.60367936,greedy,492587.21875,0.0,hard_fault_cluster
470,N26186,control1,-71452.4140625,-71452.4140625,505850.71875,5058.5071875,7417.28076171875,65324.1015625,65324.1015625,-4491.8203125,4658.607421875,8985.1318359375,20129.990234375,10585.9375,9544.052734375,20086.78515625,10572.1787109375,9514.607421875,0.0021463038865476847,0.0012997232843190432,0.00308520020917058,0.21463038865476847,121992.7890625,-306388.326171875,505850.71875,19488782.32242936,19488782.32242936,greedy,505850.71875,0.0,hard_fault_cluster
471,N26196,control1,-73376.3359375,-73376.3359375,519471.21875,5194.7121875,7616.98388671875,67082.953125,67082.953125,-4612.75146484375,4784.0625,9227.0556640625,20087.12109375,10572.369140625,9514.7529296875,19962.966796875,10527.0712890625,9435.8955078125,0.006180791184306145,0.004284550901502371,0.008287910372018814,0.6180791184306145,125279.025390625,-314636.603515625,519471.21875,20008253.54117936,20008253.54117936,greedy,519471.21875,0.0,hard_fault_cluster
472,N26250,control1,-75352.0234375,-75352.0234375,533458.4375,5334.584375,7822.08154296875,68889.1953125,68889.1953125,-4736.95361328125,4912.888671875,9475.5,19962.974609375,10527.052734375,9435.921875,19777.765625,10460.291015625,9317.4755859375,0.009277625009417534,0.006341919302940369,0.012552699074149132,0.9277625009417534,128652.271484375,-323108.453125,533458.4375,20541711.97867936,20541711.97867936,greedy,533458.4375,0.0,hard_fault_cluster
473,N26171,control1,-77380.9375,-77380.9375,547822.3125,5478.223125,8032.66552734375,70744.0625,70744.0625,-4864.49169921875,5045.1875,9730.6298828125,19777.5390625,10460.05859375,9317.4794921875,19612.57421875,10400.951171875,9211.6220703125,0.008341019973158836,0.005650773644447327,0.011361164972186089,0.8341019973158836,132117.205078125,-331807.576171875,547822.3125,21089534.29117936,21089534.29117936,greedy,547822.3125,0.0,hard_fault_cluster
474,N26241,control1,-79464.4765625,-79464.4765625,562572.875,5625.72875,8248.9638671875,72648.859375,72648.859375,-4995.4697265625,5181.04296875,9992.63671875,19612.833984375,10401.15234375,9211.681640625,19479.572265625,10353.4921875,9126.080078125,0.006794617976993322,0.0045821997337043285,0.009292718023061752,0.6794617976993322,135674.76171875,-340741.5390625,562572.875,21652107.16617936,21652107.16617936,greedy,562572.875,0.0,hard_fault_cluster
475,N26256,control1,-81604.1171875,-81604.1171875,577720.5625,5777.205625,8471.0732421875,74604.953125,74604.953125,-5129.96826171875,5320.5546875,10261.68359375,19479.57421875,10353.47265625,9126.1015625,19374.970703125,10316.115234375,9058.85546875,0.005369907710701227,0.0036082020960748196,0.007368545513600111,0.5369907710701227,139328.689453125,-349915.447265625,577720.5625,22229827.72867936,22229827.72867936,greedy,577720.5625,0.0,hard_fault_cluster
476,N26253,control1,-83801.3671875,-83801.3671875,593276.1875,5932.761875,8699.1396484375,76613.703125,76613.703125,-5268.08837890625,5463.83203125,10537.9833984375,19374.947265625,10316.05859375,9058.888671875,19293.046875,10286.91015625,9006.1357421875,0.004227128345519304,0.0028255400247871876,0.005823333282023668,0.4227128345519304,143081.052734375,-359336.365234375,593276.1875,22823103.91617936,22823103.91617936,greedy,593276.1875,0.0,hard_fault_cluster
477,N24142,control1,-86057.7734375,-86057.7734375,609250.5625,6092.505625,8933.3642578125,78676.5546875,78676.5546875,-5409.9326171875,5610.962890625,10821.7265625,19306.0546875,10289.9931640625,9016.060546875,19240.390625,10267.51171875,8972.8798828125,0.0034012161195278168,0.0021847872994840145,0.004789304919540882,0.3401216119527817,146933.85546875,-369011.482421875,609250.5625,23432354.47867936,23432354.47867936,greedy,609250.5625,0.0,hard_fault_cluster
478,N24145,control1,-88374.8984375,-88374.8984375,625655.125,6256.55125,9173.9052734375,80794.9453125,80794.9453125,-5555.59521484375,5762.056640625,11113.103515625,19240.13671875,10267.220703125,8972.916015625,19188.474609375,10249.716796875,8938.7578125,0.002685121726244688,0.0017048339359462261,0.0038068117573857307,0.2685121726244688,150890.548828125,-378947.00390625,625655.125,24058009.60367936,24058009.60367936,greedy,625655.125,0.0,hard_fault_cluster
479,N24106,control1,-90754.4453125,-90754.4453125,642501.4375,6425.014375,9420.9111328125,82970.359375,82970.359375,-5705.18212890625,5917.208984375,11412.341796875,19187.162109375,10249.0546875,8938.107421875,19145.923828125,10235.22265625,8910.701171875,0.0021492643281817436,0.001349590951576829,0.0030662252102047205,0.21492643281817436,154953.583984375,-389150.263671875,642501.4375,24700511.04117936,24700511.04117936,greedy,642501.4375,0.0,hard_fault_cluster
480,N23528,control1,-93198.046875,-93198.046875,659801.0625,6598.010625,9674.5751953125,85204.3671875,85204.3671875,-5858.79248046875,6076.544921875,11719.609375,19135.693359375,10233.056640625,8902.63671875,19103.51171875,10221.8203125,8881.69140625,0.0016817598370835185,0.001098042237572372,0.002352708950638771,0.16817598370835185,159126.181640625,-399627.890625,659801.0625,25360312.10367936,25360312.10367936,greedy,659801.0625,0.0,hard_fault_cluster
481,N24159,control1,-95707.4609375,-95707.4609375,677566.6875,6775.666875,9935.0517578125,87498.515625,87498.515625,-6016.53369140625,6240.177734375,12035.1591796875,19116.78515625,10224.568359375,8892.2158203125,19088.6171875,10215.6767578125,8872.94140625,0.0014734679134562612,0.0008696310105733573,0.0021675603929907084,0.14734679134562612,163411.833984375,-410387.068359375,677566.6875,26037878.79117936,26037878.79117936,greedy,677566.6875,0.0,hard_fault_cluster
482,N24101,control1,-98284.4296875,-98284.4296875,695810.625,6958.10625,10202.5732421875,89854.4296875,89854.4296875,-6178.53173828125,6408.208984375,12359.212890625,19084.8671875,10214.734375,8870.1337890625,19062.7578125,10208.0751953125,8854.68359375,0.0011584768071770668,0.000651919050142169,0.0017418221104890108,0.11584768071770668,167811.880859375,-421436.91015625,695810.625,26733689.41617936,26733689.41617936,greedy,695810.625,0.0,hard_fault_cluster
483,N36995,control1,-100930.7890625,-100930.7890625,714545.6875,7145.456875,10477.2490234375,92273.78125,92273.78125,-6344.8828125,6580.767578125,12691.98828125,19052.9375,10205.5458984375,8847.392578125,19034.41015625,10199.1298828125,8835.279296875,0.0009724140400066972,0.0006286792922765017,0.0013691356871277094,0.09724140400066972,172331.1875,-432783.4140625,714545.6875,27448235.10367936,27448235.10367936,greedy,714545.6875,0.0,hard_fault_cluster
484,N31639,control1,-103648.40625,-103648.40625,733785.25,7337.8525,10759.3583984375,94758.25,94758.25,-6515.7197265625,6757.970703125,13033.724609375,19034.51953125,10199.212890625,8835.306640625,19019.2734375,10194.10546875,8825.1669921875,0.0008009707671590149,0.0005007662693969905,0.0011476284125819802,0.0800970767159015,176971.52734375,-444436.09765625,733785.25,28182020.35367936,28182020.35367936,greedy,733785.25,0.0,hard_fault_cluster
485,N47395,control1,-106439.1484375,-106439.1484375,753542.75,7535.4275,11049.0888671875,97309.65625,97309.65625,-6691.16064453125,6939.939453125,13384.6689453125,19018.109375,10193.3916015625,8824.71875,19106.103515625,10283.1640625,8822.939453125,-0.004626860376447439,-0.008806927129626274,0.0002016264625126496,-0.4626860376447439,181736.341796875,-456402.962890625,753542.75,28935563.10367936,28935563.10367936,greedy,753542.75,0.0,hard_fault_cluster
486,N24130,control1,-109305.109375,-109305.109375,773832.4375,7738.324375,11346.5498046875,99929.734375,99929.734375,-6871.31982421875,7126.802734375,13745.05859375,19121.775390625,10287.03125,8834.744140625,19019.8359375,10217.263671875,8802.572265625,0.005331066437065601,0.00678209075704217,0.0036415173672139645,0.5331066437065601,186630.189453125,-468691.439453125,773832.4375,29709395.54117936,29709395.54117936,greedy,773832.4375,0.0,hard_fault_cluster
487,N45874,control1,-112248.15625,-112248.15625,794668.1875,7946.681875,11652.0341796875,102620.34375,102620.34375,-7056.33740234375,7318.705078125,14115.150390625,19004.88671875,10213.484375,8791.40234375,19112.57421875,10300.181640625,8812.392578125,-0.005666305776685476,-0.008488509804010391,-0.0023875865153968334,-0.5666305776685476,191654.791015625,-481311.607421875,794668.1875,30504063.72867936,30504063.72867936,greedy,794668.1875,0.0,hard_fault_cluster
488,N20634,control1,-115270.5,-115270.5,816065.125,8160.65125,11965.7958984375,105383.453125,105383.453125,-7246.31884765625,7515.791015625,14495.1943359375,19126.203125,10303.857421875,8822.345703125,19015.365234375,10225.3046875,8790.060546875,0.005795080680400133,0.0076236240565776825,0.0036594753619283438,0.5795080680400133,196816.693359375,-494269.740234375,816065.125,31320128.85367936,31320128.85367936,greedy,816065.125,0.0,hard_fault_cluster
489,N20631,control1,-118374.1875,-118374.1875,838038.0625,8380.380625,12287.9404296875,108220.875,108220.875,-7441.42041015625,7718.169921875,14885.474609375,19015.419921875,10225.09765625,8790.322265625,18985.79296875,10203.4580078125,8782.3359375,0.0015580488834530115,0.0021163267083466053,0.0009085364290513098,0.15580488834530115,202116.896484375,-507577.306640625,838038.0625,32158166.91617936,32158166.91617936,greedy,838038.0625,0.0,hard_fault_cluster
490,N20571,control1,-121561.4609375,-121561.4609375,860602.5625,8606.025625,12618.8232421875,111134.75,111134.75,-7641.77490234375,7925.994140625,15286.271484375,18980.58203125,10201.740234375,8778.841796875,18960.87890625,10190.2958984375,8770.583984375,0.0010380675084888935,0.0011218023719266057,0.000940649420954287,0.10380675084888935,207559.822265625,-521243.162109375,860602.5625,33018769.47867936,33018769.47867936,greedy,860602.5625,0.0,hard_fault_cluster
491,N36974,control1,-124834.5625,-124834.5625,883774.6875,8837.746875,12958.5771484375,114127.0390625,114127.0390625,-7847.53564453125,8139.416015625,15697.8486328125,18953.458984375,10188.509765625,8764.94921875,18936.462890625,10177.798828125,8758.6640625,0.0008967277826741338,0.0010512762237340212,0.0007170784519985318,0.08967277826741338,213148.162109375,-535278.1328125,883774.6875,33902544.16617936,33902544.16617936,greedy,883774.6875,0.0,hard_fault_cluster
492,N36847,control1,-128195.75,-128195.75,907570.6875,9075.706875,13307.5029296875,117199.8984375,117199.8984375,-8058.82080078125,8358.580078125,16120.5107421875,18936.44140625,10177.7685546875,8758.671875,18931.1640625,10172.787109375,8758.3759765625,0.00027868719189427793,0.0004894437734037638,3.378348264959641e-05,0.027868719189427793,218888.505859375,-549689.43359375,907570.6875,34810114.85367936,34810114.85367936,greedy,907570.6875,0.0,hard_fault_cluster
493,N25773,control1,-131647.46875,-131647.46875,932007.4375,9320.074375,13665.7958984375,120355.5625,120355.5625,-8275.80078125,8583.646484375,16554.56640625,18931.015625,10172.716796875,8758.298828125,18930.21875,10170.3466796875,8759.873046875,4.2093619413208216e-05,0.00023298762971535325,-0.00017974023649003357,0.004209361941320822,224782.921875,-564489.328125,932007.4375,35742122.29117936,35742122.29117936,greedy,932007.4375,0.0,hard_fault_cluster
494,N20643,control1,-135192.125,-135192.125,957101.9375,9571.019375,14033.7373046875,123596.109375,123596.109375,-8498.62890625,8814.779296875,17000.30078125,18945.298828125,10174.025390625,8771.2734375,18944.060546875,10173.04296875,8771.017578125,6.536087312269956e-05,9.656176553107798e-05,2.9170150810386986e-05,0.006536087312269956,230835.15625,-579688.37890625,957101.9375,36699224.22867936,36699224.22867936,greedy,957101.9375,0.0,hard_fault_cluster
495,N43207,control1,-138832.21875,-138832.21875,982872.25,9828.7225,14411.5888671875,126923.953125,126923.953125,-8727.4541015625,9052.123046875,17458.0390625,18938.59765625,10170.271484375,8768.3251953125,19046.408203125,10265.826171875,8780.58203125,-0.005692636128515005,-0.009395490400493145,-0.0013978537172079086,-0.5692636128515005,237050.79296875,-595296.359375,982872.25,37682096.47867936,37682096.47867936,greedy,982872.25,0.0,hard_fault_cluster
496,N26321,control1,-142570.3125,-142570.3125,1009336.375,10093.36375,14799.6396484375,130341.390625,130341.390625,-8962.43359375,9295.888671875,17928.09375,19038.45703125,10265.2001953125,8773.2568359375,18908.01953125,10182.740234375,8725.279296875,0.006851264275610447,0.008032961748540401,0.0054686120711266994,0.6851264275610447,243434.40625,-611323.91796875,1009336.375,38691432.85367936,38691432.85367936,greedy,1009336.375,0.0,hard_fault_cluster
497,N44172,control1,-146409.03125,-146409.03125,1036513.125,10365.13125,15198.1044921875,133850.8125,133850.8125,-9203.7626953125,9546.177734375,18410.826171875,18907.080078125,10182.2177734375,8724.8623046875,19054.671875,10283.1728515625,8771.4990234375,-0.007806165609508753,-0.009914841502904892,-0.005345267243683338,-0.7806165609508753,249987.66796875,-627785.28515625,1036513.125,39727945.97867936,39727945.97867936,greedy,1036513.125,0.0,hard_fault_cluster
498,N26291,control1,-150351.15625,-150351.15625,1064421.625,10644.21625,15607.3193359375,137454.75,137454.75,-9451.5595703125,9803.220703125,18906.51953125,19055.54296875,10283.6025390625,8771.939453125,18947.1015625,10201.244140625,8745.8564453125,0.005690806545317173,0.008008711040019989,0.0029734596610069275,0.5690806545317173,256720.41796875,-644686.86328125,1064421.625,40792367.60367936,40792367.60367936,greedy,1064421.625,0.0,hard_fault_cluster
499,N24055,control1,-154399.359375,-154399.359375,1093081.375,10930.81375,16027.5576171875,141155.71875,141155.71875,-9706.03125,10067.201171875,19415.5703125,18953.408203125,10202.185546875,8751.22265625,18943.337890625,10188.2421875,8755.095703125,0.0005313193541951478,0.0013667031889781356,-0.0004425720835570246,0.053131935419514775,263633.96875,-662043.8515625,1093081.375,41885448.97867936,41885448.97867936,greedy,1093081.375,0.0,hard_fault_cluster
500,N3090,observe,-158556.625,-158556.625,1122512.625,11225.12625,16459.1171875,144956.328125,144956.328125,-9967.359375,10338.248046875,19938.32421875,18936.552734375,10186.931640625,8749.62109375,19324.201171875,10296.349609375,9027.8515625,-0.020470907911658287,-0.01074101310223341,-0.03179914504289627,-2.0470907911658287,270733.015625,-679868.69921875,1122512.625,43007961.60367936,43007961.60367936,greedy,1122512.625,0.0,hard_fault_cluster
501,N26319,control1,-162825.765625,-162825.765625,1152736.5,11527.365,16902.2578125,148859.28125,148859.28125,-10235.73046875,10616.642578125,20475.16796875,19324.97265625,10296.67578125,9028.2958984375,19332.080078125,10295.193359375,9036.88671875,-0.0003677843196783215,0.00014397091581486166,-0.000951543974224478,-0.03677843196783215,278022.734375,-698174.1015625,1152736.5,44160698.10367936,44160698.10367936,greedy,1152736.5,0.0,hard_fault_cluster
502,N44205,control1,-167209.875,-167209.875,1183774.25,11837.7425,17357.32421875,152867.28125,152867.28125,-10511.3212890625,10902.494140625,21026.466796875,19331.115234375,10294.68359375,9036.431640625,19402.720703125,10379.3046875,9023.416015625,-0.0037041560281068087,-0.008219882845878601,0.0014403500827029347,-0.37041560281068087,285509.40234375,-716971.74609375,1183774.25,45344472.35367936,45344472.35367936,greedy,1183774.25,0.0,hard_fault_cluster
503,N26317,control1,-171712.015625,-171712.015625,1215647.5,12156.475,17824.6875,156983.234375,156983.234375,-10794.341796875,11196.076171875,21592.5859375,19403.73046875,10379.779296875,9023.951171875,19246.8046875,10284.1123046875,8962.693359375,0.00808740220963955,0.009216669015586376,0.006788358092308044,0.8087402209639549,293196.5546875,-736276.49609375,1215647.5,46560119.85367936,46560119.85367936,greedy,1215647.5,0.0,hard_fault_cluster
504,N26283,control1,-176335.375,-176335.375,1248379.0,12483.79,18304.59765625,161210.0,161210.0,-11084.9794921875,11497.544921875,22173.984375,19246.767578125,10284.044921875,8962.72265625,19188.37890625,10251.12109375,8937.2568359375,0.003033687127754092,0.0032014474272727966,0.0028413040563464165,0.3033687127754092,301091.05078125,-756100.69921875,1248379.0,47808498.85367936,47808498.85367936,greedy,1248379.0,0.0,hard_fault_cluster
505,N20646,control1,-181083.25,-181083.25,1281991.875,12819.91875,18797.43359375,165550.625,165550.625,-11383.4296875,11807.138671875,22771.0,19201.0703125,10254.1240234375,8946.947265625,19152.798828125,10233.99609375,8918.802734375,0.0025139995850622654,0.0019629106391221285,0.003145713359117508,0.25139995850622654,309199.53125,-776457.34375,1281991.875,49090490.72867936,49090490.72867936,greedy,1281991.875,0.0,hard_fault_cluster
506,N26285,control1,-185958.9375,-185958.9375,1316509.875,13165.09875,19303.62109375,170008.03125,170008.03125,-11689.92578125,12125.060546875,23384.130859375,19140.236328125,10230.849609375,8909.38671875,19092.74609375,10210.19140625,8882.5546875,0.0024811727926135063,0.0020192069932818413,0.0030116585548967123,0.24811727926135063,317525.328125,-797363.1015625,1316509.875,50407000.60367936,50407000.60367936,greedy,1316509.875,0.0,hard_fault_cluster
507,N24054,control1,-190965.875,-190965.875,1351957.0,13519.57,19823.33984375,174585.484375,174585.484375,-12004.67578125,12451.529296875,24013.73046875,19098.14453125,10210.984375,8887.1611328125,19068.47265625,10200.66015625,8867.8115234375,0.0015536522259935737,0.0010110894218087196,0.002177254296839237,0.15536522259935737,326074.90625,-818831.95703125,1351957.0,51758957.60367936,51758957.60367936,greedy,1351957.0,0.0,hard_fault_cluster
508,N26281,control1,-196107.734375,-196107.734375,1388358.875,13883.58875,20357.08203125,179286.1875,179286.1875,-12327.8994140625,12786.802734375,24660.30859375,19063.29296875,10199.796875,8863.4970703125,19034.796875,10188.24609375,8846.5517578125,0.0014948148746043444,0.0011324520455673337,0.0019118088530376554,0.14948148746043444,334855.12109375,-840878.67578125,1388358.875,53147316.47867936,53147316.47867936,greedy,1388358.875,0.0,hard_fault_cluster
509,N26279,control1,-201387.875,-201387.875,1425740.375,14257.40375,20905.18359375,184113.4375,184113.4375,-12659.8134765625,13131.115234375,25324.29296875,19034.822265625,10188.21875,8846.603515625,19017.083984375,10181.3828125,8835.701171875,0.0009318858501501381,0.000670964946039021,0.0012323762057349086,0.09318858501501381,343872.46484375,-863517.89453125,1425740.375,54573056.85367936,54573056.85367936,greedy,1425740.375,0.0,hard_fault_cluster
510,N3108,observe,-206810.171875,-206810.171875,1464128.625,14641.28625,21468.05859375,189070.6875,189070.6875,-13000.685546875,13484.654296875,26006.140625,19016.44140625,10181.109375,8835.3330078125,19380.69921875,10292.3056640625,9088.39453125,-0.01915488764643669,-0.010921824723482132,-0.028641991317272186,-1.9154887646436691,353130.7578125,-886768.7265625,1464128.625,56037185.47867936,56037185.47867936,greedy,1464128.625,0.0,hard_fault_cluster
511,N24057,control1,-212378.59375,-212378.59375,1503550.625,15035.50625,22046.05078125,194161.421875,194161.421875,-13350.71875,13847.755859375,26706.36328125,19388.03125,10293.646484375,9094.384765625,19399.51953125,10302.15625,9097.3623046875,-0.0005925450241193175,-0.0008267007651738822,-0.00032740412279963493,-0.05925450241193175,362640.171875,-910643.86328125,1503550.625,57540736.10367936,57540736.10367936,greedy,1503550.625,0.0,hard_fault_cluster
512,N26277,control1,-218096.875,-218096.875,1544033.75,15440.3375,22639.69140625,199389.1875,199389.1875,-13710.185546875,14220.615234375,27425.4375,19393.154296875,10301.01953125,9092.134765625,19349.88671875,10286.4541015625,9063.43359375,0.0022310747299343348,0.0014139794511720538,0.0031567031983286142,0.22310747299343348,372404.3828125,-935162.8203125,1544033.75,59084769.85367936,59084769.85367936,greedy,1544033.75,0.0,hard_fault_cluster
513,N24056,control1,-223969.125,-223969.125,1585607.0,15856.07,23249.15234375,204757.734375,204757.734375,-14079.33203125,14603.537109375,28163.859375,19356.9375,10287.4716796875,9069.466796875,19287.892578125,10265.236328125,9022.65625,0.003566934261471033,0.002161401091143489,0.005161333829164505,0.3566934261471033,382431.53125,-960342.01953125,1585607.0,60670376.85367936,60670376.85367936,greedy,1585607.0,0.0,hard_fault_cluster
514,N20569,control1,-229999.484375,-229999.484375,1628299.625,16282.99625,23875.16796875,210270.859375,210270.859375,-14458.40625,14996.740234375,28922.171875,19295.32421875,10267.56640625,9027.7578125,19226.5546875,10245.97265625,8980.58203125,0.0035640515852719545,0.0021031030919402838,0.005225636530667543,0.35640515852719545,392729.859375,-986198.00390625,1628299.625,62298676.47867936,62298676.47867936,greedy,1628299.625,0.0,hard_fault_cluster
515,N20566,control1,-236192.234375,-236192.234375,1672141.75,16721.4175,24518.00390625,215932.375,215932.375,-14847.7265625,15400.513671875,29700.921875,19227.4296875,10245.826171875,8981.603515625,19170.13671875,10228.2705078125,8941.8671875,0.0029797519091516733,0.0017134454101324081,0.004424191080033779,0.29797519091516733,403301.46875,-1012754.125,1672141.75,63970818.22867936,63970818.22867936,greedy,1672141.75,0.0,hard_fault_cluster
516,N25355,control1,-242551.640625,-242551.640625,1717164.375,17171.64375,25178.09765625,221746.34375,221746.34375,-15247.5,15815.201171875,30500.62890625,19155.267578125,10224.708984375,8930.55859375,19112.21484375,10211.2080078125,8901.0078125,0.002247566357254982,0.0013204264687374234,0.0033089511562138796,0.2247566357254982,414160.71875,-1040022.3203125,1717164.375,65687982.60367936,65687982.60367936,greedy,1717164.375,0.0,hard_fault_cluster
517,N3135,observe,-249082.390625,-249082.390625,1763399.125,17633.99125,25856.04296875,227716.78125,227716.78125,-15658.033203125,16241.021484375,31321.837890625,19111.953125,10211.0078125,8900.9453125,19455.9140625,10315.5703125,9140.3427734375,-0.01799716241657734,-0.010240173898637295,-0.026895733550190926,-1.799716241657734,425312.5859375,-1068024.34375,1763399.125,67451381.72867936,67451381.72867936,greedy,1763399.125,0.0,hard_fault_cluster
518,N26322,control1,-255788.921875,-255788.921875,1810878.75,18108.7875,26552.17578125,233848.0625,233848.0625,-16079.615234375,16678.333984375,32165.1640625,19456.2265625,10315.6279296875,9140.59765625,19450.90234375,10317.029296875,9133.8720703125,0.0002736511523835361,-0.00013584895350504667,0.0007357927970588207,0.02736511523835361,436765.2890625,-1096779.8203125,1810878.75,69262260.47867936,69262260.47867936,greedy,1810878.75,0.0,hard_fault_cluster
519,N26318,control1,-262676.03125,-262676.03125,1859636.625,18596.36625,27267.12890625,240144.421875,240144.421875,-16512.5703125,17127.412109375,33031.2265625,19450.9609375,10317.00390625,9133.9560546875,19399.39453125,10300.59765625,9098.796875,0.002651098184287548,0.0015902145532891154,0.0038492828607559204,0.2651098184287548,448524.015625,-1126311.76953125,1859636.625,71121897.10367936,71121897.10367936,greedy,1859636.625,0.0,hard_fault_cluster
520,N26320,control1,-269748.53125,-269748.53125,1909707.625,19097.07625,28001.24609375,246610.28125,246610.28125,-16957.173828125,17588.591796875,33920.58984375,19399.353515625,10300.572265625,9098.78125,19320.056640625,10274.05078125,9046.005859375,0.004087604116648436,0.0025747583713382483,0.005800270475447178,0.40876041166484356,460600.5234375,-1156637.90625,1909707.625,73031604.72867936,73031604.72867936,greedy,1909707.625,0.0,hard_fault_cluster
521,N26284,control1,-277011.625,-277011.625,1961126.375,19611.26375,28755.24609375,253250.171875,253250.171875,-17413.70703125,18062.185546875,34833.8828125,19320.060546875,10273.98828125,9046.072265625,19246.025390625,10249.7119140625,8996.3134765625,0.0038320354651659727,0.0023628962226212025,0.0055005960166454315,0.38320354651659727,473005.84375,-1187776.56640625,1961126.375,74992731.10367936,74992731.10367936,greedy,1961126.375,0.0,hard_fault_cluster
522,N26282,control1,-284470.1875,-284470.1875,2013929.625,20139.29625,29529.44921875,260068.890625,260068.890625,-17882.5390625,18548.513671875,35771.7734375,19245.984375,10249.673828125,8996.310546875,19185.05859375,10230.169921875,8954.888671875,0.0031656359788030386,0.001902880729176104,0.004604318179190159,0.31656359788030386,485744.609375,-1219754.27734375,2013929.625,77006660.72867936,77006660.72867936,greedy,2013929.625,0.0,hard_fault_cluster
523,N3171,observe,-292129.40625,-292129.40625,2068154.625,20681.54625,30324.51171875,267071.1875,267071.1875,-18364.05078125,19047.935546875,36734.9296875,19184.814453125,10230.154296875,8954.66015625,19518.359375,10332.390625,9185.9697265625,-0.017385881394147873,-0.00999362487345934,-0.02583119459450245,-1.7385881394147873,498820.734375,-1252598.625,2068154.625,79074815.35367936,79074815.35367936,greedy,2068154.625,0.0,hard_fault_cluster
524,N1964,observe,-299995.03125,-299995.03125,2123839.75,21238.3975,31140.99609375,274262.0625,274262.0625,-18858.5,19560.794921875,37724.01171875,19518.693359375,10331.7587890625,9186.9345703125,19783.38671875,10418.5673828125,9364.8203125,-0.013561018742620945,-0.008402111940085888,-0.019362905994057655,-1.3561018742620945,512251.8125,-1286324.546875,2123839.75,81198655.10367936,81198655.10367936,greedy,2123839.75,0.0,hard_fault_cluster
525,N1950,observe,-308072.40625,-308072.40625,2181024.0,21810.24,31979.46484375,281646.53125,281646.53125,-19366.267578125,20087.482421875,38739.73046875,19782.212890625,10418.5546875,9363.658203125,20006.4140625,10497.130859375,9509.283203125,-0.011333473026752472,-0.007541945669800043,-0.015552148222923279,-1.1333473026752472,526043.7734375,-1320959.125,2181024.0,83379679.10367936,83379679.10367936,greedy,2181024.0,0.0,hard_fault_cluster
526,N2521,observe,-316367.125,-316367.125,2239747.75,22397.4775,32840.52734375,289229.8125,289229.8125,-19887.6953125,20628.357421875,39782.828125,20006.69140625,10497.4130859375,9509.279296875,20195.525390625,10570.494140625,9625.03125,-0.00943854171782732,-0.006961815524846315,-0.012172526679933071,-0.943854171782732,540208.03125,-1356525.140625,2239747.75,85619426.85367936,85619426.85367936,greedy,2239747.75,0.0,hard_fault_cluster
527,N36922,control1,-324885.28125,-324885.28125,2300053.0,23000.53,33724.76171875,297017.28125,297017.28125,-20423.1640625,21183.771484375,40853.9296875,20196.03515625,10570.7412109375,9625.29296875,20118.4140625,10534.978515625,9583.4365234375,0.0038433826994150877,0.0033831775654107332,0.0043485891073942184,0.38433826994150877,554753.875,-1393048.8359375,2300053.0,87919479.85367936,87919479.85367936,greedy,2300053.0,0.0,hard_fault_cluster
528,N26280,control1,-333632.84375,-333632.84375,2361982.0,23619.82,34632.69140625,305014.46875,305014.46875,-20973.072265625,21754.177734375,41953.9609375,20118.765625,10534.98828125,9583.7763671875,19975.953125,10484.197265625,9491.755859375,0.007098472211509943,0.0048211743123829365,0.009601696394383907,0.7098472211509943,569689.2421875,-1430558.109375,2361982.0,90281461.85367936,90281461.85367936,greedy,2361982.0,0.0,hard_fault_cluster
529,N27772,control1,-342615.875,-342615.875,2425578.5,24255.785,35565.13671875,313226.90625,313226.90625,-21537.751953125,22339.904296875,43083.53125,19975.8828125,10484.35546875,9491.5283203125,19830.748046875,10433.328125,9397.419921875,0.007265499327331781,0.004866998642683029,0.009914988651871681,0.7265499327331781,585030.2109375,-1469073.84375,2425578.5,92707040.35367936,92707040.35367936,greedy,2425578.5,0.0,hard_fault_cluster
530,N28342,control1,-351840.71875,-351840.71875,2490887.25,24908.8725,36522.82421875,321660.5,321660.5,-22117.677734375,22941.419921875,44243.578125,19830.4140625,10433.1064453125,9397.30859375,19673.72265625,10379.6640625,9294.0576171875,0.007901569828391075,0.005122384522110224,0.010987292043864727,0.7901569828391075,600779.9765625,-1508630.8359375,2490887.25,95197927.60367936,95197927.60367936,greedy,2490887.25,0.0,hard_fault_cluster
531,N26286,control1,-361314.03125,-361314.03125,2557954.25,25579.5425,37506.21484375,330321.15625,330321.15625,-22713.18359375,23559.091796875,45434.8359375,19673.96875,10379.6484375,9294.3203125,19539.6875,10334.54296875,9205.14453125,0.006825326010584831,0.004345567896962166,0.009594653733074665,0.6825326010584831,616957.046875,-1549249.5078125,2557954.25,97755881.85367936,97755881.85367936,greedy,2557954.25,0.0,hard_fault_cluster
532,N28344,control1,-371042.34375,-371042.34375,2626826.5,26268.265,38515.99609375,339215.0,339215.0,-23324.763671875,24193.443359375,46658.17578125,19539.404296875,10334.5048828125,9204.8994140625,19431.83203125,10299.61328125,9132.21875,0.005505401641130447,0.0033762238454073668,0.007895867340266705,0.5505401641130447,633565.1328125,-1590965.9921875,2626826.5,100382708.35367936,100382708.35367936,greedy,2626826.5,0.0,hard_fault_cluster
533,N24139,control0,-381032.53125,-381032.53125,2697554.0,26975.54,39553.05859375,348348.375,348348.375,-23952.7578125,24844.896484375,47914.42578125,19446.35546875,10302.9638671875,9143.392578125,20335.9296875,10615.9052734375,9720.0234375,-0.04574503377079964,-0.030373919755220413,-0.063065305352211,-4.574503377079964,650626.59375,-1633800.1875,2697554.0,103080262.35367936,103080262.35367936,greedy,2697554.0,0.0,hard_fault_cluster
534,N24151,control0,-391291.78125,-391291.78125,2770185.5,27701.855,40618.01171875,357727.59375,357727.59375,-24597.69921875,25513.826171875,49204.4921875,20337.19140625,10615.99609375,9721.1943359375,20967.3046875,10848.9619140625,10118.341796875,-0.030983299016952515,-0.021944791078567505,-0.040853772312402725,-3.0983299016952515,668143.171875,-1677791.6484375,2770185.5,105850447.85367936,105850447.85367936,greedy,2770185.5,0.0,hard_fault_cluster
535,N36948,control1,-401827.40625,-401827.40625,2844772.75,28447.7275,41711.73046875,367359.375,367359.375,-25259.98046875,26200.794921875,50529.3359375,20948.13671875,10844.39453125,10103.7412109375,20377.37109375,10609.17578125,9768.1953125,0.02724660560488701,0.021690353751182556,0.033210065215826035,2.724660560488701,686134.078125,-1722965.015625,2844772.75,108695220.60367936,108695220.60367936,greedy,2844772.75,0.0,hard_fault_cluster
536,N1236,control0,-412646.4375,-412646.4375,2921367.75,29213.6775,42834.69921875,377250.40625,377250.40625,-25940.08203125,26906.255859375,51889.83984375,20386.791015625,10611.2890625,9775.501953125,21081.19140625,10904.2236328125,10176.966796875,-0.03406129032373428,-0.02760593593120575,-0.041068464517593384,-3.4061290323734283,704609.953125,-1769353.6640625,2921367.75,111616588.35367936,111616588.35367936,greedy,2921367.75,0.0,hard_fault_cluster
537,N26278,control1,-423756.90625,-423756.90625,3000025.5,30000.255,43988.07421875,387407.875,387407.875,-26638.5390625,27630.724609375,53286.96875,21071.36328125,10901.8564453125,10169.5068359375,20496.1015625,10660.322265625,9835.779296875,0.0273006409406662,0.02215532585978508,0.03281649202108383,2.73006409406662,723579.46875,-1816995.5625,3000025.5,114616613.85367936,114616613.85367936,greedy,3000025.5,0.0,hard_fault_cluster
538,N26323,control1,-435166.46875,-435166.46875,3080801.5,30808.015,45172.43359375,397838.8125,397838.8125,-27355.77734375,28374.693359375,54721.75,20496.359375,10660.595703125,9835.7646484375,20144.54296875,10534.1552734375,9610.38671875,0.017164824530482292,0.011860541068017483,0.02291412465274334,1.7164824530482292,743062.578125,-1865917.65625,3080801.5,117697415.35367936,117697415.35367936,greedy,3080801.5,0.0,hard_fault_cluster
539,N26292,control1,-446883.28125,-446883.28125,3163751.75,31637.5175,46388.68359375,408550.5,408550.5,-28092.35546875,29138.662109375,56195.1171875,20143.994140625,10533.796875,9610.197265625,19928.17578125,10454.517578125,9473.658203125,0.010713782161474228,0.007526184432208538,0.014207727275788784,1.0713782161474228,763066.703125,-1916159.984375,3163751.75,120861167.10367936,120861167.10367936,greedy,3163751.75,0.0,hard_fault_cluster
540,N26331,control1,-458915.75,-458915.75,3248935.5,32489.355,47637.68359375,419550.75,419550.75,-28848.7109375,29923.271484375,57708.16015625,19928.73828125,10454.822265625,9473.9169921875,19790.6796875,10406.3896484375,9384.291015625,0.006927613168954849,0.0046325623989105225,0.009460287168622017,0.6927613168954849,783615.15625,-1967749.53125,3248935.5,124110102.60367936,124110102.60367936,greedy,3248935.5,0.0,hard_fault_cluster
541,N25978,control1,-471271.84375,-471271.84375,3336413.0,33364.13,48920.15234375,430847.0625,430847.0625,-29625.48828125,30728.943359375,59261.96875,19789.87890625,10406.0400390625,9383.8388671875,19676.75390625,10368.2275390625,9308.5263671875,0.0057163056917488575,0.0036337070632725954,0.008025766350328922,0.5716305691748857,804711.234375,-2020733.8125,3336413.0,127446515.60367936,127446515.60367936,greedy,3336413.0,0.0,hard_fault_cluster
542,N28340,control1,-483960.65625,-483960.65625,3426245.5,34262.455,50237.41796875,442447.46875,442447.46875,-30423.15234375,31556.333984375,60857.57421875,19676.763671875,10368.23046875,9308.533203125,19572.578125,10334.591796875,9237.986328125,0.0052948519587516785,0.0032443986274302006,0.007578731514513493,0.5294851958751678,826377.734375,-2075141.9921875,3426245.5,130872761.10367936,130872761.10367936,greedy,3426245.5,0.0,hard_fault_cluster
543,N25976,control1,-496991.3125,-496991.3125,3518497.0,35184.97,51589.98046875,454360.3125,454360.3125,-31242.291015625,32406.005859375,62496.171875,19572.48828125,10334.5234375,9237.9638671875,19483.63671875,10307.017578125,9176.619140625,0.004539615008980036,0.002661550883203745,0.00664050318300724,0.4539615008980036,848628.2109375,-2131014.7734375,3518497.0,134391258.10367936,134391258.10367936,greedy,3518497.0,0.0,hard_fault_cluster
544,N24148,control0,-510372.90625,-510372.90625,3613231.75,36132.3175,52979.08984375,466593.90625,466593.90625,-32083.453125,33278.55078125,64178.875,19498.87109375,10310.4375,9188.4326171875,20361.8671875,10640.8720703125,9720.99609375,-0.04425877332687378,-0.032048549503088,-0.057960208505392075,-4.425877332687378,871480.34375,-2188388.8984375,3613231.75,138004489.85367936,138004489.85367936,greedy,3613231.75,0.0,hard_fault_cluster
545,N24112,control0,-524114.53125,-524114.53125,3710517.5,37105.175,54405.63671875,479156.8125,479156.8125,-32947.30078125,34174.53515625,65906.84375,20360.76171875,10640.62109375,9720.140625,20967.40234375,10883.28515625,10084.1162109375,-0.029794594272971153,-0.022805441170930862,-0.03744550794363022,-2.9794594272971153,894944.234375,-2247311.5,3710517.5,141715007.35367936,141715007.35367936,greedy,3710517.5,0.0,hard_fault_cluster
546,N26333,control1,-538226.25,-538226.25,3810422.5,38104.225,55870.37109375,492058.0,492058.0,-33834.3671875,35094.70703125,67681.328125,20950.9609375,10879.3798828125,10071.5810546875,20416.119140625,10654.720703125,9761.3984375,0.02552827075123787,0.020649999380111694,0.03079780749976635,2.552827075123787,919043.78125,-2307816.59375,3810422.5,145525429.85367936,145525429.85367936,greedy,3810422.5,0.0,hard_fault_cluster
547,N25709,control1,-552718.125,-552718.125,3913018.5,39130.185,57374.68359375,505306.46875,505306.46875,-34745.40234375,36039.69140625,69503.75,20415.1484375,10654.306640625,9760.841796875,20113.609375,10542.0224609375,9571.5859375,0.014770358800888062,0.010538853704929352,0.01938929595053196,1.4770358800888062,943784.734375,-2369958.9921875,3913018.5,149438448.35367936,149438448.35367936,greedy,3913018.5,0.0,hard_fault_cluster
548,N28406,control1,-567599.75,-567599.75,4018375.25,40183.7525,58919.41796875,518911.90625,518911.90625,-35680.88671875,37010.06640625,71375.1015625,20113.5625,10542.0263671875,9571.537109375,19933.04296875,10473.662109375,9459.380859375,0.0089750150218606,0.006484925746917725,0.01171768456697464,0.89750150218606,969198.484375,-2433766.8828125,4018375.25,153456823.60367936,153456823.60367936,greedy,4018375.25,0.0,hard_fault_cluster
549,N28408,control1,-582882.5,-582882.5,4126570.0,41265.7,60505.82421875,532883.5,532883.5,-36641.57421875,38006.59765625,73296.84375,19932.96875,10473.619140625,9459.3486328125,19807.97265625,10426.6796875,9381.29296875,0.006270821671932936,0.004481683950871229,0.008251695893704891,0.6270821671932936,995296.078125,-2499294.046875,4126570.0,157583393.60367936,157583393.60367936,greedy,4126570.0,0.0,hard_fault_cluster
550,N28332,control1,-598576.375,-598576.375,4237678.0,42376.78,62134.99609375,547231.25,547231.25,-37628.1484375,39029.84765625,75270.3515625,19808.0703125,10426.7353515625,9381.3359375,19693.9765625,10387.33984375,9306.63671875,0.00575996283441782,0.0037783165462315083,0.007962535135447979,0.575996283441782,1022094.40625,-2566587.53125,4237678.0,161821071.60367936,161821071.60367936,greedy,4237678.0,0.0,hard_fault_cluster
551,N28326,control1,-614693.0,-614693.0,4351776.5,43517.765,63807.91796875,561965.3125,561965.3125,-38641.27734375,40080.72265625,77296.984375,19693.927734375,10387.3046875,9306.623046875,19594.244140625,10354.421875,9239.822265625,0.005061640869826078,0.003165673231706023,0.007177767809480429,0.5061640869826078,1049614.078125,-2635692.28125,4351776.5,166172848.10367936,166172848.10367936,greedy,4351776.5,0.0,hard_fault_cluster
552,N28330,control1,-631243.4375,-631243.4375,4468948.0,44689.48,65525.85546875,577096.25,577096.25,-39681.6953125,41159.97265625,79378.2421875,19594.1953125,10354.38671875,9239.8095703125,19510.177734375,10327.93359375,9182.244140625,0.0042878808453679085,0.0025547747500240803,0.006230153143405914,0.42878808453679085,1077874.71875,-2706658.46875,4468948.0,170641796.10367936,170641796.10367936,greedy,4468948.0,0.0,hard_fault_cluster
553,N28310,control1,-648239.625,-648239.625,4589273.5,45892.735,67290.1484375,592634.375,592634.375,-40750.1484375,42268.19140625,81515.453125,19510.123046875,10327.896484375,9182.2265625,19438.841796875,10306.34375,9132.498046875,0.0036535521503537893,0.0020868463907390833,0.005415736231952906,0.36535521503537893,1106893.03125,-2779537.875,4589273.5,175231069.60367936,175231069.60367936,greedy,4589273.5,0.0,hard_fault_cluster
554,N28338,control1,-665693.4375,-665693.4375,4712839.0,47128.39,69102.1171875,608590.9375,608590.9375,-41847.29296875,43406.28515625,83710.21875,19438.8046875,10306.3125,9132.4921875,19377.681640625,10288.44140625,9089.240234375,0.0031443829648196697,0.0017339949263259768,0.004736051429063082,0.314438296481967,1136700.640625,-2854371.8125,4712839.0,179943908.60367936,179943908.60367936,greedy,4712839.0,0.0,hard_fault_cluster
555,N28328,control1,-683617.25,-683617.25,4839731.5,48397.315,70962.6796875,624977.1875,624977.1875,-42974.015625,44575.03515625,85964.171875,19377.634765625,10288.408203125,9089.2265625,19324.734375,10273.326171875,9051.4091796875,0.0027299714274704456,0.001465924666263163,0.004160682205110788,0.27299714274704456,1167307.125,-2931224.390625,4839731.5,184783640.10367936,184783640.10367936,greedy,4839731.5,0.0,hard_fault_cluster
556,N28334,control1,-702023.5,-702023.5,4970041.0,49700.41,72873.1328125,641804.6875,641804.6875,-44131.0703125,45775.19140625,88278.6796875,19324.6796875,10273.2890625,9051.390625,19278.66015625,10260.4931640625,9018.16796875,0.0023813864681869745,0.0012455503456294537,0.003670447738841176,0.23813864681869745,1198738.65625,-3010145.609375,4970041.0,189753681.10367936,189753681.10367936,greedy,4970041.0,0.0,hard_fault_cluster
557,N28324,control1,-720925.125,-720925.125,5103858.5,51038.585,74835.3046875,659084.875,659084.875,-45319.2890625,47007.73828125,90655.59375,19278.61328125,10260.458984375,9018.1552734375,19238.4140625,10249.52734375,8988.8857421875,0.002085171639919281,0.0010654143989086151,0.0032456228509545326,0.2085171639919281,1231014.46875,-3091193.0625,5103858.5,194857539.60367936,194857539.60367936,greedy,5103858.5,0.0,hard_fault_cluster
558,N28322,control1,-740336.1875,-740336.1875,5241278.5,52412.785,76850.3671875,676830.6875,676830.6875,-46539.44921875,48273.39453125,93096.4375,19238.3671875,10249.494140625,8988.873046875,19203.033203125,10240.017578125,8963.015625,0.0018366415752097964,0.0009245882974937558,0.002876603277400136,0.18366415752097964,1264164.265625,-3174417.625,5241278.5,200098818.10367936,200098818.10367936,greedy,5241278.5,0.0,hard_fault_cluster
559,N28304,control1,-760269.4375,-760269.4375,5382400.5,53824.005,78919.3671875,695054.25,695054.25,-47792.56640625,49573.17578125,95603.046875,19202.994140625,10239.986328125,8963.0078125,19171.8125,10231.6748046875,8940.138671875,0.0016237905947491527,0.0008116732933558524,0.002551503013819456,0.16237905947491527,1298198.109375,-3259892.953125,5382400.5,205481218.60367936,205481218.60367936,greedy,5382400.5,0.0,hard_fault_cluster
560,N28316,control1,-780739.5,-780739.5,5527320.0,55273.2,81044.1640625,713768.3125,713768.3125,-49079.3828125,50907.94140625,98177.21875,19171.767578125,10231.640625,8940.126953125,19144.294921875,10224.3994140625,8919.8955078125,0.0014329745899885893,0.0007077272748574615,0.0022629930172115564,0.14329745899885893,1333150.03125,-3347666.203125,5527320.0,211008538.60367936,211008538.60367936,greedy,5527320.0,0.0,hard_fault_cluster
561,N28320,control1,-801760.875,-801760.875,5676142.5,56761.425,83226.2421875,732986.5625,732986.5625,-50400.79296875,52278.56640625,100820.59375,19144.248046875,10224.365234375,8919.8828125,19120.0078125,10218.0078125,8901.9990234375,0.00126618891954422,0.0006217913469299674,0.0020049354061484337,0.126618891954422,1369049.765625,-3437797.03125,5676142.5,216684681.10367936,216684681.10367936,greedy,5676142.5,0.0,hard_fault_cluster
562,N28336,control1,-823348.25,-823348.25,5828972.0,58289.72,85467.2734375,752721.9375,752721.9375,-51757.82421875,53686.28515625,103535.15625,19119.958984375,10217.97265625,8901.986328125,19098.4609375,10212.3076171875,8886.154296875,0.0011243772460147738,0.0005544190644286573,0.00177848304156214,0.11243772460147738,1405911.515625,-3530358.9375,5828972.0,222513653.10367936,222513653.10367936,greedy,5828972.0,0.0,hard_fault_cluster
563,N24109,control0,-845516.5625,-845516.5625,5985916.5,59859.165,87768.2734375,772988.9375,772988.9375,-53151.46484375,55131.75390625,106322.8203125,19113.314453125,10215.57421875,8897.740234375,20182.7734375,10586.4326171875,9596.3408203125,-0.05595361068844795,-0.036303237080574036,-0.07851438224315643,-5.595361068844795,1443758.953125,-3625420.125,5985916.5,228499569.60367936,228499569.60367936,greedy,5985916.5,0.0,hard_fault_cluster
564,N26329,control1,-868282.125,-868282.125,6147087.0,61470.87,90131.4921875,793801.5625,793801.5625,-54582.55859375,56616.16015625,109185.609375,20166.46875,10582.85546875,9583.6123046875,19783.7109375,10433.1240234375,9350.587890625,0.018979912623763084,0.014148492366075516,0.02431488409638405,1.8979912623763084,1482632.703125,-3723033.71875,6147087.0,234646656.60367936,234646656.60367936,greedy,6147087.0,0.0,hard_fault_cluster
565,N28250,control1,-891660.3125,-891660.3125,6312596.0,63125.96,92558.1796875,815174.6875,815174.6875,-56052.17578125,58140.53515625,112125.3984375,19782.86328125,10432.7890625,9350.0732421875,19623.236328125,10375.08984375,9248.146484375,0.008068950846791267,0.005530565045773983,0.010901171714067459,0.8068950846791267,1522553.109375,-3823274.90625,6312596.0,240959252.60367936,240959252.60367936,greedy,6312596.0,0.0,hard_fault_cluster
566,N28274,control1,-915668.125,-915668.125,6482562.5,64825.625,95050.2421875,837123.25,837123.25,-57561.43359375,59705.91015625,115144.4375,19623.19140625,10375.0576171875,9248.1328125,19485.4375,10327.5439453125,9157.89453125,0.007019954267889261,0.004579605534672737,0.009757459163665771,0.7019954267889261,1563542.390625,-3926221.921875,6482562.5,247441815.10367936,247441815.10367936,greedy,6482562.5,0.0,hard_fault_cluster
567,N28298,control1,-940322.3125,-940322.3125,6657104.0,66571.04,97609.5859375,859662.4375,859662.4375,-59111.18359375,61313.56640625,118244.625,19485.38671875,10327.509765625,9157.876953125,19376.728515625,10291.337890625,9085.390625,0.005576394498348236,0.003502477891743183,0.007915189489722252,0.5576394498348236,1605648.078125,-4031926.75,6657104.0,254098919.10367936,254098919.10367936,greedy,6657104.0,0.0,hard_fault_cluster
568,N25712,control1,-965640.25,-965640.25,6836346.5,68363.465,100237.7421875,882808.625,882808.625,-60702.75390625,62964.47265625,121428.359375,19376.66796875,10291.23046875,9085.4384765625,19293.26171875,10263.619140625,9029.642578125,0.0043044681660830975,0.0026829957496374846,0.006141244433820248,0.43044681660830975,1648879.734375,-4140486.609375,6836346.5,260935265.60367936,260935265.60367936,greedy,6836346.5,0.0,hard_fault_cluster
569,N28268,control1,-991640.0,-991640.0,7020413.0,70204.13,102936.8046875,906578.1875,906578.1875,-62337.20703125,64659.75390625,124697.8515625,19293.275390625,10263.673828125,9029.6015625,19232.66796875,10244.908203125,8987.759765625,0.0031413754913955927,0.0018283536192029715,0.004633847624063492,0.31413754913955927,1693270.484375,-4251972.90625,7020413.0,267955678.60367936,267955678.60367936,greedy,7020413.0,0.0,hard_fault_cluster
570,N28280,control1,-1018339.8125,-1018339.8125,7209437.5,72094.375,105708.2421875,930987.5625,930987.5625,-64015.63671875,66400.7578125,128055.34375,19232.62109375,10244.875,8987.74609375,19184.17578125,10230.185546875,8953.990234375,0.002518913708627224,0.0014338343171402812,0.0037557645700871944,0.2518913708627224,1738861.390625,-4366457.40625,7209437.5,275165116.10367936,275165116.10367936,greedy,7209437.5,0.0,hard_fault_cluster
571,N28232,control1,-1045758.125,-1045758.125,7403551.0,74035.51,108554.0546875,956054.4375,956054.4375,-65739.2578125,68188.5703125,131503.25,19184.125,10230.1494140625,8953.974609375,19145.767578125,10219.2421875,8926.525390625,0.001999435480684042,0.0010661844862625003,0.00306559051387012,0.1999435480684042,1785679.65625,-4484024.421875,7403551.0,282568667.10367936,282568667.10367936,greedy,7403551.0,0.0,hard_fault_cluster
572,N26040,control1,-1073915.0,-1073915.0,7602890.5,76028.905,111477.1796875,981795.8125,981795.8125,-67509.2578125,70024.5703125,135043.875,19145.740234375,10219.18359375,8926.556640625,19114.658203125,10210.783203125,8903.875,0.0016234436770901084,0.0008220216841436923,0.0025409171357750893,0.16234436770901084,1833760.53125,-4604754.203125,7602890.5,290171557.60367936,290171557.60367936,greedy,7602890.5,0.0,hard_fault_cluster
573,N28238,control1,-1102830.125,-1102830.125,7807597.0,78075.97,114478.5546875,1008230.75,1008230.75,-69326.9453125,71909.9765625,138679.96875,19114.61328125,10210.779296875,8903.8330078125,19089.26953125,10204.2392578125,8885.029296875,0.001325883436948061,0.0006405034218914807,0.002111867070198059,0.1325883436948061,1883133.21875,-4728737.59375,7807597.0,297979154.60367936,297979154.60367936,greedy,7807597.0,0.0,hard_fault_cluster
574,N26042,control1,-1132523.875,-1132523.875,8017815.0,80178.15,117560.8046875,1035377.0625,1035377.0625,-71193.484375,73846.1953125,142413.796875,19089.21484375,10204.173828125,8885.0400390625,19068.0078125,10198.9521484375,8869.056640625,0.0011109430342912674,0.0005117199616506696,0.001798911252990365,0.11109430342912674,1933843.625,-4856050.421875,8017815.0,305996969.60367936,305996969.60367936,greedy,8017815.0,0.0,hard_fault_cluster
575,N25974,control1,-1163016.375,-1163016.375,8233694.0,82336.94,120726.1484375,1063254.25,1063254.25,-73110.3828125,75834.4453125,146248.34375,19068.041015625,10198.962890625,8869.078125,19050.193359375,10194.7578125,8855.435546875,0.0009359983960166574,0.0004123044782318175,0.0015382182318717241,0.09359983960166574,1985909.96875,-4986801.21875,8233694.0,314230663.60367936,314230663.60367936,greedy,8233694.0,0.0,hard_fault_cluster
576,N28262,control1,-1194331.0,-1194331.0,8455384.0,84553.84,123976.8359375,1091882.5,1091882.5,-75078.859375,77876.2578125,150185.96875,19050.126953125,10194.7265625,8855.400390625,19035.078125,10191.32421875,8843.7529296875,0.0007899594493210316,0.00033373566111549735,0.0013152946485206485,0.07899594493210316,2039380.5625,-5121069.3125,8455384.0,322686047.60367936,322686047.60367936,greedy,8455384.0,0.0,hard_fault_cluster
577,N28292,control1,-1226487.875,-1226487.875,8683044.0,86830.44,127315.0546875,1121281.375,1121281.375,-77100.375,79973.1015625,154229.734375,19035.0234375,10191.2880859375,8843.736328125,19022.28125,10188.5703125,8833.7109375,0.0006694074836559594,0.00026667615748010576,0.0011336148018017411,0.06694074836559594,2094287.875,-5258956.15625,8683044.0,331369091.60367936,331369091.60367936,greedy,8683044.0,0.0,hard_fault_cluster
578,N28256,control1,-1259511.375,-1259511.375,8916833.0,89168.33,130742.8046875,1151471.5,1151471.5,-79176.21875,82126.4140625,158382.265625,19022.228515625,10188.53515625,8833.693359375,19011.13671875,10186.2412109375,8824.89453125,0.0005830965819768608,0.00022514966258313507,0.000996053102426231,0.058309658197686076,2150682.625,-5400545.75,8916833.0,340285924.60367936,340285924.60367936,greedy,8916833.0,0.0,hard_fault_cluster
579,N28286,control1,-1293423.375,-1293423.375,9156918.0,91569.18,134263.0,1182474.5,1182474.5,-81307.96875,84337.6015625,162646.703125,19011.078125,10186.2041015625,8824.875,19001.4140625,10184.265625,8817.1484375,0.0005083385040052235,0.0001903041120385751,0.0008755435701459646,0.05083385040052235,2208595.625,-5545948.75,9156918.0,349442842.60367936,349442842.60367936,greedy,9156918.0,0.0,hard_fault_cluster
580,N28244,control1,-1328248.125,-1328248.125,9403466.0,94034.66,137878.03125,1214312.625,1214312.625,-83497.1875,86608.4765625,167025.984375,19001.36328125,10184.23046875,8817.1328125,18992.94140625,10182.583984375,8810.357421875,0.0004432247660588473,0.00016166998830158263,0.0007684346637688577,0.04432247660588473,2268059.875,-5695274.09375,9403466.0,358846308.60367936,358846308.60367936,greedy,9403466.0,0.0,hard_fault_cluster
581,N28226,control1,-1364011.375,-1364011.375,9656654.0,96566.54,141590.25,1247007.875,1247007.875,-85745.3828125,88940.3203125,171523.15625,18992.88671875,10182.5478515625,8810.33984375,18985.52734375,10181.1455078125,8804.3828125,0.0003874805988743901,0.00013772031525149941,0.0006761408876627684,0.03874805988743901,2329123.59375,-5848622.8125,9656654.0,368502962.60367936,368502962.60367936,greedy,9656654.0,0.0,hard_fault_cluster
582,N28220,control1,-1400737.125,-1400737.125,9916657.0,99166.57,145402.5,1280583.125,1280583.125,-88054.046875,91335.0703125,176141.3125,18985.470703125,10181.1083984375,8804.3623046875,18979.025390625,10179.900390625,8799.125,0.00033948657801374793,0.00011865189298987389,0.0005948533653281629,0.03394865780137479,2391835.4375,-6006094.65625,9916657.0,378419619.60367936,378419619.60367936,greedy,9916657.0,0.0,hard_fault_cluster
583,N28404,control1,-1438451.5,-1438451.5,10183661.0,101836.61,149317.46875,1315062.5,1315062.5,-90424.8515625,93794.2265625,180883.8125,18979.025390625,10179.87109375,8799.154296875,18973.24609375,10178.806640625,8794.439453125,0.00030450968188233674,0.00010456449672346935,0.0005358291673474014,0.030450968188233674,2456238.34375,-6167804.28125,10183661.0,388603280.60367936,388603280.60367936,greedy,10183661.0,0.0,hard_fault_cluster
584,N28214,control1,-1477181.5,-1477181.5,10457855.0,104578.55,153337.8125,1350470.125,1350470.125,-92859.5,96319.7265625,185754.109375,18973.171875,10178.7734375,8794.3984375,18968.21484375,10177.88671875,8790.328125,0.00026126528973691165,8.711450209375471e-05,0.0004628301248885691,0.026126528973691165,2522375.125,-6333868.71875,10457855.0,399061135.60367936,399061135.60367936,greedy,10457855.0,0.0,hard_fault_cluster
585,N20562,control0,-1516954.25,-1516954.25,10739431.0,107394.31,157466.53125,1386831.875,1386831.875,-95359.7578125,98913.1953125,190755.578125,18972.408203125,10178.052734375,8794.35546875,20105.7265625,10553.115234375,9552.611328125,-0.05973508208990097,-0.03685012459754944,-0.08622074127197266,-5.973508208990097,2590287.09375,-6504410.0625,10739431.0,409800566.60367936,409800566.60367936,greedy,10739431.0,0.0,hard_fault_cluster
586,N24136,control0,-1557798.125,-1557798.125,11028589.0,110285.89,161706.125,1424171.75,1424171.75,-97927.375,101576.3203125,195891.75,20116.451171875,10556.1708984375,9560.2802734375,20823.859375,10793.5126953125,10030.345703125,-0.035165656358003616,-0.02248370088636875,-0.04916858300566673,-3.5165656358003616,2660023.25,-6679547.3125,11028589.0,420829155.60367936,420829155.60367936,greedy,11028589.0,0.0,hard_fault_cluster
587,N15055,control0,-1599741.75,-1599741.75,11325532.0,113255.32,166060.0625,1462517.375,1462517.375,-100564.0546875,104311.1953125,201166.03125,20806.83203125,10789.6796875,10017.1513671875,21224.171875,10967.94140625,10256.23046875,-0.02005782723426819,-0.016521502286195755,-0.02386697567999363,-2.005782723426819,2731643.90625,-6859393.125,11325532.0,432154687.60367936,432154687.60367936,greedy,11325532.0,0.0,hard_fault_cluster
588,N25715,control1,-1642814.375,-1642814.375,11630471.0,116304.71,170531.375,1501895.125,1501895.125,-103271.71875,107119.6953125,206582.46875,21224.05078125,10967.734375,10256.31640625,20598.2421875,10690.982421875,9907.259765625,0.02948582172393799,0.025233283638954163,0.03403333202004433,2.948582172393799,2805194.25,-7044080.34375,11630471.0,443785158.60367936,443785158.60367936,greedy,11630471.0,0.0,hard_fault_cluster
589,N24157,control0,-1687047.0,-1687047.0,11943619.0,119436.19,175123.0625,1542333.625,1542333.625,-106052.28125,110004.0078125,212144.5,20612.5859375,10694.025390625,9918.560546875,21420.1640625,11003.341796875,10416.822265625,-0.03917888551950455,-0.028924226760864258,-0.050235286355018616,-3.9178885519504547,2880724.5,-7233739.96875,11943619.0,455728777.60367936,455728777.60367936,greedy,11943619.0,0.0,hard_fault_cluster
590,N24154,control0,-1732470.25,-1732470.25,12265199.0,122651.99,179837.8125,1583860.125,1583860.125,-108907.7265625,112966.0078125,217856.578125,21421.330078125,11003.5625,10417.767578125,21939.46484375,11212.9814453125,10726.4833984375,-0.02418779581785202,-0.01903192140161991,-0.02963358722627163,-2.418779581785202,2958286.46875,-7428507.875,12265199.0,467993976.60367936,467993976.60367936,greedy,12265199.0,0.0,hard_fault_cluster
591,N29848,control1,-1779117.0,-1779117.0,12595436.0,125954.36,184680.375,1626505.625,1626505.625,-111840.0703125,116007.5078125,223722.15625,21922.71875,11208.912109375,10713.8076171875,21211.36328125,10917.359375,10294.00390625,0.03244832158088684,0.026010796427726746,0.03918342664837837,3.244832158088684,3037934.59375,-7628521.625,12595436.0,480589412.60367936,480589412.60367936,greedy,12595436.0,0.0,hard_fault_cluster
592,N25958,control1,-1827019.5,-1827019.5,12934566.0,129345.66,189652.6875,1670298.875,1670298.875,-114851.3984375,119130.8828125,229745.90625,21210.3203125,10917.375,10292.9453125,20717.345703125,10746.685546875,9970.66015625,0.023242205381393433,0.01563466154038906,0.031311266124248505,2.3242205381393433,3119725.03125,-7833923.625,12934566.0,493523978.60367936,493523978.60367936,greedy,12934566.0,0.0,hard_fault_cluster
593,N25954,control1,-1876211.625,-1876211.625,13282829.0,132828.29,194758.9375,1715271.5,1715271.5,-117943.5546875,122338.6328125,235931.8125,20717.29296875,10746.654296875,9970.6396484375,20302.4765625,10608.99609375,9693.48046875,0.020022712647914886,0.01280940044671297,0.027797533199191093,2.0022712647914886,3203745.03125,-8044830.34375,13282829.0,506806807.60367936,506806807.60367936,greedy,13282829.0,0.0,hard_fault_cluster
594,N25956,control1,-1926728.75,-1926728.75,13640466.0,136404.66,200002.375,1761454.875,1761454.875,-121119.2109375,125632.5078125,242284.25,20302.41015625,10608.95703125,9693.453125,20074.87890625,10531.134765625,9543.744140625,0.011207105591893196,0.007335524540394545,0.01544434018433094,1.1207105591893196,3289999.78125,-8261440.875,13640466.0,520447273.60367936,520447273.60367936,greedy,13640466.0,0.0,hard_fault_cluster
595,N25890,control1,-1978605.5,-1978605.5,14007734.0,140077.34,205387.6875,1808881.625,1808881.625,-124380.3046875,129015.0703125,248807.5625,20074.837890625,10531.10546875,9543.732421875,19929.724609375,10479.3505859375,9450.3740234375,0.00722861522808671,0.004914477467536926,0.009782168082892895,0.722861522808671,3378585.15625,-8483876.5625,14007734.0,534455007.60367936,534455007.60367936,greedy,14007734.0,0.0,hard_fault_cluster
596,N25960,control1,-2031878.625,-2031878.625,14384889.0,143848.89,210917.8125,1857585.375,1857585.375,-127729.2421875,132488.6875,255506.71875,19929.671875,10479.3154296875,9450.357421875,19819.025390625,10436.509765625,9382.515625,0.005551846697926521,0.004084776621311903,0.007178754545748234,0.5551846697926521,3469550.15625,-8712305.625,14384889.0,548839896.6036794,548839896.6036794,greedy,14384889.0,0.0,hard_fault_cluster
597,N25962,control1,-2086586.375,-2086586.375,14772201.0,147722.01,216596.8125,1907600.875,1907600.875,-131168.421875,136056.0625,262386.34375,19818.9765625,10436.474609375,9382.501953125,19712.66796875,10395.5029296875,9317.1640625,0.0053639798425138,0.003925816155970097,0.0069638025015592575,0.53639798425138,3562959.6875,-8946891.71875,14772201.0,563612097.6036794,563612097.6036794,greedy,14772201.0,0.0,hard_fault_cluster
598,N25964,control1,-2142768.25,-2142768.25,15169940.0,151699.4,222428.375,1958962.375,1958962.375,-134700.140625,139719.1875,269451.09375,19712.619140625,10395.466796875,9317.15234375,19625.0390625,10365.8935546875,9259.146484375,0.004442843142896891,0.002844820963218808,0.0062257070094347,0.44428431428968906,3658888.3125,-9187788.46875,15169940.0,578782037.6036794,578782037.6036794,greedy,15169940.0,0.0,hard_fault_cluster
599,N25966,control1,-2200462.0,-2200462.0,15578389.0,155783.89,228417.6875,2011707.25,2011707.25,-138326.890625,143481.1875,276705.9375,19624.9921875,10365.8583984375,9259.1328125,19547.767578125,10341.099609375,9206.66796875,0.003935013432055712,0.0023884938564151525,0.005666280630975962,0.3935013432055712,3757407.1875,-9435165.0,15578389.0,594360426.6036794,594360426.6036794,greedy,15578389.0,0.0,hard_fault_cluster
600,N25972,control1,-2259708.0,-2259708.0,15997836.0,159978.36,234567.375,2065871.875,2065871.875,-142051.46875,147344.625,284156.28125,19547.720703125,10341.0654296875,9206.6552734375,19479.48046875,10320.0390625,9159.4404296875,0.0034909560345113277,0.0020332883577793837,0.0051283384673297405,0.3490956034511328,3858561.0,-9689219.90625,15997836.0,610358262.6036794,610358262.6036794,greedy,15997836.0,0.0,hard_fault_cluster
601,N25968,control1,-2320550.5,-2320550.5,16428573.0,164285.73,240883.5,2121494.25,2121494.25,-145876.203125,151311.625,291806.96875,19479.421875,10319.9990234375,9159.4228515625,19419.150390625,10302.154296875,9116.99609375,0.0030941106379032135,0.0017291402909904718,0.004632033873349428,0.30941106379032135,3962446.9375,-9950103.5,16428573.0,626786835.6036794,626786835.6036794,greedy,16428573.0,0.0,hard_fault_cluster
602,N25970,control1,-2383031.0,-2383031.0,16870912.0,168709.12,247369.0625,2178616.0,2178616.0,-149803.765625,155385.75,299664.03125,19419.11328125,10302.1220703125,9116.990234375,19365.6953125,10286.7919921875,9078.904296875,0.002750793471932411,0.0014880505623295903,0.004177468363195658,0.2750793471932411,4069151.4375,-10217994.5625,16870912.0,643657747.6036794,643657747.6036794,greedy,16870912.0,0.0,hard_fault_cluster
603,N25896,control1,-2447193.75,-2447193.75,17325158.0,173251.58,254029.1875,2237274.75,2237274.75,-153837.3125,159569.375,307732.6875,19365.650390625,10286.7578125,9078.892578125,19318.201171875,10273.431640625,9044.76953125,0.0024501741863787174,0.0012954686535522342,0.0037585031241178513,0.24501741863787174,4178701.5,-10493123.0625,17325158.0,660982905.6036794,660982905.6036794,greedy,17325158.0,0.0,hard_fault_cluster
604,N25902,control1,-2513084.0,-2513084.0,17791634.0,177916.34,260869.0625,2297512.5,2297512.5,-157979.1875,163866.125,316017.90625,19318.14453125,10273.3935546875,9044.751953125,19275.923828125,10261.7080078125,9014.2158203125,0.0021855465602129698,0.0011374573223292828,0.003376116044819355,0.21855465602129698,4291227.75,-10775632.125,17791634.0,678774539.6036794,678774539.6036794,greedy,17791634.0,0.0,hard_fault_cluster
605,N25932,control1,-2580749.0,-2580749.0,18270670.0,182706.7,267893.0,2359372.25,2359372.25,-162232.640625,168278.125,324526.59375,19275.888671875,10261.677734375,9014.2109375,19238.4609375,10251.544921875,8986.916015625,0.0019416866125538945,0.0009874420939013362,0.003027987899258733,0.19416866125538945,4406778.1875,-11065753.5,18270670.0,697045209.6036794,697045209.6036794,greedy,18270670.0,0.0,hard_fault_cluster
606,N25938,control1,-2650234.5,-2650234.5,18762604.0,187626.04,275105.6875,2422898.5,2422898.5,-166600.875,172808.875,333264.375,19238.416015625,10251.51171875,8986.904296875,19205.09765625,10242.57421875,8962.5224609375,0.0017318660393357277,0.0008718226454220712,0.002713040681555867,0.17318660393357277,4525415.0,-11363711.875,18762604.0,715807813.6036794,715807813.6036794,greedy,18762604.0,0.0,hard_fault_cluster
607,N28208,control1,-2721592.5,-2721592.5,19267784.0,192677.84,282513.25,2488134.0,2488134.0,-171086.5625,177461.625,342237.5625,19205.1875,10242.591796875,8962.5947265625,19175.296875,10234.603515625,8940.693359375,0.0015563828637823462,0.0007799082086421549,0.002443641424179077,0.15563828637823462,4647261.75,-11669676.75,19267784.0,735075597.6036794,735075597.6036794,greedy,19267784.0,0.0,hard_fault_cluster
608,N26038,control1,-2794870.0,-2794870.0,19786566.0,197865.66,290119.125,2555127.5,2555127.5,-175693.140625,182239.6875,351452.1875,19175.15625,10234.505859375,8940.6513671875,19148.72265625,10227.552734375,8921.169921875,0.0013785334303975105,0.0006793806096538901,0.002178973751142621,0.13785334303975105,4772379.4375,-11983890.6875,19786566.0,754862163.6036794,754862163.6036794,greedy,19786566.0,0.0,hard_fault_cluster
609,N24133,control0,-2870122.0,-2870122.0,20319316.0,203193.16,297931.0,2623924.0,2623924.0,-180423.484375,187146.5,360915.03125,19163.40234375,10230.8291015625,8932.572265625,20208.61328125,10598.5380859375,9610.07421875,-0.05454203486442566,-0.035941269248723984,-0.07584623247385025,-5.454203486442566,4900891.5625,-12306538.4375,20319316.0,775181479.6036794,775181479.6036794,greedy,20319316.0,0.0,hard_fault_cluster
610,N24115,control0,-2947399.5,-2947399.5,20866412.0,208664.12,305953.0,2694572.5,2694572.5,-185281.265625,192185.75,370632.6875,20208.923828125,10598.33984375,9610.583984375,20881.60546875,10844.6513671875,10036.953125,-0.03328636661171913,-0.023240575566887856,-0.04436454176902771,-3.328636661171913,5032857.9375,-12637880.4375,20866412.0,796047891.6036794,796047891.6036794,greedy,20866412.0,0.0,hard_fault_cluster
611,N28384,control1,-3026757.5,-3026757.5,21428236.0,214282.36,314190.75,2767123.5,2767123.5,-190270.140625,197360.0625,380611.90625,20862.8671875,10840.4453125,10022.4208984375,20288.16015625,10604.521484375,9683.638671875,0.02754688635468483,0.02176329679787159,0.03380243480205536,2.754688635468483,5168345.4375,-12978174.1875,21428236.0,817476127.6036794,817476127.6036794,greedy,21428236.0,0.0,hard_fault_cluster
612,N25944,control1,-3108252.0,-3108252.0,22005188.0,220051.88,322649.25,2841627.5,2841627.5,-195393.09375,202674.125,390859.84375,20288.03515625,10604.451171875,9683.5849609375,20008.826171875,10503.10546875,9505.720703125,0.013762248679995537,0.009556902572512627,0.018367605283856392,1.3762248679995537,5307506.125,-13327605.5,22005188.0,839481315.6036794,839481315.6036794,greedy,22005188.0,0.0,hard_fault_cluster
613,N28382,control1,-3191941.25,-3191941.25,22597674.0,225976.74,331336.75,2918137.5,2918137.5,-200653.984375,208131.0,401383.53125,20008.84765625,10503.10546875,9505.7412109375,19839.51171875,10442.814453125,9396.697265625,0.008463053032755852,0.005740303546190262,0.011471377685666084,0.8463053032755852,5450413.0625,-13686445.5625,22597674.0,862078989.6036794,862078989.6036794,greedy,22597674.0,0.0,hard_fault_cluster
614,N25926,control1,-3277884.0,-3277884.0,23206110.0,232061.1,340259.0,2996708.25,2996708.25,-206056.640625,213734.875,412190.65625,19839.40234375,10442.7470703125,9396.6552734375,19686.275390625,10390.0078125,9296.267578125,0.00771832512691617,0.005050324369221926,0.01068334374576807,0.771832512691617,5597154.1875,-14054959.5,23206110.0,885285099.6036794,885285099.6036794,greedy,23206110.0,0.0,hard_fault_cluster
615,N28394,control1,-3366140.0,-3366140.0,23830932.0,238309.32,349419.75,3077393.75,3077393.75,-211604.640625,219489.5,423288.96875,19686.3046875,10390.01171875,9296.2939453125,19562.44140625,10348.607421875,9213.833984375,0.006291850470006466,0.0039850096218287945,0.008870197460055351,0.6291850470006466,5747861.6875,-14433382.625,23830932.0,909116031.6036794,909116031.6036794,greedy,23830932.0,0.0,hard_fault_cluster
616,N25854,control1,-3456773.0,-3456773.0,24472576.0,244725.76,358827.375,3160252.25,3160252.25,-217302.046875,225399.5,434686.03125,19562.34765625,10348.5458984375,9213.80078125,19465.244140625,10317.1328125,9148.111328125,0.0049637965857982635,0.0030355071648955345,0.007129463367164135,0.49637965857982635,5902623.5625,-14821997.625,24472576.0,933588607.6036794,933588607.6036794,greedy,24472576.0,0.0,hard_fault_cluster
617,N25878,control1,-3549846.5,-3549846.5,25131496.0,251314.96,368488.75,3245341.25,3245341.25,-223152.796875,231468.125,446389.53125,19465.203125,10317.1015625,9148.1015625,19387.98828125,10292.92578125,9095.0615234375,0.003966814372688532,0.0023432725574821234,0.005797928664833307,0.3966814372688532,6061557.5625,-15221070.375,25131496.0,958720103.6036794,958720103.6036794,greedy,25131496.0,0.0,hard_fault_cluster
618,N25872,control1,-3645424.25,-3645424.25,25808156.0,258081.56,378410.625,3332722.0,3332722.0,-229161.296875,237700.375,458408.6875,19387.92578125,10292.88671875,9095.0400390625,19325.435546875,10274.044921875,9051.390625,0.003223152132704854,0.001830564928241074,0.004799254704266787,0.3223152132704854,6224748.3125,-15630910.1875,25808156.0,984528259.6036794,984528259.6036794,greedy,25808156.0,0.0,hard_fault_cluster
619,N28396,control1,-3743576.75,-3743576.75,26503040.0,265030.4,388598.875,3422454.5,3422454.5,-235331.609375,244100.5,470751.59375,19325.482421875,10274.0546875,9051.427734375,19273.70703125,10258.958984375,9014.748046875,0.0026791254058480263,0.0014693033881485462,0.004052364733070135,0.2679125405848026,6392333.5625,-16051787.3125,26503040.0,1011031299.6036794,1011031299.6036794,greedy,26503040.0,0.0,hard_fault_cluster
620,N25914,control1,-3844372.0,-3844372.0,27216628.0,272166.28,399062.375,3514603.5,3514603.5,-241667.796875,250673.0,483426.6875,19273.60546875,10258.8955078125,9014.708984375,19230.08203125,10246.5546875,8983.52734375,0.002258188556879759,0.0012029384961351752,0.0034589737188071012,0.22581885568797588,6564451.8125,-16483971.8125,27216628.0,1038247927.6036794,1038247927.6036794,greedy,27216628.0,0.0,hard_fault_cluster
621,N25848,control1,-3947881.5,-3947881.5,27949430.0,279494.3,409807.625,3609234.0,3609234.0,-248174.578125,257422.25,496443.0,19230.033203125,10246.521484375,8983.51171875,19192.96484375,10236.3505859375,8956.615234375,0.0019276284147053957,0.0009926196653395891,0.0029939834494143724,0.19276284147053957,6741206.1875,-16927791.8125,27949430.0,1066197357.6036794,1066197357.6036794,greedy,27949430.0,0.0,hard_fault_cluster
622,N28386,control1,-4054177.25,-4054177.25,28701964.0,287019.64,420839.875,3706411.5,3706411.5,-254856.640625,264353.375,509809.53125,19192.9921875,10236.353515625,8956.6396484375,19161.109375,10227.8828125,8933.2265625,0.0016611694591119885,0.0008275117725133896,0.0026140480767935514,0.16611694591119885,6922711.4375,-17383570.1875,28701964.0,1094899321.6036794,1094899321.6036794,greedy,28701964.0,0.0,hard_fault_cluster
623,N28398,control1,-4163334.75,-4163334.75,29474760.0,294747.6,432171.875,3806206.5,3806206.5,-261718.453125,271471.125,523535.96875,19161.060546875,10227.8486328125,8933.2119140625,19133.421875,10220.6318359375,8912.791015625,0.0014424396213144064,0.000705602637026459,0.0022859524469822645,0.14424396213144064,7109121.1875,-17851603.6875,29474760.0,1124374081.6036794,1124374081.6036794,greedy,29474760.0,0.0,hard_fault_cluster
624,N25884,control1,-4275431.0,-4275431.0,30268362.0,302683.62,443807.75,3908687.0,3908687.0,-268765.28125,278780.25,537632.125,19133.337890625,10220.57421875,8912.763671875,19109.16015625,10214.25390625,8894.9072265625,0.0012636443134397268,0.0006183911464177072,0.0020034690387547016,0.12636443134397268,7300520.875,-18332265.875,30268362.0,1154642443.6036794,1154642443.6036794,greedy,30268362.0,0.0,hard_fault_cluster
625,N28388,control1,-4390548.0,-4390548.0,31083330.0,310833.3,455757.0,4013927.5,4013927.5,-276001.4375,286286.625,552106.875,19109.166015625,10214.248046875,8894.91796875,19087.93359375,10208.7177734375,8879.216796875,0.0011111119529232383,0.000541427347343415,0.0017651845701038837,0.11111119529232383,7497113.75,-18825829.375,31083330.0,1185725773.6036794,1185725773.6036794,greedy,31083330.0,0.0,hard_fault_cluster
626,N28390,control1,-4508762.0,-4508762.0,31920244.0,319202.44,468028.75,4122002.25,4122002.25,-283432.75,293994.75,566972.375,19087.890625,10208.6845703125,8879.2060546875,19069.224609375,10203.826171875,8865.3984375,0.0009778982494026423,0.00047590836766175926,0.0015550508396700025,0.09778982494026423,7698971.25,-19332713.4375,31920244.0,1217646017.6036794,1217646017.6036794,greedy,31920244.0,0.0,hard_fault_cluster
627,N25908,control1,-4630162.0,-4630162.0,32779690.0,327796.9,480630.125,4232987.5,4232987.5,-291064.3125,301910.625,582238.4375,19069.15625,10203.775390625,8865.3818359375,19052.69140625,10199.490234375,8853.201171875,0.0008634279947727919,0.00041995791252702475,0.0013739581918343902,0.08634279947727919,7906246.25,-19853261.875,32779690.0,1250425707.6036794,1250425707.6036794,greedy,32779690.0,0.0,hard_fault_cluster
628,N28378,control1,-4754827.0,-4754827.0,33662280.0,336622.8,493569.75,4346960.0,4346960.0,-298901.1875,310039.375,597914.9375,19052.681640625,10199.478515625,8853.203125,19038.59765625,10196.123046875,8842.474609375,0.0007392127299681306,0.00032898434437811375,0.0012118230806663632,0.07392127299681306,8119121.25,-20387808.75,33662280.0,1284087987.6036794,1284087987.6036794,greedy,33662280.0,0.0,hard_fault_cluster
