step,node,type,q_pred,q_pred_context,score_pred,reward_pred,reward_pred_context,fc_pred,pattern_pred,return_pred,guarded_reward,guarded_reward_context,hard_reduction_total_pred,hard_reduction_sa0_pred,hard_reduction_sa1_pred,derived_hard_count_pre_total_pred,derived_hard_count_pre_sa0_pred,derived_hard_count_pre_sa1_pred,derived_hard_count_post_total_pred,derived_hard_count_post_sa0_pred,derived_hard_count_post_sa1_pred,derived_hard_reduction_total_pred,derived_hard_reduction_sa0_pred,derived_hard_reduction_sa1_pred,derived_hard_reduction_hybrid_pred,hybrid_pred,hybrid_pred_context,bounded_residual_hybrid_pred,bounded_residual_hybrid_pred_context,step_value,sequence_score,lookahead_score,planner,score_adjusted,diversity_penalty,candidate_strategy
1,N56109,observe,-0.03507580608129501,1.6376926869153976,-0.03507580608129501,1.4428863525390625,5.818235979229211,0.014428863525390625,0.2299390584230423,2.8269829750061035,1.4428863525390625,5.74641238130629,0.0766969621181488,0.008898142725229263,0.05391472205519676,122342.734375,48834.19921875,73508.53125,128353.015625,54425.72265625,73927.296875,-0.04912658780813217,-0.11450015753507614,-0.005696830339729786,-4.912658780813217,11.939565539360046,2.0950230014324185,8.737163543701172,1.8537363985180855,1.4428863525390625,1.4428863525390625,1.4428863525390625,greedy,1.4428863525390625,0.0,heuristic_recall_pool
2,N43090,observe,-0.021220296621322632,2.2745672804117203,-0.021220296621322632,1.6262240409851074,6.555891025811434,0.016262240409851074,0.2684677839279175,3.2229719161987305,1.6262240409851074,6.41030192323029,0.05334979295730591,-0.005513004958629608,0.028627682477235794,128353.671875,54426.171875,73927.5,128452.21875,54551.1640625,73901.0546875,-0.0007677760440856218,-0.0022965455427765846,0.00035771954571828246,-0.07677760440856218,10.184175252914429,6.529711872339249,6.54727828502655,6.529711872339249,1.6262240409851074,3.06911039352417,3.06911039352417,greedy,1.6262240409851074,0.0,heuristic_recall_pool
3,N43102,observe,-0.03056260198354721,7.575898838043213,-0.03056260198354721,1.790344476699829,7.313848257064819,0.017903444766998292,0.26784151792526245,3.570695400238037,1.790344476699829,7.092463431358337,0.03983686864376068,-0.026205919682979584,0.013853712007403374,128452.2265625,54551.1796875,73901.046875,128772.703125,54827.94140625,73944.765625,-0.0024949086364358664,-0.005073432344943285,-0.0005915850051678717,-0.24949086364358664,9.344726741313934,7.275898838043213,5.323946833610535,5.2930954694747925,1.790344476699829,4.859454870223999,4.859454870223999,greedy,1.790344476699829,0.0,heuristic_recall_pool
4,N43100,observe,-0.23799355328083038,-2.622873755693436,-0.23799355328083038,0.9864247441291809,2.663187173008919,0.009864247441291808,0.2592512369155884,1.4644644260406494,0.9864247441291809,2.1119997963309287,0.024958552792668343,-0.041284456849098206,0.0017833653837442398,128772.71875,54827.96875,73944.75,129080.6875,55088.109375,73992.578125,-0.002391568385064602,-0.004744669888168573,-0.0006468089413829148,-0.2391568385064602,4.946744449436665,1.1608844983577729,3.108577571809292,0.8963518488407135,0.9864247441291809,5.84587961435318,5.84587961435318,greedy,0.9864247441291809,0.0,heuristic_recall_pool
5,N1985,observe,-0.24687577784061432,0.13196454793214785,-0.24687577784061432,0.9990445971488953,5.024235416948795,0.009990445971488952,0.25896939635276794,1.547684907913208,0.9990445971488953,5.193976606875658,0.02578590251505375,-0.04401322081685066,-0.0021494077518582344,129078.8125,55085.48828125,73993.328125,129304.8828125,55379.3828125,73925.5,-0.0017514129867777228,-0.005335244350135326,0.000916678924113512,-0.17514129867777228,5.125319756567478,2.9387471324205396,3.2152726277709007,2.185004234910011,0.9990445971488953,6.844924211502075,6.844924211502075,greedy,0.9990445971488953,0.0,heuristic_recall_pool
6,N43104,observe,-0.1685987263917923,1.1511505994200706,-0.1685987263917923,1.040693759918213,3.0629366811364886,0.010406937599182129,-0.010856911540031433,2.1355998516082764,1.040693759918213,2.4292578383907677,-0.02921760082244873,-0.09227678179740906,-0.02520066872239113,129306.4140625,55381.828125,73924.5859375,129616.296875,55602.53125,74013.765625,-0.0023964999709278345,-0.003985118120908737,-0.0012063602916896343,-0.23964999709278345,0.2545335292816162,0.14111951395869254,-2.1276866793632507,-0.12544793978333474,1.040693759918213,7.885617971420288,7.885617971420288,greedy,1.040693759918213,0.0,heuristic_recall_pool
7,N1984,observe,-0.1809285432100296,-0.7463291579484939,-0.1809285432100296,1.1823370456695557,2.2465590208768846,0.011823370456695556,-0.015686362981796265,2.5005927085876465,1.1823370456695557,2.136498351991176,-0.028416819870471954,-0.0898239016532898,-0.024253547191619873,129614.765625,55600.12109375,74014.640625,129719.390625,55740.5625,73978.828125,-0.0008071996853686869,-0.0025259191170334816,0.0004838569730054587,-0.08071996853686869,0.8412477672100067,1.7999580109119415,-1.920949548482895,1.3561245167255402,1.1823370456695557,9.067955017089844,9.067955017089844,greedy,1.1823370456695557,0.0,heuristic_recall_pool
8,N60315,observe,-0.19458933174610138,-0.7112975405156613,-0.19458933174610138,1.1924701929092407,1.7338696129620075,0.011924701929092407,-0.029109708964824677,2.6277713775634766,1.1924701929092407,1.6729565078765154,-0.030122242867946625,-0.08987346291542053,-0.03161002695560455,129720.5390625,55742.96875,73977.5703125,129672.3828125,55712.2265625,73960.15625,0.00037123073707334697,0.0005514989024959505,0.00023539652465842664,0.0371230737073347,0.8080172836780548,1.2534224066138266,-2.057163894176483,0.9570541355013846,1.1924701929092407,10.260425209999084,10.260425209999084,greedy,1.1924701929092407,0.0,heuristic_recall_pool
9,N60318,observe,-0.2103363424539566,-1.2300731617212295,-0.2103363424539566,1.3844633102416992,2.189144307374954,0.013844633102416992,-0.02992115169763565,3.1010966300964355,1.3844633102416992,2.0121248960494995,-0.029202349483966827,-0.08584122359752655,-0.026280343532562256,129672.390625,55712.2421875,73960.1484375,129734.546875,55766.7109375,73967.8359375,-0.0004793329571839422,-0.0009776800870895386,-0.00010394111450295895,-0.04793329571839422,1.565324991941452,2.001086871623993,-1.798844963312149,1.1511680054664613,1.3844633102416992,11.644888520240784,11.644888520240784,greedy,1.3844633102416992,0.0,heuristic_recall_pool
10,N60321,observe,-0.23132269084453583,-0.6822620984911918,-0.23132269084453583,1.5864355564117432,3.3958967313170434,0.01586435556411743,-0.027766667306423187,3.6731138229370117,1.5864355564117432,3.141284968107939,-0.02652060240507126,-0.08089733123779297,-0.02891688048839569,129734.59375,55766.68359375,73967.90625,129739.421875,55777.234375,73962.1875,-3.721540269907564e-05,-0.0001891950669232756,7.731393998255953e-05,-0.003721540269907564,2.607489138841629,2.1931475096940996,-1.3371728956699371,1.4657598906755447,1.5864355564117432,13.231324076652527,13.231324076652527,greedy,1.5864355564117432,0.0,heuristic_recall_pool
11,N55783,observe,-0.23890788853168488,-4.873654624670744,-0.23890788853168488,1.7508832216262817,2.680741495639086,0.01750883221626282,-0.02663028985261917,4.135022163391113,1.7508832216262817,2.496818397119642,-0.026097126305103302,-0.07748188823461533,-0.02233962155878544,129739.203125,55777.0625,73962.140625,129666.15625,55749.5390625,73916.6171875,0.0005630285595543683,0.0004934543976560235,0.0006154964794404805,0.056302855955436826,3.276192754507065,1.3259344431757927,-1.1382362842559814,1.0049789521098136,1.7508832216262817,14.982207298278809,14.982207298278809,greedy,1.7508832216262817,0.0,heuristic_recall_pool
12,N55757,observe,-0.24532313644886017,-4.518825330436229,-0.24532313644886017,1.9344813823699951,3.9522129312157634,0.01934481382369995,-0.02305203676223755,4.634681701660156,1.9344813823699951,3.72923991933465,-0.02550051361322403,-0.07421897351741791,-0.01467844843864441,129666.125,55749.48046875,73916.6484375,129579.6796875,55711.9140625,73867.765625,0.0006666761473752558,0.0006738431402482092,0.0006613234290853143,0.06666761473752558,4.019111722707748,2.2143188232183455,-0.9077605903148651,1.253607022166252,1.9344813823699951,16.916688680648804,16.916688680648804,greedy,1.9344813823699951,0.0,heuristic_recall_pool
13,N55762,observe,-0.255376935005188,-4.256500845551491,-0.255376935005188,2.1225240230560303,5.236069616675377,0.021225240230560303,-0.017164483666419983,5.156354904174805,2.1225240230560303,5.222462655007839,-0.024763375520706177,-0.07508610934019089,-0.010160605423152447,129579.65625,55711.90625,73867.75,129467.6171875,55647.78125,73819.8359375,0.000864634639583528,0.00115101074334234,0.000648646557237953,0.0864634639583528,4.802541375160217,2.9737119305133817,-0.6566178202629089,2.0906694996356965,2.1225240230560303,19.039212703704834,19.039212703704834,greedy,2.1225240230560303,0.0,heuristic_recall_pool
14,N55767,observe,-0.26267367601394653,-2.8289834249019625,-0.26267367601394653,2.3118693828582764,5.554149013757705,0.023118693828582764,-0.011473357677459717,5.686997413635254,2.3118693828582764,5.5087341123819344,-0.024400778114795685,-0.07846799492835999,-0.005656005814671516,129467.609375,55647.7734375,73819.8359375,129345.59375,55567.5,73778.09375,0.0009424413437955081,0.001442527398467064,0.0005654603010043502,0.09424413437955081,5.558788985013962,4.069885709285736,-0.4403611123561859,3.0146066212654112,2.3118693828582764,21.35108208656311,21.35108208656311,greedy,2.3118693828582764,0.0,heuristic_recall_pool
15,N33257,observe,-0.2639393210411072,-0.891609198153019,-0.2639393210411072,2.5159523487091064,5.896295653283596,0.025159523487091065,-0.005172789096832275,6.265468120574951,2.5159523487091064,5.816666087955236,-0.024541601538658142,-0.081901416182518,-0.001537160947918892,129345.625,55567.1484375,73778.4765625,129305.0078125,55546.796875,73758.2109375,0.00031402058084495366,0.0003662517119664699,0.0002746820682659745,0.031402058084495366,6.327260315418243,5.955104132294654,-0.2588050365447998,3.5231435018777844,2.5159523487091064,23.867034435272217,23.867034435272217,greedy,2.5159523487091064,0.0,heuristic_recall_pool
16,N3778,observe,-0.26479673385620117,-2.2170304813981057,-0.26479673385620117,2.685371160507202,5.755300103127957,0.026853711605072023,-0.0009494684636592865,6.753565788269043,2.685371160507202,5.689770092815161,-0.02425353229045868,-0.08500118553638458,0.0027873823419213295,129304.84375,55546.87109375,73757.96875,129143.5390625,55431.1640625,73712.375,0.001247475971467793,0.0020830521825701,0.0006181535427458584,0.1247475971467793,7.013583719730377,5.801669335961342,-0.06561899185180664,4.386418700814247,2.685371160507202,26.55240559577942,26.55240559577942,greedy,2.685371160507202,0.0,heuristic_recall_pool
17,N55784,observe,-0.268221378326416,-2.474171481728554,-0.268221378326416,2.8293344974517822,5.783221504092217,0.028293344974517822,0.002734348177909851,7.240335464477539,2.8293344974517822,5.714899353682995,-0.024265915155410767,-0.0886448323726654,0.005249247886240482,129143.640625,55431.49609375,73712.140625,129032.984375,55336.921875,73696.0625,0.0008568462799303234,0.0017061459366232157,0.00021812044724356383,0.08568462799303234,7.643078446388245,5.807535063028335,0.09082597494125366,5.807535063028335,2.8293344974517822,29.3817400932312,29.3817400932312,greedy,2.8293344974517822,0.0,heuristic_recall_pool
18,N56108,observe,-0.2711699604988098,-1.829220932424069,-0.2711699604988098,3.0102789402008057,5.3259065821766844,0.030102789402008057,0.00930345430970192,7.769002437591553,3.0102789402008057,5.102305163890124,-0.02474961429834366,-0.0927153080701828,0.00742914155125618,129033.0,55336.859375,73696.140625,129011.375,55315.23828125,73696.1328125,0.00016759279242251068,0.0003907177597284317,1.0600962241369416e-07,0.01675927924225107,8.304319947957993,5.887475735545158,0.21985891461372375,5.887475735545158,3.0102789402008057,32.39201903343201,32.39201903343201,greedy,3.0102789402008057,0.0,heuristic_recall_pool
19,N55777,observe,-0.27204060554504395,-2.1307016587257386,-0.27204060554504395,3.1324214935302734,5.047489404678345,0.031324214935302734,0.012136124074459076,8.191161155700684,3.1324214935302734,4.775321491956711,-0.026460178196430206,-0.09823775291442871,0.00845273956656456,129011.2265625,55315.1328125,73696.09375,128879.1484375,55210.703125,73668.4453125,0.001023772289045155,0.001887904480099678,0.00037516828160732985,0.1023772289045155,8.677564829587936,5.824649770259857,0.18487784266471863,5.824649770259857,3.1324214935302734,35.52444052696228,35.52444052696228,greedy,3.1324214935302734,0.0,heuristic_recall_pool
20,N60219,observe,-0.27163535356521606,-3.6734873026609423,-0.27163535356521606,3.240490198135376,5.060557106137276,0.03240490198135376,0.01342090219259262,8.585044860839844,3.240490198135376,4.9879906943440435,-0.028100043535232544,-0.10356739163398743,0.009568750858306885,128879.3046875,55210.8515625,73668.453125,128786.71875,55135.34765625,73651.375,0.0007183926063589752,0.0013675555819645524,0.00023182413133326918,0.07183926063589752,9.015530705451965,5.596215046644211,0.14637941122055054,5.596215046644211,3.240490198135376,38.764930725097656,38.764930725097656,greedy,3.240490198135376,0.0,heuristic_recall_pool
21,N43506,observe,-0.2689984440803528,-2.452287828922272,-0.2689984440803528,3.3376681804656982,5.031915718317031,0.033376681804656985,0.013131767511367798,8.95984935760498,3.3376681804656982,4.880002943873405,-0.02962302416563034,-0.10817348957061768,0.01054740697145462,128786.65625,55135.3046875,73651.3515625,128713.703125,55074.14453125,73639.5625,0.0005664649070240557,0.0011092739878222346,0.0001600657997187227,0.05664649070240557,9.335215121507645,5.817847716808319,0.11207696795463562,5.817847716808319,3.3376681804656982,42.102598905563354,42.102598905563354,greedy,3.3376681804656982,0.0,heuristic_recall_pool
22,N55772,observe,-0.26191627979278564,-2.379858253002167,-0.26191627979278564,3.3712589740753174,5.460490781068802,0.033712589740753175,0.009382061660289764,9.224624633789062,3.3712589740753174,5.405452801585198,-0.031166575849056244,-0.1119241863489151,0.011107465252280235,128713.5859375,55074.046875,73639.5390625,128639.7421875,55024.0234375,73615.71875,0.0005737059400416911,0.0009082942269742489,0.0003234717878513038,0.057370594004169106,9.479226022958755,5.909533746242523,0.03231331706047058,5.622789723873138,3.3712589740753174,45.47385787963867,45.47385787963867,greedy,3.3712589740753174,0.0,heuristic_recall_pool
23,N55685,observe,-0.2594109773635864,-2.127605553865433,-0.2594109773635864,3.4553205966949463,4.861266112327575,0.03455320596694946,0.00965970754623413,9.564204216003418,3.4553205966949463,4.608020133972168,-0.032270826399326324,-0.11548241972923279,0.011420952156186104,128639.8515625,55024.1015625,73615.75,128593.9140625,54979.8046875,73614.109375,0.0003571016131900251,0.0008050449541769922,2.2286330931819975e-05,0.03571016131900251,9.792442172765732,5.704234549999237,0.027798563241958618,4.165433642864227,3.4553205966949463,48.92917847633362,48.92917847633362,greedy,3.4553205966949463,0.0,heuristic_recall_pool
24,N32401,observe,-0.2512260675430298,-1.9663564586639406,-0.2512260675430298,3.4905266761779785,4.253221666812897,0.03490526676177978,0.0046304017305374146,9.79791259765625,3.4905266761779785,4.093425257205963,-0.03380008786916733,-0.11814466118812561,0.011933954432606697,128593.984375,54979.90234375,73614.078125,128569.0,54963.79296875,73605.203125,0.00019428883388172835,0.0002930047921836376,0.00012056117702741176,0.019428883388172835,9.908430486917496,5.6324050211906425,-0.05789896845817566,5.032781960964202,3.4905266761779785,52.4197051525116,52.4197051525116,greedy,3.4905266761779785,0.0,heuristic_recall_pool
25,N43091,observe,-0.24146310985088348,-0.8677410620450976,-0.24146310985088348,3.514831781387329,3.947471743822098,0.035148317813873294,-0.0021147988736629486,10.043856620788574,3.514831781387329,3.7163507413864134,-0.03523934632539749,-0.1202010065317154,0.01222865842282772,128568.9453125,54963.7734375,73605.171875,128554.140625,54947.6796875,73606.4609375,0.00011514979269122705,0.0002928065077867359,-1.751320633047726e-05,0.011514979269122705,10.034753769636154,5.715259199142456,-0.13426253199577332,5.715259199142456,3.514831781387329,55.934536933898926,55.934536933898926,greedy,3.514831781387329,0.0,heuristic_recall_pool
26,N55752,observe,-0.23218019306659698,-1.02306069286773,-0.23218019306659698,3.478311777114868,3.4857995218015274,0.03478311777114868,-0.007714450359344482,10.086127281188965,3.478311777114868,3.3388344257452993,-0.036135151982307434,-0.12278486788272858,0.012256894260644913,128553.9609375,54947.5078125,73606.453125,128519.0859375,54931.3203125,73587.765625,0.0002712868445087224,0.0002945993619505316,0.00025388397625647485,0.027128684450872242,9.95092386007309,5.694773645796813,-0.22240543365478516,2.3131149009848015,3.478311777114868,59.412848711013794,59.412848711013794,greedy,3.478311777114868,0.0,heuristic_recall_pool
27,N2891,observe,-0.2703137993812561,-2.750463403463364,-0.2703137993812561,3.4913737773895264,2.628123503923416,0.03491373777389526,-0.004912920296192169,10.082082748413086,3.4913737773895264,2.491271407008171,-0.04063006490468979,-0.1415414810180664,0.008991695940494537,128519.53125,54931.38671875,73588.140625,128384.796875,54689.17578125,73695.6171875,0.0010483572259545326,0.004409336019307375,-0.0014605147298425436,0.10483572259545326,9.510450035333633,5.284685542583466,-0.6696423590183258,0.4308008396625519,3.4913737773895264,62.90422248840332,62.90422248840332,greedy,3.4913737773895264,0.0,heuristic_recall_pool
28,N9778,control0,-0.2706149220466614,-4.805862204963342,-0.2706149220466614,3.748004198074341,3.3005509228911256,0.03748004198074341,0.00014191865921020508,10.395461082458496,3.748004198074341,3.4807525400584565,-0.037899672985076904,-0.13751201331615448,0.008208338171243668,128381.84375,54685.70703125,73696.140625,127871.59375,54247.22265625,73624.375,0.00397447170689702,0.008018262684345245,0.0009738043881952763,0.39744717068970203,10.353497982025146,2.877329102847725,-0.2541009783744812,5.138979545924813,3.748004198074341,66.65222668647766,66.65222668647766,greedy,3.748004198074341,0.0,heuristic_recall_pool
29,N60225,observe,-0.26074230670928955,-2.5359459737315775,-0.26074230670928955,3.6066982746124268,5.626930735073984,0.03606698274612427,-0.005887053906917572,10.305203437805176,3.6066982746124268,5.775398423876614,-0.0376337394118309,-0.13698245584964752,0.008426472544670105,127874.2890625,54250.7578125,73623.53125,128160.0078125,54444.1015625,73715.90625,-0.002234372077509761,-0.0035638902336359024,-0.0012546939542517066,-0.22343720775097609,10.148527771234512,4.471689435616136,-0.2853985130786896,5.053587600365281,3.6066982746124268,70.25892496109009,70.25892496109009,greedy,3.6066982746124268,0.0,heuristic_recall_pool
30,N60246,observe,-0.24985085427761078,-4.898400972411037,-0.24985085427761078,3.5174341201782227,2.92133395858109,0.03517434120178223,-0.006838466972112656,10.22830867767334,3.5174341201782227,3.0779767774418,-0.03779581934213638,-0.13787014782428741,0.008875269442796707,128159.9609375,54444.0546875,73715.90625,128260.3046875,54549.1328125,73711.171875,-0.0007829570677131414,-0.00193002016749233,6.422460864996538e-05,-0.07829570677131414,9.966160863637924,2.040913715809584,-0.3431462347507477,4.26784907862544,3.5174341201782227,73.77635908126831,73.77635908126831,greedy,3.5174341201782227,0.0,heuristic_recall_pool
31,N60291,observe,-0.2401624470949173,-5.124620904624463,-0.2401624470949173,3.4590580463409424,2.0182981804013256,0.034590580463409425,-0.0073861293494701385,10.173612594604492,3.4590580463409424,2.1409591527283194,-0.03793305903673172,-0.13903817534446716,0.009305564686655998,128260.28125,54549.125,73711.15625,128286.2734375,54579.9765625,73706.296875,-0.0002026518777711317,-0.0005655739223584533,6.592455611098558e-05,-0.02026518777711317,9.839364737272263,1.3948282784223553,-0.38513824343681335,4.145424289107323,3.4590580463409424,77.23541712760925,77.23541712760925,greedy,3.4590580463409424,0.0,heuristic_recall_pool
32,N60237,observe,-0.23121629655361176,-3.3442586700618264,-0.23121629655361176,3.418429136276245,1.7058796651661396,0.03418429136276245,-0.008170090615749359,10.139483451843262,3.418429136276245,1.7845397634059192,-0.0381767675280571,-0.14028126001358032,0.0097467340528965,128286.265625,54579.96484375,73706.3046875,128281.1015625,54579.1640625,73701.9375,4.0254210034618154e-05,1.4671706594526768e-05,5.925120785832405e-05,0.004025421003461815,9.740235835313797,1.5033191391825675,-0.42819860577583313,3.4475300380587575,3.418429136276245,80.6538462638855,80.6538462638855,greedy,3.418429136276245,0.0,heuristic_recall_pool
33,N55804,observe,-0.22341834008693695,-1.9839612492918968,-0.22341834008693695,3.392545700073242,1.5225250393152236,0.03392545700073242,-0.008365921676158905,10.119961738586426,3.392545700073242,1.5674498552083969,-0.038474686443805695,-0.14165399968624115,0.010202225297689438,128281.125,54579.2421875,73701.8828125,128258.4453125,54563.28125,73695.1640625,0.0001767967623891309,0.00029243604512885213,9.11611714400351e-05,0.01767967623891309,9.665038794279099,1.6264509320259093,-0.46934178471565247,3.2343716144561765,3.392545700073242,84.04639196395874,84.04639196395874,greedy,3.392545700073242,0.0,heuristic_recall_pool
34,N55792,observe,-0.2175803929567337,-1.4239074338972568,-0.2175803929567337,3.3770768642425537,1.3495864503085613,0.033770768642425536,-0.007545895874500275,10.1121244430542,3.3770768642425537,1.3487553273886441,-0.038634561002254486,-0.1429722160100937,0.010530684143304825,128258.453125,54563.27734375,73695.171875,128220.59375,54536.546875,73684.046875,0.0002951803617179394,0.0004898984916508198,0.00015095969138201326,0.029518036171793938,9.625745207071304,1.6612959197163581,-0.4911557734012604,2.995049994289875,3.3770768642425537,87.4234688282013,87.4234688282013,greedy,3.3770768642425537,0.0,heuristic_recall_pool
35,N55798,observe,-0.212565615773201,-1.0844863660633564,-0.212565615773201,3.3666579723358154,1.2510172300040723,0.03366657972335815,-0.006632816046476364,10.116479873657227,3.3666579723358154,1.2146109717339277,-0.03880078345537186,-0.14421087503433228,0.010808845981955528,128220.59375,54536.546875,73684.046875,128181.8828125,54510.6640625,73671.21875,0.0003019089053850621,0.00047459572670049965,0.00017409636348020285,0.03019089053850621,9.603059500455856,1.683767239153385,-0.5092938840389252,2.907628313601017,3.3666579723358154,90.79012680053711,90.79012680053711,greedy,3.3666579723358154,0.0,heuristic_recall_pool
36,N56761,observe,-0.2088952213525772,-1.060217133797705,-0.2088952213525772,3.3590171337127686,1.240290536545217,0.03359017133712769,-0.005334995687007904,10.129392623901367,3.3590171337127686,1.2035060400329531,-0.03881110996007919,-0.14527527987957,0.010914647951722145,128181.8125,54510.58984375,73671.21875,128145.140625,54489.70703125,73655.4296875,0.0002860926615539938,0.0003830964269582182,0.00021431791537906975,0.028609266155399382,9.607298761606216,1.6720308694988488,-0.5090085566043854,3.063193980231881,3.3590171337127686,94.14914393424988,94.14914393424988,greedy,3.3590171337127686,0.0,heuristic_recall_pool
37,N27608,observe,-0.2065555304288864,-1.1212273620814086,-0.2065555304288864,3.359328269958496,1.2536092642694712,0.03359328269958496,-0.003481931984424591,10.165654182434082,3.359328269958496,1.2175902963057161,-0.03875913470983505,-0.14621755480766296,0.010893043130636215,128145.15625,54489.703125,73655.453125,128120.015625,54479.48046875,73640.53125,0.00019618864462245256,0.00018760711827781051,0.0002025902213063091,0.019618864462245256,9.649068981409073,1.6624473355710505,-0.4946678578853607,3.9974839828908446,3.359328269958496,97.50847220420837,97.50847220420837,greedy,3.359328269958496,0.0,heuristic_recall_pool
38,N60351,observe,-0.2036006599664688,-1.017244025990367,-0.2036006599664688,3.3513543605804443,1.3027332950383426,0.03351354360580444,-0.0023590289056301117,10.17220401763916,3.3513543605804443,1.2673424686864019,-0.038751013576984406,-0.14715969562530518,0.010951947420835495,128119.8671875,54479.3203125,73640.546875,128085.6953125,54467.5078125,73618.1875,0.00026671800878830254,0.00021682539954781532,0.0003036285925190896,0.026671800878830254,9.648457020521164,1.5863379947841167,-0.49421176314353943,5.501998697966338,3.3513543605804443,100.85982656478882,100.85982656478882,greedy,3.3513543605804443,0.0,heuristic_recall_pool
39,N60282,observe,-0.20078228414058685,-0.8994327478110791,-0.20078228414058685,3.3417842388153076,1.3727040134370327,0.033417842388153075,-0.0016554072499275208,10.179407119750977,3.3417842388153076,1.335211994573474,-0.03875260800123215,-0.1479099839925766,0.010980676859617233,128085.75,54467.546875,73618.203125,128065.25,54466.03125,73599.21875,0.00016004903591237962,2.7826203222502954e-05,0.0002578760904725641,0.016004903591237962,9.64593055844307,1.5249352911114693,-0.4949629604816437,5.569043014347553,3.3417842388153076,104.20161080360413,104.20161080360413,greedy,3.3417842388153076,0.0,heuristic_recall_pool
40,N60267,observe,-0.19796709716320038,-0.6775804014503956,-0.19796709716320038,3.331880807876587,1.4849512524902821,0.03331880807876587,-0.001244962215423584,10.186260223388672,3.331880807876587,1.44739105977118,-0.03875184804201126,-0.14848960936069489,0.010998515412211418,128065.2421875,54466.0234375,73599.21875,128052.90625,54471.77734375,73581.125,9.632541332393885e-05,-0.00010564212425379083,0.0002458415983710438,0.009632541332393885,9.642956227064133,1.5603826054930685,-0.4956495463848114,5.669179094731808,3.331880807876587,107.53349161148071,107.53349161148071,greedy,3.331880807876587,0.0,heuristic_recall_pool
41,N60252,observe,-0.19539885222911835,-0.7189070752263069,-0.19539885222911835,3.32267165184021,1.3866326063871384,0.0332267165184021,-0.0008532926440238953,10.192830085754395,3.32267165184021,1.3671245831251144,-0.03875207155942917,-0.14897096157073975,0.011002905666828156,128052.953125,54471.8359375,73581.1171875,128044.40625,54479.1875,73565.21875,6.674484757240862e-05,-0.00013496079191099852,0.00021606680820696056,0.006674484757240862,9.640294581651688,1.3957968866825103,-0.49633172154426575,5.598115137815475,3.32267165184021,110.85616326332092,110.85616326332092,greedy,3.32267165184021,0.0,heuristic_recall_pool
42,N55705,observe,-0.1945813149213791,-0.7599244758486747,-0.1945813149213791,3.309774160385132,1.3140267461538313,0.033097741603851316,0.0002042129635810852,10.194236755371094,3.309774160385132,1.3073273718357088,-0.03832753002643585,-0.14891771972179413,0.01062680035829544,128044.34375,54479.17578125,73565.1640625,128041.625,54489.9375,73551.6875,2.123287777067162e-05,-0.00019753820379264653,0.0001831921690609306,0.002123287777067162,9.67125791311264,1.1925365924835205,-0.4567502737045288,3.0556116342544555,3.309774160385132,114.16593742370605,114.16593742370605,greedy,3.309774160385132,0.0,heuristic_recall_pool
43,N33256,observe,-0.19805921614170074,-0.8130424693226814,-0.19805921614170074,3.300783157348633,0.7682456672191619,0.03300783157348633,0.0008947253227233887,10.16424560546875,3.300783157348633,0.8245891794562341,-0.03814125806093216,-0.1488429605960846,0.009943732991814613,128041.4765625,54489.640625,73551.8359375,128159.875,54595.9296875,73563.9453125,-0.0009246881818398833,-0.0019506288226693869,-0.00016463728388771415,-0.09246881818398833,9.650902956724167,0.6898525297641754,-0.44786861538887024,0.972699785232544,3.300783157348633,117.46672058105469,117.46672058105469,greedy,3.300783157348633,0.0,heuristic_recall_pool
44,N33258,observe,-0.20408405363559723,-0.6301609319448471,-0.20408405363559723,3.327819347381592,0.9806416153907775,0.033278193473815915,0.0030241720378398895,10.241029739379883,3.327819347381592,1.0142492067813873,-0.03740789741277695,-0.1474938541650772,0.008959874510765076,128160.2578125,54596.1953125,73564.0625,128237.25,54662.80859375,73574.4375,-0.0006007493357174098,-0.001220108475536108,-0.00014103353896643966,-0.060074933571740985,9.82805934548378,0.8383761382102966,-0.34857746958732605,1.0637123799324035,3.327819347381592,120.79453992843628,120.79453992843628,greedy,3.327819347381592,0.0,heuristic_recall_pool
45,N7931,observe,-0.20706866681575775,-0.31697252362966544,-0.20706866681575775,3.3442838191986084,1.7399309143424033,0.03344283819198608,0.004152029752731323,10.254850387573242,3.3442838191986084,1.6741247959434986,-0.036971427500247955,-0.14660757780075073,0.008460022509098053,128237.3125,54662.94140625,73574.375,128284.796875,54720.6171875,73564.1796875,-0.00037028518272563815,-0.00105511664878577,0.0001385715149808675,-0.037028518272563815,9.901991456747055,2.4790064597129824,-0.2973591983318329,2.5411903643608094,3.3442838191986084,124.13882374763489,124.13882374763489,greedy,3.3442838191986084,0.0,heuristic_recall_pool
46,N7932,observe,-0.21519289910793304,-0.14123826265335093,-0.21519289910793304,3.366023302078247,2.083514867722988,0.03366023302078247,0.007431112229824066,10.32634162902832,3.366023302078247,2.001375797837973,-0.03541536629199982,-0.144449383020401,0.007026271894574165,128284.78125,54720.60546875,73564.171875,128329.578125,54760.26171875,73569.3203125,-0.00034919867175631225,-0.0007247041794471443,-6.998566823313013e-05,-0.034919867175631225,10.150828301906586,3.1691258740425106,-0.11844539642333984,2.2506136965751646,3.366023302078247,127.50484704971313,127.50484704971313,greedy,3.366023302078247,0.0,heuristic_recall_pool
47,N3338,observe,-0.22095470130443573,-0.22710618093609813,-0.22095470130443573,3.4107065200805664,2.1997537322342393,0.03410706520080566,0.009862307459115982,10.429912567138672,3.4107065200805664,2.0939719296246766,-0.03487703949213028,-0.14336363971233368,0.006462767720222473,128329.5625,54760.296875,73569.265625,128400.28125,54817.63671875,73582.6484375,-0.000551071367226541,-0.0010471061104908586,-0.00018190765695180744,-0.055107136722654104,10.35291513800621,5.08880427390337,-0.027549177408218384,1.2498150518536568,3.4107065200805664,130.9155535697937,130.9155535697937,greedy,3.4107065200805664,0.0,heuristic_recall_pool
48,N7933,observe,-0.22217939794063568,-4.11888548374176,-0.22217939794063568,3.4533305168151855,5.530959677696228,0.034533305168151854,0.010542485862970352,10.50686264038086,3.4533305168151855,5.487863709926605,-0.03528621047735214,-0.14388489723205566,0.006761625409126282,128400.265625,54817.578125,73582.6875,128427.875,54842.13671875,73585.734375,-0.00021502583695109934,-0.0004480058269109577,-4.140749661019072e-05,-0.021502583695109934,10.43157210946083,5.567306451797485,-0.038572758436203,5.567306451797485,3.4533305168151855,134.3688840866089,134.3688840866089,greedy,3.4533305168151855,0.0,heuristic_recall_pool
49,N7934,observe,-0.22288618981838226,-4.117314489111305,-0.22288618981838226,3.489368438720703,5.53432609476149,0.03489368438720703,0.01081860437989235,10.574827194213867,3.489368438720703,5.4908934852853415,-0.03572378307580948,-0.144463911652565,0.007032169960439205,128427.859375,54842.125,73585.734375,128459.46875,54866.79296875,73592.671875,-0.0002461255353409797,-0.0004497996415011585,-9.427778422832489e-05,-0.02461255353409797,10.491817325353622,5.569550729840993,-0.0563293993473053,5.569550729840993,3.489368438720703,137.8582525253296,137.8582525253296,greedy,3.489368438720703,0.0,heuristic_recall_pool
50,N24962,observe,-0.2226281613111496,-4.11615614682436,-0.2226281613111496,3.5163371562957764,5.536808256804943,0.03516337156295776,0.010268926620483398,10.634769439697266,3.5163371562957764,5.493127431124449,-0.03622109442949295,-0.1449241191148758,0.007272863760590553,128459.140625,54866.671875,73592.46875,128489.03125,54889.90234375,73599.125,-0.00023268585209734738,-0.00042339853825978935,-9.044743637787178e-05,-0.023268585209734738,10.528997153043747,5.571205504536628,-0.08433279395103455,5.571205504536628,3.5163371562957764,141.37458968162537,141.37458968162537,greedy,3.5163371562957764,0.0,heuristic_recall_pool
51,N28153,observe,-0.22729067504405975,-4.119926925301552,-0.22729067504405975,3.529839515686035,5.52872801721096,0.035298395156860354,0.011936530470848083,10.673842430114746,3.529839515686035,5.485855215489864,-0.035523422062397,-0.14427661895751953,0.006454892456531525,128488.9765625,54889.8359375,73599.140625,128519.0078125,54913.3359375,73605.671875,-0.00023372627038042992,-0.00042813026811927557,-8.874084596754983e-05,-0.023372627038042992,10.651339739561081,5.56581867814064,-0.0014217197895050049,5.56581867814064,3.529839515686035,144.9044291973114,144.9044291973114,greedy,3.529839515686035,0.0,heuristic_recall_pool
52,N28174,observe,-0.23583470284938812,-4.1195203676819805,-0.23583470284938812,3.5308120250701904,5.529599212110043,0.0353081202507019,0.015110187232494354,10.70658016204834,3.5308120250701904,5.4866392908990385,-0.033775776624679565,-0.14244818687438965,0.0046843793243169785,128518.9921875,54913.3203125,73605.671875,128542.5390625,54929.9765625,73612.5625,-0.00018321708193980157,-0.00030331892776302993,-9.361541015096009e-05,-0.018321708193980157,10.859814524650574,5.566399474740027,0.18177038431167603,5.566399474740027,3.5308120250701904,148.4352412223816,148.4352412223816,greedy,3.5308120250701904,0.0,heuristic_recall_pool
53,N19326,observe,-0.24288921058177948,-4.120063059926033,-0.24288921058177948,3.531862258911133,5.528436300158501,0.03531862258911133,0.017687324434518814,10.732593536376953,3.531862258911133,5.485592670142651,-0.03233390301465988,-0.14094170928001404,0.0032045720145106316,128542.625,54930.06640625,73612.5625,128558.5546875,54939.0703125,73619.484375,-0.0001239253324456513,-0.00016391581448260695,-9.403116564499214e-05,-0.01239253324456513,11.031065493822098,5.565624200105667,0.3327236473560333,5.565624200105667,3.531862258911133,151.96710348129272,151.96710348129272,greedy,3.531862258911133,0.0,heuristic_recall_pool
54,N19325,observe,-0.24796800315380096,-4.119820305705071,-0.24796800315380096,3.5227508544921875,5.528956487774849,0.035227508544921876,0.01938435062766075,10.734941482543945,3.5227508544921875,5.486060838997364,-0.03107210248708725,-0.13961851596832275,0.0019291304051876068,128558.546875,54939.0625,73619.484375,128562.5,54938.7734375,73623.7265625,-3.074960841331631e-05,5.261511432763655e-06,-5.762316141044721e-05,-0.003074960841331631,11.150482088327408,5.565970991849898,0.4572128355503082,5.565970991849898,3.5227508544921875,155.4898543357849,155.4898543357849,greedy,3.5227508544921875,0.0,heuristic_recall_pool
55,N28198,observe,-0.250308632850647,-4.121125361025333,-0.250308632850647,3.503316640853882,5.5261599406599995,0.03503316640853882,0.020293746143579483,10.714340209960938,3.503316640853882,5.483543946594,-0.030053995549678802,-0.1385093480348587,0.0008964100852608681,128562.40625,54938.67578125,73623.7265625,128552.671875,54927.296875,73625.375,7.571712194476277e-05,0.00020712014520540833,-2.2390031517716125e-05,0.007571712194476277,11.212257295846939,5.564106627106667,0.5490146577358246,5.564106627106667,3.503316640853882,158.9931709766388,158.9931709766388,greedy,3.503316640853882,0.0,heuristic_recall_pool
56,N27273,observe,-0.2510336637496948,-4.122084598392249,-0.2510336637496948,3.4745752811431885,5.52410443201661,0.034745752811431885,0.02081742137670517,10.675020217895508,3.4745752811431885,5.48169398881495,-0.029139064252376556,-0.1375041902065277,-9.296461939811707e-06,128552.75,54927.37109375,73625.3828125,128530.3984375,54905.6328125,73624.765625,0.00017387075058650225,0.0003957641019951552,8.382809028262272e-06,0.017387075058650225,11.23568907380104,5.562736288011074,0.6234924495220184,5.562736288011074,3.4745752811431885,162.46774625778198,162.46774625778198,greedy,3.4745752811431885,0.0,heuristic_recall_pool
57,N28167,observe,-0.2497238963842392,-4.11901735842228,-0.2497238963842392,3.4189834594726562,5.530677089095115,0.03418983459472656,0.019658580422401428,10.579246520996094,3.4189834594726562,5.487609380185604,-0.02818923443555832,-0.1365511119365692,-0.0008941409178078175,128530.3125,54905.5625,73624.75,128485.25,54870.3046875,73614.9453125,0.00035059821675531566,0.0006421537254936993,0.00013317108096089214,0.035059821675531566,11.179306536912918,5.567118059396743,0.6806340515613556,5.567118059396743,3.4189834594726562,165.88672971725464,165.88672971725464,greedy,3.4189834594726562,0.0,heuristic_recall_pool
58,N60264,observe,-0.24781598150730133,-4.112876947000623,-0.24781598150730133,3.3722965717315674,5.543835113570094,0.03372296571731567,0.01903441548347473,10.513063430786133,3.3722965717315674,5.499451602213085,-0.027257554233074188,-0.13543619215488434,-0.0016314792446792126,128485.390625,54870.44921875,73614.9453125,128437.859375,54825.99609375,73611.8671875,0.00036993506364524364,0.0008101469138637185,4.1813858842942864e-05,0.036993506364524364,11.159604579210281,5.575890075713396,0.7455845773220062,5.575890075713396,3.3722965717315674,169.2590262889862,169.2590262889862,greedy,3.3722965717315674,0.0,heuristic_recall_pool
59,N29439,observe,-0.2455722540616989,-4.111882660537958,-0.2455722540616989,3.3265984058380127,5.545965727418661,0.033265984058380126,0.018292322754859924,10.455852508544922,3.3265984058380127,5.501369154676794,-0.02643696963787079,-0.13430753350257874,-0.0023148460313677788,128437.8671875,54825.8828125,73611.984375,128397.1328125,54787.15625,73609.9765625,0.00031715238583274186,0.0007063554949127138,2.7275620595901273e-05,0.031715238583274186,11.138753950595856,5.577310484945773,0.8019157648086548,5.577310484945773,3.3265984058380127,172.58562469482422,172.58562469482422,greedy,3.3265984058380127,0.0,heuristic_recall_pool
60,N53108,observe,-0.24457500874996185,-4.112007437050343,-0.24457500874996185,3.290031909942627,5.5456983491778375,0.03290031909942627,0.01830170303583145,10.395856857299805,3.290031909942627,5.501128514260054,-0.025572307407855988,-0.13352982699871063,-0.0029564136639237404,128397.0859375,54787.2578125,73609.828125,128358.03125,54750.06640625,73607.96875,0.000304171146126464,0.000678833166602999,2.525987474655267e-05,0.0304171146126464,11.128658026456833,5.577132232785225,0.8642414510250092,5.577132232785225,3.290031909942627,175.87565660476685,175.87565660476685,greedy,3.290031909942627,0.0,heuristic_recall_pool
61,N55688,observe,-0.24404586851596832,-4.110014477255172,-0.24404586851596832,3.2598276138305664,5.549968977310345,0.03259827613830566,0.01869763433933258,10.344736099243164,3.2598276138305664,5.504972079579311,-0.024938538670539856,-0.13307905197143555,-0.0033693313598632812,128357.96875,54749.9921875,73607.9765625,128324.6640625,54717.4609375,73607.203125,0.0002594672259874642,0.0005941781564615667,1.0507523256819695e-05,0.02594672259874642,11.110709846019745,5.579979318206897,0.907287061214447,5.579979318206897,3.2598276138305664,179.1354842185974,179.1354842185974,greedy,3.2598276138305664,0.0,heuristic_recall_pool
62,N26098,observe,-0.24350042641162872,-4.110008801220393,-0.24350042641162872,3.233619213104248,5.549981140242017,0.03233619213104248,0.019183944910764694,10.30549144744873,3.233619213104248,5.504983026217815,-0.024751000106334686,-0.13296633958816528,-0.0033560115844011307,128324.78125,54717.59375,73607.1875,128295.4140625,54689.28125,73606.1328125,0.00022885047656018287,0.0005174295511096716,1.432859426131472e-05,0.022885047656018287,11.06401064991951,5.579987426828011,0.909677654504776,5.579987426828011,3.233619213104248,182.36910343170166,182.36910343170166,greedy,3.233619213104248,0.0,heuristic_recall_pool
63,N60261,observe,-0.24296550452709198,-4.140543510317802,-0.24296550452709198,3.2114932537078857,5.484549620747567,0.03211493253707886,0.019733425229787827,10.277914047241211,3.2114932537078857,5.44609465867281,-0.024603188037872314,-0.1328877955675125,-0.003344032447785139,128295.40625,54689.25390625,73606.1484375,128268.53125,54664.03125,73604.5,0.00020947749726474285,0.00046119949547573924,2.2395377527573146e-05,0.020947749726474285,11.029088497161865,5.53636641383171,0.9120330214500427,5.53636641383171,3.2114932537078857,185.58059668540955,185.58059668540955,greedy,3.2114932537078857,0.0,heuristic_recall_pool
64,N26099,observe,-0.24244694411754608,-4.1401494196057325,-0.24244694411754608,3.1923177242279053,5.48539410084486,0.031923177242279055,0.02030196413397789,10.259173393249512,3.1923177242279053,5.446854690760374,-0.024476684629917145,-0.13284428417682648,-0.0033320575021207333,128268.5546875,54664.0703125,73604.484375,128241.609375,54640.35546875,73601.25,0.0002100695128319785,0.00043382871081121266,4.394263669382781e-05,0.02100695128319785,11.003822654485703,5.53692940056324,0.9152043163776398,5.53692940056324,3.1923177242279053,188.77291440963745,188.77291440963745,greedy,3.1923177242279053,0.0,heuristic_recall_pool
65,N26105,observe,-0.24196694791316986,-4.170049113035202,-0.24196694791316986,3.1761810779571533,5.421323329210281,0.031761810779571534,0.020872734487056732,10.248201370239258,3.1761810779571533,5.389190996289254,-0.024366162717342377,-0.13281401991844177,-0.0033192839473485947,128241.6015625,54640.3515625,73601.25,128214.28125,54618.3046875,73595.9765625,0.000213037827052176,0.00040349073242396116,7.164874841691926e-05,0.0213037827052176,10.987766176462173,5.494215552806853,0.9194793403148651,5.494215552806853,3.1761810779571533,191.9490954875946,191.9490954875946,greedy,3.1761810779571533,0.0,heuristic_recall_pool
66,N19323,observe,-0.24151675403118134,-4.182622323036194,-0.24151675403118134,3.162416696548462,5.394380736351013,0.03162416696548462,0.02141869068145752,10.242871284484863,3.162416696548462,5.364942662715912,-0.02426832914352417,-0.1327866017818451,-0.003305627964437008,128213.9609375,54617.9609375,73596.0,128188.9296875,54599.2421875,73589.6875,0.000195230299141258,0.00034272149787284434,8.577232802053913e-05,0.0195230299141258,10.978455066680908,5.476253824234009,0.9244890809059143,5.476253824234009,3.162416696548462,195.11151218414307,195.11151218414307,greedy,3.162416696548462,0.0,heuristic_recall_pool
67,N19324,observe,-0.2410586029291153,-4.205485396385193,-0.2410586029291153,3.1505954265594482,5.345388436317444,0.03150595426559448,0.021779142320156097,10.241873741149902,3.1505954265594482,5.320849592685699,-0.02417793869972229,-0.1327683925628662,-0.0032895333133637905,128188.9609375,54599.2890625,73589.671875,128164.4375,54582.78125,73581.65625,0.00019130694272462279,0.00030234482255764306,0.00010892323189182207,0.01913069427246228,10.974675297737122,5.443592290878295,0.9303234219551086,5.443592290878295,3.1505954265594482,198.26210761070251,198.26210761070251,greedy,3.1505954265594482,0.0,heuristic_recall_pool
68,N53106,observe,-0.24060241878032684,-4.28037392616272,-0.24060241878032684,3.1403937339782715,5.1849130153656,0.031403937339782716,0.0220278762280941,10.243144989013672,3.1403937339782715,5.176421713829041,-0.024094276130199432,-0.132727712392807,-0.003272122237831354,128164.671875,54583.0234375,73581.6484375,128144.15625,54570.703125,73573.453125,0.00016007239173632115,0.00022571692534256727,0.00011137712863273919,0.016007239173632115,10.974111109972,5.336608676910401,0.9364570677280426,5.336608676910401,3.1403937339782715,201.4025013446808,201.4025013446808,greedy,3.1403937339782715,0.0,heuristic_recall_pool
69,N53107,observe,-0.2401399463415146,-4.32,-0.2401399463415146,3.1311304569244385,5.1,0.031311304569244386,0.022225435823202133,10.243539810180664,3.1311304569244385,5.1,-0.024000845849514008,-0.13264480233192444,-0.003254867158830166,128144.140625,54570.69140625,73573.453125,128125.515625,54560.890625,73564.625,0.00014534413639921695,0.00017959788965526968,0.00011999063281109557,0.014534413639921695,10.974585682153702,5.28,0.9435829818248749,5.28,3.1311304569244385,204.53363180160522,204.53363180160522,greedy,3.1311304569244385,0.0,heuristic_recall_pool
70,N19322,observe,-0.23975859582424164,-4.32,-0.23975859582424164,3.121166467666626,5.1,0.03121166467666626,0.022307615727186203,10.239093780517578,3.121166467666626,5.1,-0.02389797568321228,-0.132513627409935,-0.003241106867790222,128125.25,54560.59375,73564.65625,128115.21875,54557.890625,73557.328125,7.829252717783675e-05,4.954354153596796e-05,9.961475007003173e-05,0.007829252717783675,10.970462679862976,5.28,0.950267493724823,5.28,3.121166467666626,207.65479826927185,207.65479826927185,greedy,3.121166467666626,0.0,heuristic_recall_pool
71,N19319,observe,-0.23940370976924896,-4.32,-0.23940370976924896,3.1115810871124268,5.1,0.031115810871124267,0.022349637001752853,10.231822967529297,3.1115810871124268,5.1,-0.023795463144779205,-0.1323518604040146,-0.003229929134249687,128115.1953125,54557.8828125,73557.3125,128113.34375,54561.9140625,73551.4296875,1.4452325558522716e-05,-7.388941594399512e-05,7.997590000741184e-05,0.0014452325558522716,10.963857740163803,5.28,0.9563046991825104,5.28,3.1115810871124268,210.76637935638428,210.76637935638428,greedy,3.1115810871124268,0.0,heuristic_recall_pool
72,N19321,observe,-0.23903630673885345,-4.32,-0.23903630673885345,3.102309226989746,5.1,0.03102309226989746,0.0223710834980011,10.222940444946289,3.102309226989746,5.1,-0.02370370179414749,-0.13217557966709137,-0.003221433609724045,128113.3359375,54561.90625,73551.4296875,128116.328125,54569.39453125,73546.9296875,-2.335578392376192e-05,-0.00013724375457968563,6.118167948443443e-05,-0.002335578392376192,10.954879492521286,5.28,0.9609422385692596,5.28,3.102309226989746,213.86868858337402,213.86868858337402,greedy,3.102309226989746,0.0,heuristic_recall_pool
73,N19318,observe,-0.23866678774356842,-4.32,-0.23866678774356842,3.0933589935302734,5.1,0.030933589935302735,0.022376690059900284,10.212410926818848,3.0933589935302734,5.1,-0.023624233901500702,-0.13199105858802795,-0.0032149143517017365,128116.3046875,54569.3828125,73546.921875,128122.78125,54579.33203125,73543.4453125,-5.0552211178001016e-05,-0.00018232235743198544,4.726999395643361e-05,-0.005055221117800102,10.943346530199051,5.28,0.9640190899372101,5.28,3.0933589935302734,216.9620475769043,216.9620475769043,greedy,3.0933589935302734,0.0,heuristic_recall_pool
74,N19320,observe,-0.23830415308475494,-4.32,-0.23830415308475494,3.084711790084839,5.1,0.03084711790084839,0.022368349134922028,10.200161933898926,3.084711790084839,5.1,-0.02355991303920746,-0.13181397318840027,-0.0032092928886413574,128122.765625,54579.32421875,73543.4453125,128131.125,54590.74609375,73540.375,-6.524503987748176e-05,-0.0002092710928991437,4.174828063696623e-05,-0.006524503987748176,10.928882420063019,5.28,0.9652271270751953,5.28,3.084711790084839,220.04675936698914,220.04675936698914,greedy,3.084711790084839,0.0,heuristic_recall_pool
75,N19317,observe,-0.2379174679517746,-4.32,-0.2379174679517746,3.076220989227295,5.1,0.03076220989227295,0.022335290908813477,10.186151504516602,3.076220989227295,5.1,-0.023511193692684174,-0.13164962828159332,-0.003203959669917822,128131.09375,54590.73828125,73540.359375,128140.921875,54603.2109375,73537.7109375,-7.67036690376699e-05,-0.00022847567743156105,3.601338903536089e-05,-0.00767036690376699,10.91125312447548,5.28,0.9644737541675568,5.28,3.076220989227295,223.12298035621643,223.12298035621643,greedy,3.076220989227295,0.0,heuristic_recall_pool
76,N19316,observe,-0.23752053081989288,-4.32,-0.23752053081989288,3.0677883625030518,5.1,0.030677883625030516,0.02228390797972679,10.170243263244629,3.0677883625030518,5.1,-0.023475274443626404,-0.13149945437908173,-0.0031984993256628513,128140.90625,54603.203125,73537.703125,128151.6640625,54616.2890625,73535.375,-8.39529893710278e-05,-0.00023965512809809297,3.16589284921065e-05,-0.00839529893710278,10.89050418138504,5.28,0.9619804620742798,5.28,3.0677883625030518,226.19076871871948,226.19076871871948,greedy,3.0677883625030518,0.0,heuristic_recall_pool
77,N26618,observe,-0.2371572107076645,-4.32,-0.2371572107076645,3.0593438148498535,5.1,0.030593438148498533,0.022271018475294113,10.153379440307617,3.0593438148498535,5.1,-0.023454837501049042,-0.1313616931438446,-0.0031930715776979923,128151.7890625,54616.3515625,73535.4375,128162.109375,54628.4765625,73533.6328125,-8.053194324020296e-05,-0.00022200311650522053,2.4541739549022168e-05,-0.008053194324020296,10.867239505052567,5.28,0.9576970636844635,5.28,3.0593438148498535,229.25011253356934,229.25011253356934,greedy,3.0593438148498535,0.0,heuristic_recall_pool
78,N26109,observe,-0.23790521919727325,-4.32,-0.23790521919727325,3.0769264698028564,5.1,0.030769264698028563,0.023376531898975372,10.19412899017334,3.0769264698028564,5.1,-0.023445598781108856,-0.13104702532291412,-0.003172743134200573,128162.3125,54628.74609375,73533.5625,128184.65625,54642.90625,73541.75,-0.00017433946777600795,-0.00025920706684701145,-0.00011134371743537486,-0.017433946777600795,10.92649558186531,5.28,0.9732039868831635,5.28,3.0769264698028564,232.3270390033722,232.3270390033722,greedy,3.0769264698028564,0.0,heuristic_recall_pool
79,N28756,observe,-0.23749230802059174,-4.32,-0.23749230802059174,3.060924530029297,5.1,0.030609245300292968,0.023023739457130432,10.15843391418457,3.060924530029297,5.1,-0.02352147549390793,-0.1311558485031128,-0.00317173358052969,128184.171875,54642.390625,73541.78125,128185.515625,54652.98828125,73532.5234375,-1.0482963261893019e-05,-0.00019394568516872823,0.0001258850679732859,-0.001048296326189302,10.867210894823074,5.28,0.952692061662674,5.28,3.060924530029297,235.3879635334015,235.3879635334015,greedy,3.060924530029297,0.0,heuristic_recall_pool
80,N28757,observe,-0.23724450170993805,-4.32,-0.23724450170993805,3.0526883602142334,5.1,0.030526883602142334,0.02300535887479782,10.13996410369873,3.0526883602142334,5.1,-0.023532681167125702,-0.131100594997406,-0.0031665004789829254,128185.5,54652.984375,73532.515625,128189.9765625,54657.8359375,73532.140625,-3.492253381409682e-05,-8.877031359588727e-05,5.099784630147042e-06,-0.0034922533814096823,10.839384347200394,5.28,0.9448949992656708,5.28,3.0526883602142334,238.44065189361572,238.44065189361572,greedy,3.0526883602142334,0.0,heuristic_recall_pool
81,N28759,observe,-0.23707716166973114,-4.32,-0.23707716166973114,3.0471155643463135,5.1,0.030471155643463133,0.023015663027763367,10.129096984863281,3.0471155643463135,5.1,-0.023552194237709045,-0.1310223937034607,-0.0031599286012351513,128189.96875,54657.83203125,73532.140625,128189.25,54657.8046875,73531.4453125,5.606912964140065e-06,5.002713692192629e-07,9.455899089516606e-06,0.0005606912964140065,10.82099312543869,5.28,0.9388337135314941,5.28,3.0471155643463135,241.48776745796204,241.48776745796204,greedy,3.0471155643463135,0.0,heuristic_recall_pool
82,N28760,observe,-0.23694156110286713,-4.32,-0.23694156110286713,3.043159008026123,5.1,0.03043159008026123,0.02297087386250496,10.123109817504883,3.043159008026123,5.1,-0.02357345074415207,-0.1309317946434021,-0.003150597680360079,128189.21875,54657.7734375,73531.4453125,128182.8984375,54653.7265625,73529.171875,4.930455543217249e-05,7.404024654533714e-05,3.091789403697476e-05,0.004930455543217249,10.808923751115799,5.28,0.9342221319675446,5.28,3.043159008026123,244.53092646598816,244.53092646598816,greedy,3.043159008026123,0.0,heuristic_recall_pool
83,N28761,observe,-0.23684988915920258,-4.32,-0.23684988915920258,3.040226459503174,5.1,0.030402264595031737,0.02284875512123108,10.119804382324219,3.040226459503174,5.1,-0.0235857293009758,-0.13081665337085724,-0.003138362430036068,128182.921875,54653.7421875,73529.1796875,128172.28125,54646.48046875,73525.796875,8.301125490106642e-05,0.0001328677317360416,4.600639658747241e-05,0.008301125490106642,10.801457911729813,5.28,0.9314347803592682,5.28,3.040226459503174,247.57115292549133,247.57115292549133,greedy,3.040226459503174,0.0,heuristic_recall_pool
84,N28762,observe,-0.23678822815418243,-4.32,-0.23678822815418243,3.03761887550354,5.1,0.0303761887550354,0.022672373801469803,10.116508483886719,3.03761887550354,5.1,-0.02358406037092209,-0.13067376613616943,-0.0031246929429471493,128172.265625,54646.4765625,73525.7890625,128161.1875,54638.95703125,73522.2265625,8.643152978038415e-05,0.00013760321598965675,4.8452388000441715e-05,0.008643152978038415,10.79572132229805,5.28,0.9301258027553558,5.28,3.03761887550354,250.60877180099487,250.60877180099487,greedy,3.03761887550354,0.0,heuristic_recall_pool
85,N28758,observe,-0.23676036298274994,-4.32,-0.23676036298274994,3.035327672958374,5.1,0.03035327672958374,0.022478550672531128,10.11216926574707,3.035327672958374,5.1,-0.02356342226266861,-0.13050134479999542,-0.003110042307525873,128161.171875,54638.94921875,73522.21875,128150.40625,54632.21484375,73518.1875,8.400067599723116e-05,0.00012325227726250887,5.483036511577666e-05,0.008400067599723116,10.791154712438583,5.28,0.9305320084095001,5.28,3.035327672958374,253.64409947395325,253.64409947395325,greedy,3.035327672958374,0.0,heuristic_recall_pool
86,N28764,observe,-0.23676638305187225,-4.32,-0.23676638305187225,3.03330397605896,5.1,0.0303330397605896,0.022279702126979828,10.106731414794922,3.03330397605896,5.1,-0.02353004366159439,-0.1303223818540573,-0.0030948654748499393,128150.4140625,54632.2109375,73518.203125,128142.2734375,54627.6484375,73514.625,6.352398486342281e-05,8.351300493814051e-05,4.866991730523296e-05,0.006352398486342281,10.787031024694443,5.28,0.9320044815540314,5.28,3.03330397605896,256.6774034500122,256.6774034500122,greedy,3.03330397605896,0.0,heuristic_recall_pool
87,N28763,observe,-0.23680393397808075,-4.32,-0.23680393397808075,3.0314204692840576,5.1,0.030314204692840577,0.022100109606981277,10.099475860595703,3.0314204692840576,5.1,-0.02348436415195465,-0.13013751804828644,-0.003080122172832489,128142.2890625,54627.671875,73514.6171875,128139.90625,54627.87109375,73512.03125,1.8595052097225562e-05,-3.64684683518135e-06,3.5175828088540584e-05,0.0018595052097225562,10.782459914684296,5.28,0.9342876672744751,5.28,3.0314204692840576,259.70882391929626,259.70882391929626,greedy,3.0314204692840576,0.0,heuristic_recall_pool
88,N28765,observe,-0.23682282865047455,-4.32,-0.23682282865047455,3.0295426845550537,5.1,0.030295426845550536,0.021939724683761597,10.090496063232422,3.0295426845550537,5.1,-0.023436464369297028,-0.12995414435863495,-0.003067019395530224,128139.921875,54627.890625,73512.03125,128144.0625,54633.05859375,73511.0,-3.231330993003212e-05,-9.460311412112787e-05,1.402831549057737e-05,-0.003231330993003212,10.776392310857773,5.28,0.9363632500171661,5.28,3.0295426845550537,262.7383666038513,262.7383666038513,greedy,3.0295426845550537,0.0,heuristic_recall_pool
89,N27439,observe,-0.23681239783763885,-4.32,-0.23681239783763885,3.027677297592163,5.1,0.030276772975921632,0.021776162087917328,10.080648422241211,3.027677297592163,5.1,-0.023391395807266235,-0.12977509200572968,-0.003055256325751543,128144.3671875,54633.3671875,73511.0,128152.8984375,54641.8515625,73511.046875,-6.657530320808291e-05,-0.0001552965841256082,-6.376596957125003e-07,-0.0066575303208082914,10.76918613910675,5.28,0.93794184923172,5.28,3.027677297592163,265.7660439014435,265.7660439014435,greedy,3.027677297592163,0.0,heuristic_recall_pool
90,N31002,observe,-0.23677854239940643,-4.32,-0.23677854239940643,3.0258948802948,5.1,0.030258948802947997,0.0216236412525177,10.070496559143066,3.0258948802948,5.1,-0.023355230689048767,-0.12960629165172577,-0.003044862300157547,128152.78125,54641.75390625,73511.0234375,128163.203125,54651.3828125,73511.8203125,-8.132382936310023e-05,-0.0001762188330758363,-1.0840210961760022e-05,-0.008132382936310023,10.76086837053299,5.28,0.9385747909545898,5.28,3.0258948802948,268.7919387817383,268.7919387817383,greedy,3.0258948802948,0.0,heuristic_recall_pool
91,N31003,observe,-0.23671980202198029,-4.32,-0.23671980202198029,3.024184226989746,5.1,0.03024184226989746,0.021458737552165985,10.060760498046875,3.024184226989746,5.1,-0.023330315947532654,-0.12945161759853363,-0.0030354694463312626,128163.1875,54651.37890625,73511.8125,128172.859375,54659.890625,73512.96875,-7.54653156036511e-05,-0.00015574572898913175,-1.572876499267295e-05,-0.007546531560365111,10.751913130283356,5.28,0.9382045865058899,5.28,3.024184226989746,271.816123008728,271.816123008728,greedy,3.024184226989746,0.0,heuristic_recall_pool
92,N19315,observe,-0.2366371601819992,-4.32,-0.2366371601819992,3.0226495265960693,5.1,0.030226495265960693,0.021278750151395798,10.0518798828125,3.0226495265960693,5.1,-0.023315496742725372,-0.12931011617183685,-0.003027020487934351,128172.75,54659.77734375,73512.96875,128180.5625,54666.265625,73514.296875,-6.095289427321404e-05,-0.00011870302841998637,-1.8066539269057103e-05,-0.006095289427321404,10.742979735136032,5.28,0.9370826780796051,5.28,3.0226495265960693,274.8387725353241,274.8387725353241,greedy,3.0226495265960693,0.0,heuristic_recall_pool
93,N19314,observe,-0.23653344810009003,-4.32,-0.23653344810009003,3.021357536315918,5.1,0.03021357536315918,0.021078035235404968,10.043943405151367,3.021357536315918,5.1,-0.023307286202907562,-0.12917737662792206,-0.003019409254193306,128180.546875,54666.2578125,73514.2890625,128186.09375,54670.36328125,73515.734375,-4.3273921619402245e-05,-7.510060095228255e-05,-1.9660294128698297e-05,-0.0043273921619402245,10.734572321176529,5.28,0.9355966150760651,5.28,3.021357536315918,277.86013007164,277.86013007164,greedy,3.021357536315918,0.0,heuristic_recall_pool
94,N31004,observe,-0.23642270267009735,-4.32,-0.23642270267009735,3.0204131603240967,5.1,0.030204131603240966,0.020874086767435074,10.037099838256836,3.0204131603240967,5.1,-0.02330324798822403,-0.12905749678611755,-0.003012755885720253,128186.2265625,54670.515625,73515.7109375,128190.2265625,54672.8046875,73517.421875,-3.120459950878285e-05,-4.187014565104619e-05,-2.3273087208508514e-05,-0.003120459950878285,10.72718819975853,5.28,0.9340534508228302,5.28,3.0204131603240967,280.8805432319641,280.8805432319641,greedy,3.0204131603240967,0.0,heuristic_recall_pool
95,N38615,observe,-0.23630909621715546,-4.32,-0.23630909621715546,3.0197246074676514,5.1,0.030197246074676512,0.020681705325841904,10.031166076660156,3.0197246074676514,5.1,-0.023301832377910614,-0.12895239889621735,-0.003007026854902506,128190.40625,54672.93359375,73517.4765625,128193.34375,54674.03125,73519.3125,-2.2915131921763532e-05,-2.0076775399502367e-05,-2.4972803657874465e-05,-0.002291513192176353,10.720707446336746,5.28,0.9325394332408905,5.28,3.0197246074676514,283.90026783943176,283.90026783943176,greedy,3.0197246074676514,0.0,heuristic_recall_pool
96,N55656,observe,-0.24026064574718475,-4.32,-0.24026064574718475,3.039031744003296,5.1,0.030390317440032958,0.02094840630888939,10.086881637573242,3.039031744003296,5.1,-0.022784337401390076,-0.12860022485256195,-0.0030743079259991646,128193.203125,54673.93359375,73519.265625,128195.2890625,54674.1328125,73521.15625,-1.627182609809097e-05,-3.6437611470319098e-06,-2.5716048185131513e-05,-0.001627182609809097,10.84747964143753,5.28,1.003044605255127,5.28,3.039031744003296,286.93929958343506,286.93929958343506,greedy,3.039031744003296,0.0,heuristic_recall_pool
97,N55679,observe,-0.24065901339054108,-4.32,-0.24065901339054108,3.0415384769439697,5.1,0.030415384769439696,0.019944190979003906,10.081426620483398,3.0415384769439697,5.1,-0.022893153131008148,-0.12844042479991913,-0.0030839787796139717,128195.4296875,54674.2578125,73521.171875,128197.0,54674.0078125,73522.9921875,-1.2249363862792961e-05,4.572535999614047e-06,-2.4759025109233335e-05,-0.0012249363862792961,10.833649784326553,5.28,0.9914259612560272,5.28,3.0415384769439697,289.980838060379,289.980838060379,greedy,3.0415384769439697,0.0,heuristic_recall_pool
98,N31005,observe,-0.24102668464183807,-4.32,-0.24102668464183807,3.0439767837524414,5.1,0.030439767837524414,0.019066371023654938,10.07755184173584,3.0439767837524414,5.1,-0.02299553155899048,-0.12831427156925201,-0.0030929450877010822,128196.8671875,54673.8984375,73522.96875,128197.96875,54673.34375,73524.625,-8.592741323809605e-06,1.014538065646775e-05,-2.2526974134962074e-05,-0.0008592741323809605,10.821975469589233,5.28,0.9808290004730225,5.28,3.0439767837524414,293.02481484413147,293.02481484413147,greedy,3.0439767837524414,0.0,heuristic_recall_pool
99,N55857,observe,-0.2413702756166458,-4.32,-0.2413702756166458,3.046430826187134,5.1,0.03046430826187134,0.018306687474250793,10.075180053710938,3.046430826187134,5.1,-0.02309253066778183,-0.12821893393993378,-0.003100997768342495,128197.9921875,54673.3671875,73524.625,128198.609375,54672.66796875,73525.9453125,-4.8143306230485905e-06,1.278901891055284e-05,-1.795741991372779e-05,-0.00048143306230485905,10.812357813119888,5.28,0.9711496531963348,5.28,3.046430826187134,296.0712456703186,296.0712456703186,greedy,3.046430826187134,0.0,heuristic_recall_pool
100,N38614,observe,-0.24168239533901215,-4.1591267585754395,-0.24168239533901215,3.048877000808716,5.444728374481201,0.030488770008087158,0.01762545108795166,10.073213577270508,3.048877000808716,5.4102555370330805,-0.023193851113319397,-0.12815865874290466,-0.0031082741916179657,128198.6484375,54672.6796875,73525.96875,128200.1953125,54673.046875,73527.1484375,-1.2066235285601579e-05,-6.716105872328626e-06,-1.6044501535361633e-05,-0.0012066235285601579,10.802705466747284,5.5098189163208,0.9611375331878662,5.5098189163208,3.048877000808716,299.1201226711273,299.1201226711273,greedy,3.048877000808716,0.0,heuristic_recall_pool
101,N55655,observe,-0.2419944554567337,-4.158955467939377,-0.2419944554567337,3.0517818927764893,5.445095425844192,0.03051781892776489,0.01706555485725403,10.07407283782959,3.0517818927764893,5.410585883259773,-0.023279234766960144,-0.12810438871383667,-0.003113758284598589,128200.1171875,54672.9296875,73527.1875,128200.015625,54671.87890625,73528.1328125,7.922184863673465e-07,1.921940565807745e-05,-1.2856638932134956e-05,7.922184863673465e-05,10.797931253910065,5.510063617229462,0.9535402059555054,5.510063617229462,3.0517818927764893,302.1719045639038,302.1719045639038,greedy,3.0517818927764893,0.0,heuristic_recall_pool
102,N55673,observe,-0.24227599799633026,-4.158967067003251,-0.24227599799633026,3.0538506507873535,5.445070570707322,0.030538506507873535,0.016543325036764145,10.074209213256836,3.0538506507873535,5.410563513636589,-0.023356907069683075,-0.1280640959739685,-0.00311889685690403,128200.046875,54672.02734375,73528.015625,128199.15625,54670.91015625,73528.2421875,6.947150268388214e-06,2.043435233645141e-05,-3.0813084777037147e-06,0.0006947150268388214,10.792369157075882,5.510047047138214,0.9463242590427399,5.510047047138214,3.0538506507873535,305.22575521469116,305.22575521469116,greedy,3.0538506507873535,0.0,heuristic_recall_pool
103,N55864,observe,-0.24253861606121063,-4.159084230065346,-0.24253861606121063,3.0558393001556396,5.44481950700283,0.030558393001556397,0.016080081462860107,10.07478141784668,3.0558393001556396,5.410337556302547,-0.023428678512573242,-0.12803268432617188,-0.0031233434565365314,128199.171875,54670.890625,73528.28125,128198.5234375,54670.0078125,73528.515625,5.058047463535331e-06,1.6147761925822124e-05,-3.1875490549282404e-06,0.0005058047463535331,10.787752866744995,5.50987967133522,0.9397873282432556,5.50987967133522,3.0558393001556396,308.2815945148468,308.2815945148468,greedy,3.0558393001556396,0.0,heuristic_recall_pool
104,N26085,observe,-0.242776021361351,-4.159160796403885,-0.242776021361351,3.0576393604278564,5.44465543627739,0.030576393604278565,0.01566530391573906,10.075483322143555,3.0576393604278564,5.410189892649651,-0.02349560707807541,-0.12801042199134827,-0.0031272554770112038,128198.5390625,54670.0390625,73528.5,128197.921875,54669.30859375,73528.609375,4.814310159417801e-06,1.3361409401113633e-05,-1.4875184888296644e-06,0.00048143101594178006,10.78356197476387,5.509770290851593,0.9337199628353119,5.509770290851593,3.0576393604278564,311.33923387527466,311.33923387527466,greedy,3.0576393604278564,0.0,heuristic_recall_pool
105,N26089,observe,-0.24299605190753937,-4.159322611689568,-0.24299605190753937,3.0593254566192627,5.444308689236641,0.030593254566192628,0.015293389558792114,10.076349258422852,3.0593254566192627,5.4098778203129765,-0.02355743944644928,-0.12799480557441711,-0.003130604512989521,128197.921875,54669.28125,73528.640625,128197.40625,54668.65625,73528.75,4.022101165901404e-06,1.143238023360027e-05,-1.4875156466587214e-06,0.0004022101165901404,10.779930770397186,5.509539126157761,0.9281747341156006,5.509539126157761,3.0593254566192627,314.3985593318939,314.3985593318939,greedy,3.0593254566192627,0.0,heuristic_recall_pool
106,N26101,observe,-0.24319885671138763,-4.159436123967171,-0.24319885671138763,3.0608465671539307,5.444065448641777,0.030608465671539308,0.014957655221223831,10.077313423156738,3.0608465671539307,5.409658903777599,-0.02361419051885605,-0.12798289954662323,-0.003133585210889578,128197.4140625,54668.6953125,73528.71875,128196.828125,54668.125,73528.703125,4.570587407215498e-06,1.0432158887851983e-05,2.1250200177291845e-07,0.00045705874072154984,10.776740938425064,5.509376965761184,0.9231209456920624,5.509376965761184,3.0608465671539307,317.45940589904785,317.45940589904785,greedy,3.0608465671539307,0.0,heuristic_recall_pool
107,N55859,observe,-0.24338440597057343,-4.159483930468559,-0.24338440597057343,3.0622379779815674,5.443963006138802,0.030622379779815675,0.014656461775302887,10.078397750854492,3.0622379779815674,5.409566705524921,-0.02366688847541809,-0.1279735118150711,-0.003136303275823593,128196.7421875,54668.03125,73528.7109375,128196.1484375,54667.4609375,73528.6875,4.631553110812092e-06,1.043228530761553e-05,3.1875302397565974e-07,0.0004631553110812092,10.77394688129425,5.5093086707592,0.9184700846672058,5.5093086707592,3.0622379779815674,320.5216438770294,320.5216438770294,greedy,3.0622379779815674,0.0,heuristic_recall_pool
108,N26129,observe,-0.24355225265026093,-4.159558297991753,-0.24355225265026093,3.0635576248168945,5.4438036471605304,0.030635576248168945,0.014388024806976318,10.079618453979492,3.0635576248168945,5.409423282444477,-0.02371574193239212,-0.1279674768447876,-0.0031386874616146088,128196.171875,54667.51953125,73528.65625,128195.65625,54667.0,73528.65625,4.022156190330861e-06,9.503472028882243e-06,0.0,0.0004022156190330861,10.771601885557175,5.509202431440353,0.9142198264598846,5.509202431440353,3.0635576248168945,323.5852015018463,323.5852015018463,greedy,3.0635576248168945,0.0,heuristic_recall_pool
109,N55886,observe,-0.24370788037776947,-4.159703828692436,-0.24370788037776947,3.0648491382598877,5.443491795659066,0.030648491382598876,0.014148004353046417,10.080986022949219,3.0648491382598877,5.409142616093158,-0.023760400712490082,-0.12796397507190704,-0.0031406763009727,128195.65625,54666.96875,73528.6875,128195.265625,54666.5625,73528.703125,3.0471001082332805e-06,7.431361154885963e-06,-2.1250208703804674e-07,0.00030471001082332805,10.769795089960098,5.508994530439376,0.9104187190532684,5.508994530439376,3.0648491382598877,326.6500506401062,326.6500506401062,greedy,3.0648491382598877,0.0,heuristic_recall_pool
110,N26115,observe,-0.24384929239749908,-4.159783382415772,-0.24384929239749908,3.0660057067871094,5.443321323394776,0.030660057067871095,0.013929694890975952,10.082345008850098,3.0660057067871094,5.408989191055298,-0.023800931870937347,-0.12796224653720856,-0.003142422530800104,128195.2734375,54666.6015625,73528.671875,128194.859375,54666.20703125,73528.65625,3.2299358281306922e-06,7.217043730634032e-06,2.125021438814656e-07,0.0003229935828130692,10.768257528543472,5.508880882263184,0.906994491815567,5.508880882263184,3.0660057067871094,329.7160563468933,329.7160563468933,greedy,3.0660057067871094,0.0,heuristic_recall_pool
111,N55872,observe,-0.2439839094877243,-4.160212092995644,-0.2439839094877243,3.067352533340454,5.442402657866478,0.03067352533340454,0.013728048652410507,10.083742141723633,3.067352533340454,5.408162392079831,-0.023844577372074127,-0.12796702980995178,-0.00314386747777462,128194.828125,54666.15625,73528.671875,128195.46875,54666.5703125,73528.8984375,-4.997276391804917e-06,-7.574384653707966e-06,-3.081280965488986e-06,-0.0004997276391804917,10.766636937856674,5.508268438577652,0.903315931558609,5.508268438577652,3.067352533340454,332.78340888023376,332.78340888023376,greedy,3.067352533340454,0.0,heuristic_recall_pool
112,N55900,observe,-0.24410413205623627,-4.159869144558907,-0.24410413205623627,3.068525552749634,5.443137547373771,0.030685255527496336,0.013558130711317062,10.085573196411133,3.068525552749634,5.408823792636395,-0.02387692779302597,-0.12796363234519958,-0.003144992981106043,128195.453125,54666.55078125,73528.8984375,128194.8125,54665.921875,73528.890625,4.99725229019532e-06,1.1504406757012475e-05,1.0625074509107435e-07,0.000499725229019532,10.76640596985817,5.508758364915848,0.9008319079875946,5.508758364915848,3.068525552749634,335.8519344329834,335.8519344329834,greedy,3.068525552749634,0.0,heuristic_recall_pool
113,N29497,observe,-0.24421025812625885,-4.159976385831833,-0.24421025812625885,3.069434642791748,5.442907744646073,0.03069434642791748,0.013401433825492859,10.087005615234375,3.069434642791748,5.408616970181464,-0.023908346891403198,-0.1279689371585846,-0.0031460942700505257,128194.7421875,54665.84375,73528.8984375,128194.40625,54665.5703125,73528.8359375,2.6205248104815837e-06,5.001980753149837e-06,8.500059607285948e-07,0.00026205248104815837,10.765605568885803,5.508605163097381,0.8982753753662109,5.508605163097381,3.069434642791748,338.92136907577515,338.92136907577515,greedy,3.069434642791748,0.0,heuristic_recall_pool
114,N55847,observe,-0.2443053275346756,-4.160039016604424,-0.2443053275346756,3.0703227519989014,5.442773535847664,0.030703227519989013,0.013262767344713211,10.08848762512207,3.0703227519989014,5.408496182262898,-0.02393776923418045,-0.12797729671001434,-0.0031469129025936127,128194.5625,54665.69921875,73528.8671875,128194.28125,54665.484375,73528.796875,2.1939308680885006e-06,3.930138063878985e-06,9.562570539856097e-07,0.00021939308680885006,10.765033453702927,5.508515690565108,0.8959256708621979,5.508515690565108,3.0703227519989014,341.99169182777405,341.99169182777405,greedy,3.0703227519989014,0.0,heuristic_recall_pool
115,N55816,observe,-0.24440912902355194,-4.1602470320463185,-0.24440912902355194,3.0718109607696533,5.442327788472176,0.030718109607696532,0.013156197965145111,10.09091567993164,3.0718109607696533,5.408095009624958,-0.023968681693077087,-0.12798826396465302,-0.003147045150399208,128194.1171875,54665.4140625,73528.703125,128194.6796875,54665.7265625,73528.953125,-4.38787674283958e-06,-5.716594387195073e-06,-3.4000327104877215e-06,-0.00043878767428395804,10.765858471393585,5.508218525648117,0.8938134908676147,5.508218525648117,3.0718109607696533,345.0635027885437,345.0635027885437,greedy,3.0718109607696533,0.0,heuristic_recall_pool
116,N55645,observe,-0.24448414146900177,-4.160068640112877,-0.24448414146900177,3.072462320327759,5.442710056900978,0.03072462320327759,0.013042274862527847,10.092198371887207,3.072462320327759,5.40843905121088,-0.02399636059999466,-0.12800799310207367,-0.003147341310977936,128194.703125,54665.6640625,73529.0390625,128193.953125,54665.1875,73528.765625,5.850475645274855e-06,8.717766831978224e-06,3.7187687667028513e-06,0.0005850475645274855,10.7650246322155,5.508473371267318,0.8915291130542755,5.508473371267318,3.072462320327759,348.13596510887146,348.13596510887146,greedy,3.072462320327759,0.0,heuristic_recall_pool
117,N55902,observe,-0.24455444514751434,-4.160159496665001,-0.24455444514751434,3.0732734203338623,5.442515364289283,0.03073273420333862,0.012953795492649078,10.093873977661133,3.0732734203338623,5.408263827860355,-0.024023987352848053,-0.12803353369235992,-0.003147162962704897,128193.96875,54665.25390625,73528.71875,128193.21875,54664.75,73528.46875,5.850509296578821e-06,9.218035302183125e-06,3.400032028366695e-06,0.0005850509296578821,10.76474866271019,5.508343576192856,0.8893881142139435,5.508343576192856,3.0732734203338623,351.2092385292053,351.2092385292053,greedy,3.0732734203338623,0.0,heuristic_recall_pool
118,N53109,observe,-0.24461625516414642,-4.160361716747284,-0.24461625516414642,3.0741257667541504,5.442082035541534,0.030741257667541502,0.012885324656963348,10.095813751220703,3.0741257667541504,5.407873831987381,-0.024052798748016357,-0.128067746758461,-0.0031465492211282253,128193.171875,54664.71484375,73528.453125,128192.3203125,54664.1640625,73528.15625,6.64280696582864e-06,1.0075626960315276e-05,4.037552571389824e-06,0.000664280696582864,10.764659643173218,5.508054690361023,0.8872050046920776,5.508054690361023,3.0741257667541504,354.2833642959595,354.2833642959595,greedy,3.0741257667541504,0.0,heuristic_recall_pool
119,N26107,observe,-0.24468065798282623,-4.160607341527939,-0.24468065798282623,3.075040102005005,5.441555696725846,0.03075040102005005,0.012829318642616272,10.0979642868042,3.075040102005005,5.407400127053261,-0.0240815207362175,-0.12810802459716797,-0.003145338036119938,128192.4140625,54664.2578125,73528.15625,128191.453125,54663.60546875,73527.84375,7.496055786759825e-06,1.1933642781514209e-05,4.250072379363701e-06,0.0007496055786759825,10.764852315187454,5.50770379781723,0.8850990235805511,5.50770379781723,3.075040102005005,357.3584043979645,357.3584043979645,greedy,3.075040102005005,0.0,heuristic_recall_pool
120,N55782,observe,-0.24475185573101044,-4.160766682624818,-0.24475185573101044,3.075890302658081,5.441214251518249,0.03075890302658081,0.012774087488651276,10.100173950195312,3.075890302658081,5.407092826366425,-0.02410595864057541,-0.12814363837242126,-0.0031438181176781654,128191.375,54663.51953125,73527.8515625,128190.4765625,54662.96875,73527.5078125,7.0085643528727815e-06,1.0075847058033105e-05,4.675099262385629e-06,0.0007008564352872781,10.765468388795853,5.507476167678833,0.8834201991558075,5.507476167678833,3.075890302658081,360.43429470062256,360.43429470062256,greedy,3.075890302658081,0.0,heuristic_recall_pool
121,N26113,observe,-0.2448175996541977,-4.160769236087799,-0.2448175996541977,3.076627016067505,5.441208779811859,0.030766270160675048,0.012721769511699677,10.102195739746094,3.076627016067505,5.407087901830674,-0.0241282656788826,-0.1281762421131134,-0.0031423382461071014,128190.515625,54663.03515625,73527.4765625,128189.65625,54662.515625,73527.140625,6.703889084747061e-06,9.504251465841662e-06,4.568870281218551e-06,0.0006703889084747061,10.765996187925339,5.507472519874572,0.8818791210651398,5.507472519874572,3.076627016067505,363.51092171669006,363.51092171669006,greedy,3.076627016067505,0.0,heuristic_recall_pool
122,N55921,observe,-0.24489323794841766,-4.161009040474892,-0.24489323794841766,3.077862501144409,5.440694913268089,0.030778625011444093,0.0126878023147583,10.104902267456055,3.077862501144409,5.406625421941281,-0.024151742458343506,-0.1282052844762802,-0.0031406073831021786,128189.5859375,54662.4609375,73527.125,128189.5,54662.4609375,73527.0390625,6.703937742713606e-07,0.0,1.1687862979670172e-06,6.703937742713606e-05,10.767590522766113,5.507129942178725,0.8805169463157654,5.507129942178725,3.077862501144409,366.5887842178345,366.5887842178345,greedy,3.077862501144409,0.0,heuristic_recall_pool
123,N26111,observe,-0.2449440211057663,-4.1609377938508985,-0.2449440211057663,3.0782694816589355,5.440847584605217,0.030782694816589354,0.012634817510843277,10.10625171661377,3.0782694816589355,5.4067628261446945,-0.02417156845331192,-0.1282370239496231,-0.003139389678835869,128189.5625,54662.5078125,73527.0546875,128188.578125,54661.97265625,73526.609375,7.67905748944031e-06,9.790188414626755e-06,6.056444362911861e-06,0.0007679057489440311,10.767364352941513,5.507231723070144,0.8789734542369843,5.507231723070144,3.0782694816589355,369.6670536994934,369.6670536994934,greedy,3.0782694816589355,0.0,heuristic_recall_pool
124,N55893,observe,-0.24499772489070892,-4.1613720744848255,-0.24499772489070892,3.0789968967437744,5.439916983246803,0.030789968967437745,0.01258821040391922,10.107711791992188,3.0789968967437744,5.405925284922123,-0.024196572601795197,-0.128272145986557,-0.0031381258741021156,128188.546875,54661.921875,73526.625,128188.734375,54662.19140625,73526.5390625,-1.4626891697844258e-06,-4.930877821607282e-06,1.1687942560456577e-06,-0.00014626891697844258,10.767051428556442,5.5066113221645345,0.8770199120044708,5.5066113221645345,3.0789968967437744,372.7460505962372,372.7460505962372,greedy,3.0789968967437744,0.0,heuristic_recall_pool
125,N55969,observe,-0.2450535148382187,-4.161181411743165,-0.2450535148382187,3.079900026321411,5.440325546264648,0.03079900026321411,0.01256871223449707,10.110111236572266,3.079900026321411,5.406292991638184,-0.02421393245458603,-0.12829448282718658,-0.0031366562470793724,128188.6484375,54662.15625,73526.4921875,128187.7265625,54661.421875,73526.3046875,7.191549229901284e-06,1.3434797438094392e-05,2.550101271481253e-06,0.0007191549229901284,10.768618017435074,5.506883697509766,0.8761095702648163,5.506883697509766,3.079900026321411,375.8259506225586,375.8259506225586,greedy,3.079900026321411,0.0,heuristic_recall_pool
126,N55914,observe,-0.24510030448436737,-4.161598761081696,-0.24510030448436737,3.0805087089538574,5.43943122625351,0.030805087089538573,0.012532591819763184,10.111610412597656,3.0805087089538574,5.405488103628159,-0.024237655103206635,-0.1283285766839981,-0.0031354594975709915,128187.75,54661.4375,73526.3125,128187.390625,54661.26953125,73526.125,2.803504912662902e-06,3.07289292322821e-06,2.55010741057049e-06,0.0002803504912662902,10.76835361123085,5.506287484169007,0.874264270067215,5.506287484169007,3.0805087089538574,378.90645933151245,378.90645933151245,greedy,3.0805087089538574,0.0,heuristic_recall_pool
127,N55761,observe,-0.24514155089855194,-4.161383544206619,-0.24514155089855194,3.0810067653656006,5.4398924052715305,0.030810067653656004,0.012513097375631332,10.113545417785645,3.0810067653656006,5.405903164744378,-0.02424970269203186,-0.12834890186786652,-0.0031340941786766052,128187.453125,54661.23046875,73526.2265625,128186.0390625,54660.1328125,73525.90625,1.1031208487111144e-05,2.008107549045235e-05,4.3564386942307465e-06,0.0011031208487111144,10.769581913948059,5.506594936847686,0.8736677765846252,5.506594936847686,3.0810067653656006,381.98746609687805,381.98746609687805,greedy,3.0810067653656006,0.0,heuristic_recall_pool
128,N55766,observe,-0.24640648066997528,-4.160754995942116,-0.24640648066997528,3.1097252368927,5.441239294409752,0.031097252368927002,0.01374354213476181,10.176997184753418,3.1097252368927,5.407115364968776,-0.024248741567134857,-0.12822377681732178,-0.003111190628260374,128186.03125,54660.12890625,73525.90625,128202.609375,54666.08203125,73536.5234375,-0.00012932863319292665,-0.0001089116558432579,-0.00014440063387155533,-0.012932863319292665,10.861848264932632,5.507492862939834,0.8968064486980438,5.507492862939834,3.1097252368927,385.09719133377075,385.09719133377075,greedy,3.1097252368927,0.0,heuristic_recall_pool
129,N55771,observe,-0.24760375916957855,-4.160783593058587,-0.24760375916957855,3.1291844844818115,5.441178014874459,0.03129184484481812,0.014536596834659576,10.22022533416748,3.1291844844818115,5.4070602133870125,-0.024362631142139435,-0.12837553024291992,-0.0030944361351430416,128202.59375,54666.078125,73536.515625,128215.9375,54677.85546875,73538.078125,-0.00010408330854261294,-0.0002154415415134281,-2.1247946278890595e-05,-0.010408330854261294,10.913146704435349,5.507452009916306,0.9010893404483795,5.507452009916306,3.1291844844818115,388.22637581825256,388.22637581825256,greedy,3.1291844844818115,0.0,heuristic_recall_pool
130,N55776,observe,-0.24880282580852509,-4.1619190746545796,-0.24880282580852509,3.1475462913513184,5.438744840025902,0.031475462913513184,0.015278171747922897,10.259468078613281,3.1475462913513184,5.404870356023311,-0.02448110282421112,-0.12857167422771454,-0.0030767149291932583,128215.90625,54677.8125,73538.09375,128230.7734375,54690.90625,73539.8671875,-0.00011595431715250015,-0.00023947098816279322,-2.411590321571566e-05,-0.011595431715250015,10.958904087543488,5.505829893350601,0.9036433100700378,5.505829893350601,3.1475462913513184,391.3739221096039,391.3739221096039,greedy,3.1475462913513184,0.0,heuristic_recall_pool
131,N55907,observe,-0.24832527339458466,-4.160814551711082,-0.24832527339458466,3.132152795791626,5.441111674904823,0.03132152795791626,0.014516472816467285,10.219005584716797,3.132152795791626,5.407000507414341,-0.024562515318393707,-0.12881840765476227,-0.003083442337810993,128230.734375,54690.98046875,73539.7578125,128219.203125,54690.71875,73528.484375,8.99257865967229e-05,4.785409601026913e-06,0.00015329718007706106,0.00899257865967229,10.894906848669052,5.5074077832698825,0.881538063287735,5.5074077832698825,3.132152795791626,394.5060749053955,394.5060749053955,greedy,3.132152795791626,0.0,heuristic_recall_pool
132,N55650,observe,-0.2480834573507309,-4.16092540204525,-0.2480834573507309,3.125135660171509,5.440874138474464,0.03125135660171509,0.014153711497783661,10.198957443237305,3.125135660171509,5.406786724627018,-0.02455102652311325,-0.12886066734790802,-0.0030854414217174053,128219.234375,54690.66796875,73528.5625,128215.046875,54686.64453125,73528.40625,3.265890700276941e-05,7.356716378126293e-05,2.1250245936244028e-06,0.003265890700276941,10.868990451097488,5.5072494256496425,0.8759206235408783,5.5072494256496425,3.125135660171509,397.631210565567,397.631210565567,greedy,3.125135660171509,0.0,heuristic_recall_pool
133,N55756,observe,-0.24787668883800507,-4.1613321286439895,-0.24787668883800507,3.119809865951538,5.440002581477165,0.03119809865951538,0.013881795108318329,10.184630393981934,3.119809865951538,5.4060023233294485,-0.02453967183828354,-0.12886537611484528,-0.0030883196741342545,128215.0625,54686.640625,73528.421875,128210.546875,54682.0,73528.546875,3.5219145502196625e-05,8.485847502015531e-05,-1.7000228353936109e-06,0.0035219145502196625,10.850473076105118,5.506668387651444,0.872142881155014,5.506668387651444,3.119809865951538,400.75102043151855,400.75102043151855,greedy,3.119809865951538,0.0,heuristic_recall_pool
134,N55651,observe,-0.24766962230205536,-4.161134289503098,-0.24766962230205536,3.1151912212371826,5.440426522493363,0.031151912212371825,0.013656958937644958,10.17360782623291,3.1151912212371826,5.406383870244026,-0.024522580206394196,-0.12884463369846344,-0.0030915974639356136,128210.5546875,54681.9921875,73528.5625,128205.8125,54677.30078125,73528.515625,3.698749787872657e-05,8.579435234423727e-05,6.375073553499533e-07,0.003698749787872657,10.836541026830673,5.5069510149955745,0.8699417412281036,5.5069510149955745,3.1151912212371826,403.86621165275574,403.86621165275574,greedy,3.1151912212371826,0.0,heuristic_recall_pool
135,N26103,observe,-0.24748288094997406,-4.161032818555832,-0.24748288094997406,3.1115124225616455,5.440643960237503,0.031115124225616454,0.01347939670085907,10.165517807006836,3.1115124225616455,5.406579564213752,-0.02450636774301529,-0.12881697714328766,-0.0030946419574320316,128205.8359375,54677.4140625,73528.421875,128201.90625,54673.515625,73528.390625,3.0651393899461254e-05,7.129886216716841e-05,4.250057088484027e-07,0.0030651393899461254,10.826393455266953,5.507095973491668,0.8686207830905914,5.507095973491668,3.1115124225616455,406.9777240753174,406.9777240753174,greedy,3.1115124225616455,0.0,heuristic_recall_pool
136,N56146,observe,-0.24731095135211945,-4.160910632014275,-0.24731095135211945,3.108459711074829,5.44090578854084,0.03108459711074829,0.013333220034837723,10.159418106079102,3.108459711074829,5.406815209686756,-0.024492181837558746,-0.12879006564617157,-0.003097384236752987,128201.828125,54673.3984375,73528.4296875,128198.5546875,54670.1875,73528.3671875,2.553346894274e-05,5.872943074791692e-05,8.500113608533866e-07,0.002553346894274,10.818659633398056,5.507270525693893,0.867751270532608,5.507270525693893,3.108459711074829,410.0861837863922,410.0861837863922,greedy,3.108459711074829,0.0,heuristic_recall_pool
137,N26119,observe,-0.24715320765972137,-4.160765113830567,-0.24715320765972137,3.1058623790740967,5.441217613220215,0.031058623790740966,0.013209391385316849,10.154666900634766,3.1058623790740967,5.407095851898193,-0.024480193853378296,-0.12876677513122559,-0.0030997656285762787,128198.6015625,54670.28125,73528.3203125,128195.765625,54667.56640625,73528.203125,2.2121439542388543e-05,4.965849075233564e-05,1.5937736179694184e-06,0.0022121439542388543,10.812509894371033,5.507478408813476,0.867112934589386,5.507478408813476,3.1058623790740967,413.1920461654663,413.1920461654663,greedy,3.1058623790740967,0.0,heuristic_recall_pool
138,N55747,observe,-0.24701018631458282,-4.16062927544117,-0.24701018631458282,3.103637933731079,5.441508695483208,0.03103637933731079,0.013104282319545746,10.150994300842285,3.103637933731079,5.407357825934887,-0.02446950227022171,-0.12874628603458405,-0.003101830370724201,128195.6484375,54667.4296875,73528.21875,128193.25,54665.19921875,73528.046875,1.8709195501287468e-05,4.0800689021125436e-05,2.337538035135367e-06,0.0018709195501287468,10.807682007551193,5.507672463655471,0.86670783162117,5.507672463655471,3.103637933731079,416.2956840991974,416.2956840991974,greedy,3.103637933731079,0.0,heuristic_recall_pool
139,N55832,observe,-0.24688224494457245,-4.16054879963398,-0.24688224494457245,3.1017708778381348,5.441681143641472,0.031017708778381347,0.013013768941164017,10.148191452026367,3.1017708778381348,5.407513029277325,-0.024460412561893463,-0.12872810661792755,-0.003103561233729124,128193.34375,54665.2734375,73528.0703125,128191.265625,54663.3828125,73527.8828125,1.6210864487220533e-05,3.45854859915562e-05,2.5500464744254714e-06,0.0016210864487220533,10.803921073675156,5.507787429094314,0.8664493262767792,5.507787429094314,3.1017708778381348,419.3974549770355,419.3974549770355,greedy,3.1017708778381348,0.0,heuristic_recall_pool
140,N55879,observe,-0.24676476418972015,-4.160794512033463,-0.24676476418972015,3.100214719772339,5.441154617071152,0.031002147197723387,0.012924052774906158,10.145622253417969,3.100214719772339,5.4070391553640365,-0.02445877343416214,-0.1287188082933426,-0.003105122596025467,128191.234375,54663.38671875,73527.84375,128190.3203125,54662.5078125,73527.8125,7.1304602897726e-06,1.6078518456197344e-05,4.250090626101155e-07,0.00071304602897726,10.799959629774094,5.507436411380768,0.8655818998813629,5.507436411380768,3.100214719772339,422.49766969680786,422.49766969680786,greedy,3.100214719772339,0.0,heuristic_recall_pool
141,N55663,observe,-0.24665577709674835,-4.160517573952675,-0.24665577709674835,3.098752737045288,5.441748055815697,0.03098752737045288,0.012855436652898788,10.144006729125977,3.098752737045288,5.407573250234127,-0.024448879063129425,-0.12870049476623535,-0.0031064115464687347,128190.2734375,54662.4140625,73527.859375,128188.1796875,54660.59375,73527.5859375,1.6333142411895096e-05,3.3300988434348255e-05,3.718828565979493e-06,0.0016333142411895096,10.797871559858322,5.5078320372104645,0.8658019602298737,5.5078320372104645,3.098752737045288,425.59642243385315,425.59642243385315,greedy,3.098752737045288,0.0,heuristic_recall_pool
142,N55932,observe,-0.24656085669994354,-4.161039068698884,-0.24656085669994354,3.0975992679595947,5.440630567073821,0.030975992679595946,0.012786895036697388,10.142414093017578,3.0975992679595947,5.40656751036644,-0.024448372423648834,-0.1286938190460205,-0.003107620868831873,128188.171875,54660.671875,73527.5,128187.53125,54660.12109375,73527.4140625,4.997536052542273e-06,1.0076371836476028e-05,1.1687803862514556e-06,0.0004997536052542273,10.79517611861229,5.507087044715881,0.8651660978794098,5.507087044715881,3.0975992679595947,428.69402170181274,428.69402170181274,greedy,3.0975992679595947,0.0,heuristic_recall_pool
143,N56193,observe,-0.24647562205791473,-4.16089074254036,-0.24647562205791473,3.0966217517852783,5.440948408842086,0.030966217517852782,0.012739799916744232,10.141765594482422,3.0966217517852783,5.406853567957878,-0.024440325796604156,-0.12867778539657593,-0.0031085042282938957,128187.484375,54660.0078125,73527.4765625,128185.8828125,54658.640625,73527.2421875,1.2493906979216263e-05,2.501257404219359e-05,3.187583843100583e-06,0.0012493906979216263,10.794354766607285,5.507298939228058,0.8655642569065094,5.507298939228058,3.0966217517852783,431.790643453598,431.790643453598,greedy,3.0966217517852783,0.0,heuristic_recall_pool
144,N55751,observe,-0.24671821296215057,-4.160207490921021,-0.24671821296215057,3.105018138885498,5.4424125194549555,0.03105018138885498,0.013071533292531967,10.16165542602539,3.105018138885498,5.40817126750946,-0.024420469999313354,-0.1286143660545349,-0.0031014280393719673,128185.9609375,54658.6953125,73527.265625,128187.90625,54657.57421875,73530.328125,-1.5175706721493043e-05,2.051080264209304e-05,-4.1651215724414214e-05,-0.0015175706721493043,10.824626564979553,5.50827501296997,0.8746213912963867,5.50827501296997,3.105018138885498,434.8956615924835,434.8956615924835,greedy,3.105018138885498,0.0,heuristic_recall_pool
145,N60348,observe,-0.2465662807226181,-4.160607124567032,-0.2465662807226181,3.0999655723571777,5.441556161642074,0.030999655723571776,0.012852348387241364,10.151464462280273,3.0999655723571777,5.407400545477867,-0.024449504911899567,-0.1286923885345459,-0.0031051095575094223,128187.8359375,54657.5859375,73530.25,128185.453125,54658.390625,73527.0625,1.8588445527711883e-05,-1.4722339074069168e-05,4.334950426709838e-05,0.0018588445527711883,10.806479543447495,5.507704107761383,0.8679070174694061,5.507704107761383,3.0999655723571777,437.9956271648407,437.9956271648407,greedy,3.0999655723571777,0.0,heuristic_recall_pool
146,N60279,observe,-0.24646423757076263,-4.16073695063591,-0.24646423757076263,3.0978877544403076,5.44127796292305,0.030978877544403077,0.012768357992172241,10.147357940673828,3.0978877544403076,5.407150166630744,-0.024444304406642914,-0.1286981999874115,-0.0031064972281455994,128185.484375,54658.40625,73527.078125,128185.09375,54658.26953125,73526.8203125,3.0473418064502766e-06,2.501330754967057e-06,3.5063612813246436e-06,0.00030473418064502766,10.800815254449844,5.5075186419487,0.8668809831142426,5.5075186419487,3.0978877544403076,441.093514919281,441.093514919281,greedy,3.0978877544403076,0.0,heuristic_recall_pool
147,N55834,observe,-0.24638067185878754,-4.160877920985222,-0.24638067185878754,3.096438407897949,5.440975883603096,0.03096438407897949,0.012714482843875885,10.144886016845703,3.096438407897949,5.406878295242786,-0.024438142776489258,-0.1286936104297638,-0.0031077060848474503,128185.125,54658.28125,73526.84375,128184.2578125,54657.578125,73526.6796875,6.765118087059818e-06,1.2864015843661036e-05,2.2313279259833507e-06,0.0006765118087059818,10.797510147094727,5.507317255735397,0.8665168285369873,5.507317255735397,3.096438407897949,444.18995332717896,444.18995332717896,greedy,3.096438407897949,0.0,heuristic_recall_pool
148,N26123,observe,-0.24630405008792877,-4.160980026125908,-0.24630405008792877,3.0952682495117188,5.440757086873054,0.03095268249511719,0.012670829892158508,10.143195152282715,3.0952682495117188,5.406681378185749,-0.024432651698589325,-0.12868668138980865,-0.003108837641775608,128184.25,54657.625,73526.625,128183.34375,54656.89453125,73526.4453125,7.069901130307699e-06,1.3364443475438748e-05,2.4438427317363676e-06,0.0007069901130307699,10.795198231935501,5.507171391248703,0.8663506805896759,5.507171391248703,3.0952682495117188,447.2852215766907,447.2852215766907,greedy,3.0952682495117188,0.0,heuristic_recall_pool
149,N26121,observe,-0.24623416364192963,-4.161073106527328,-0.24623416364192963,3.094292163848877,5.44055762887001,0.03094292163848877,0.01263396441936493,10.142005920410156,3.094292163848877,5.406501865983009,-0.02442782372236252,-0.1286793202161789,-0.003109848126769066,128183.328125,54656.88671875,73526.4453125,128182.5078125,54656.2109375,73526.296875,6.399525773304049e-06,1.2364063877612352e-05,2.0188315374980448e-06,0.0006399525773304049,10.793515712022781,5.507038419246673,0.8662921488285065,5.507038419246673,3.094292163848877,450.37951374053955,450.37951374053955,greedy,3.094292163848877,0.0,heuristic_recall_pool
150,N60345,observe,-0.24617941677570343,-4.161422355175018,-0.24617941677570343,3.093808889389038,5.439809238910675,0.03093808889389038,0.01260421797633171,10.141478538513184,3.093808889389038,5.405828315019607,-0.024428710341453552,-0.12867675721645355,-0.0031105298548936844,128182.453125,54656.15625,73526.296875,128182.5703125,54656.1796875,73526.390625,-9.142241879089852e-07,-4.2881720219156705e-07,-1.2750540463457583e-06,-9.142241879089852e-05,10.792416393756866,5.506539492607117,0.8659508228302002,5.506539492607117,3.093808889389038,453.4733226299286,453.4733226299286,greedy,3.093808889389038,0.0,heuristic_recall_pool
151,N60276,observe,-0.24612878262996674,-4.161481627225876,-0.24612878262996674,3.0933926105499268,5.439682227373123,0.030933926105499266,0.0125766322016716,10.141196250915527,3.0933926105499268,5.405714004635811,-0.02442874014377594,-0.12867216765880585,-0.003111075609922409,128182.6015625,54656.1953125,73526.40625,128182.3828125,54655.984375,73526.3984375,1.7065498241208843e-06,3.859352091239998e-06,1.062543404373173e-07,0.00017065498241208843,10.79171484708786,5.5064548182487485,0.8657732009887695,5.5064548182487485,3.0933926105499268,456.5667152404785,456.5667152404785,greedy,3.0933926105499268,0.0,heuristic_recall_pool
152,N55781,observe,-0.24608461558818817,-4.1612870758771905,-0.24608461558818817,3.092984914779663,5.440099123120308,0.03092984914779663,0.01256030797958374,10.141307830810547,3.092984914779663,5.406089210808277,-0.024423986673355103,-0.1286623179912567,-0.003111524973064661,128182.3984375,54655.9765625,73526.421875,128181.5078125,54655.2421875,73526.265625,6.948107056814479e-06,1.3436316294246353e-05,2.1250864392641233e-06,0.0006948107056814479,10.7918940782547,5.506732748746872,0.8661745190620422,5.506732748746872,3.092984914779663,459.6597001552582,459.6597001552582,greedy,3.092984914779663,0.0,heuristic_recall_pool
153,N55746,observe,-0.24605242908000946,-4.161464266180992,-0.24605242908000946,3.0928261280059814,5.439719429612159,0.030928261280059814,0.012550227344036102,10.14166259765625,3.0928261280059814,5.405747486650943,-0.024423614144325256,-0.12865948677062988,-0.0031118206679821014,128181.4609375,54655.1796875,73526.28125,128181.296875,54655.046875,73526.25,1.2799238220395637e-06,2.4300074983329978e-06,4.250181007137144e-07,0.00012799238220395637,10.792127311229706,5.50647961974144,0.8662607669830322,5.50647961974144,3.0928261280059814,462.75252628326416,462.75252628326416,greedy,3.0928261280059814,0.0,heuristic_recall_pool
154,N55946,observe,-0.24601729214191437,-4.161673650145531,-0.24601729214191437,3.0925722122192383,5.4392707496881485,0.030925722122192384,0.01252777874469757,10.141504287719727,3.0925722122192383,5.405343674719333,-0.024426691234111786,-0.12866222858428955,-0.003112128470093012,128181.234375,54655.078125,73526.15625,128181.390625,54655.265625,73526.125,-1.218977217831707e-06,-3.4306053748878185e-06,4.2501881125645014e-07,-0.00012189772178317071,10.791407376527786,5.506180499792098,0.8658500015735626,5.506180499792098,3.0925722122192383,465.8450984954834,465.8450984954834,greedy,3.0925722122192383,0.0,heuristic_recall_pool
155,N55939,observe,-0.24598614871501923,-4.1617189574241635,-0.24598614871501923,3.09240984916687,5.4391736626625065,0.030924098491668703,0.012510702013969421,10.141569137573242,3.09240984916687,5.405256296396255,-0.024428263306617737,-0.1286621242761612,-0.003112313337624073,128181.3828125,54655.2578125,73526.125,128181.359375,54655.234375,73526.125,1.8284636382759345e-07,4.288242507755058e-07,0.0,1.8284636382759345e-05,10.791152656078339,5.506115775108337,0.8656684160232544,5.506115775108337,3.09240984916687,468.93750834465027,468.93750834465027,greedy,3.09240984916687,0.0,heuristic_recall_pool
156,N56147,observe,-0.24596314132213593,-4.161499968767167,-0.24596314132213593,3.0923449993133545,5.439642924070358,0.030923449993133546,0.01251022145152092,10.142244338989258,3.0923449993133545,5.4056786316633225,-0.024424836039543152,-0.12865616381168365,-0.0031123775988817215,128181.3125,54655.12109375,73526.1875,128180.671875,54654.5859375,73526.0859375,4.997803443984594e-06,9.791511729417834e-06,1.381310539727565e-06,0.0004997803443984594,10.792105734348297,5.506428616046906,0.8661637306213379,5.506428616046906,3.0923449993133545,472.0298533439636,472.0298533439636,greedy,3.0923449993133545,0.0,heuristic_recall_pool
157,N56192,observe,-0.24592487514019012,-4.161492671370507,-0.24592487514019012,3.091644048690796,5.439658561348915,0.03091644048690796,0.01248788833618164,10.141592025756836,3.091644048690796,5.405692705214023,-0.02442318946123123,-0.12865884602069855,-0.0031128879636526108,128180.703125,54654.59375,73526.109375,128179.9375,54654.1875,73525.75,5.973012775939424e-06,7.433044174831593e-06,4.887719569524052e-06,0.0005973012775939424,10.790917128324509,5.506439040899276,0.8659900724887848,5.506439040899276,3.091644048690796,475.1214973926544,475.1214973926544,greedy,3.091644048690796,0.0,heuristic_recall_pool
158,N55640,observe,-0.24588952958583832,-4.161526421308517,-0.24588952958583832,3.091141939163208,5.439586240053177,0.03091141939163208,0.012474309653043747,10.141260147094727,3.091141939163208,5.405627616047859,-0.024420589208602905,-0.12865935266017914,-0.003113261889666319,128179.953125,54654.2109375,73525.7421875,128179.515625,54653.90625,73525.609375,3.413170134081156e-06,5.574821898335358e-06,1.8063401512335986e-06,0.0003413170134081156,10.790343165397644,5.506390826702118,0.8660416007041931,5.506390826702118,3.091141939163208,478.2126393318176,478.2126393318176,greedy,3.091141939163208,0.0,heuristic_recall_pool
159,N54732,observe,-0.24585582315921783,-4.161563150286675,-0.24585582315921783,3.090691566467285,5.439507535099983,0.03090691566467285,0.012461449950933456,10.140969276428223,3.090691566467285,5.4055567815899845,-0.02441837638616562,-0.1286601424217224,-0.0031135277822613716,128179.3984375,54653.8671875,73525.53125,128178.859375,54653.546875,73525.3125,4.205531695333775e-06,5.860747023689328e-06,2.975157030959963e-06,0.0004205531695333775,10.789823204278946,5.506338356733322,0.8660775721073151,5.506338356733322,3.090691566467285,481.3033308982849,481.3033308982849,greedy,3.090691566467285,0.0,heuristic_recall_pool
160,N55845,observe,-0.24627627432346344,-4.1601202058792115,-0.24627627432346344,3.1035945415496826,5.442599558830262,0.031035945415496827,0.012999683618545532,10.17034912109375,3.1035945415496826,5.408339602947235,-0.02438879758119583,-0.12857338786125183,-0.0031024953350424767,128179.046875,54653.6796875,73525.3671875,128182.5625,54652.71875,73529.84375,-2.7427455279394053e-05,1.7582302461960353e-05,-6.088459849706851e-05,-0.0027427455279394053,10.83506390452385,5.50839970588684,0.879606157541275,5.50839970588684,3.1035945415496826,484.4069254398346,484.4069254398346,greedy,3.1035945415496826,0.0,heuristic_recall_pool
161,N55835,observe,-0.24619732797145844,-4.16091358602047,-0.24619732797145844,3.0991358757019043,5.440899458527564,0.03099135875701904,0.012797623872756958,10.160111427307129,3.0991358757019043,5.406809512674808,-0.024438485503196716,-0.12869326770305634,-0.0031054122373461723,128182.4921875,54652.6953125,73529.796875,128181.6484375,54655.4765625,73526.171875,6.582411970157409e-06,-5.0889531848952174e-05,4.929974238621071e-05,0.0006582411970157409,10.815398752689362,5.507266305685043,0.8709632754325867,5.507266305685043,3.0991358757019043,487.5060613155365,487.5060613155365,greedy,3.0991358757019043,0.0,heuristic_recall_pool
162,N56145,observe,-0.24612896144390106,-4.161233832836151,-0.24612896144390106,3.097005605697632,5.440213215351105,0.03097005605697632,0.012698467820882797,10.154203414916992,3.097005605697632,5.406191893815994,-0.024447627365589142,-0.12872903048992157,-0.0031064916402101517,128181.625,54655.421875,73526.203125,128182.90625,54656.9375,73525.96875,-9.99558233161224e-06,-2.7730551664717495e-05,3.187639094903716e-06,-0.000999558233161224,10.80644628405571,5.5068088102340695,0.8680395185947418,5.5068088102340695,3.097005605697632,490.60306692123413,490.60306692123413,greedy,3.097005605697632,0.0,heuristic_recall_pool
163,N54728,observe,-0.246072456240654,-4.161048076748848,-0.246072456240654,3.095468044281006,5.440611264109611,0.030954680442810058,0.012646902352571487,10.15064525604248,3.095468044281006,5.40655013769865,-0.024442538619041443,-0.12873218953609467,-0.0031074276193976402,128182.765625,54656.859375,73525.90625,128181.875,54656.1796875,73525.6953125,6.94808704793104e-06,1.2435539247235283e-05,2.868886667783954e-06,0.000694808704793104,10.801859438419342,5.507074176073075,0.8672744631767273,5.507074176073075,3.095468044281006,493.69853496551514,493.69853496551514,greedy,3.095468044281006,0.0,heuristic_recall_pool
164,N56074,observe,-0.24602629244327545,-4.161147966384888,-0.24602629244327545,3.094360113143921,5.440397214889526,0.030943601131439208,0.012615114450454712,10.14841079711914,3.094360113143921,5.406357493400574,-0.024438031017780304,-0.12872929871082306,-0.003108413890004158,128181.9453125,54656.1953125,73525.75,128181.234375,54655.578125,73525.65625,5.546315605897689e-06,1.1292177987343166e-05,1.2750634823532891e-06,0.0005546315605897689,10.798967808485031,5.506931476593017,0.866889625787735,5.506931476593017,3.094360113143921,496.79289507865906,496.79289507865906,greedy,3.094360113143921,0.0,heuristic_recall_pool
165,N56112,observe,-0.24599717557430267,-4.161379897594452,-0.24599717557430267,3.093935489654541,5.43990021944046,0.03093935489654541,0.012600172311067581,10.147632598876953,3.093935489654541,5.405910197496414,-0.024436958134174347,-0.12872669100761414,-0.003108963370323181,128181.1953125,54655.5390625,73525.65625,128181.125,54655.33203125,73525.796875,5.485399015014991e-07,3.7879281080677174e-06,-1.9125977814837825e-06,5.485399015014991e-05,10.79787227511406,5.506600146293639,0.8666962087154388,5.506600146293639,3.093935489654541,499.8868305683136,499.8868305683136,greedy,3.093935489654541,0.0,heuristic_recall_pool
166,N55668,observe,-0.24595360457897186,-4.161265813708305,-0.24595360457897186,3.093102216720581,5.440144684910774,0.03093102216720581,0.012572772800922394,10.146310806274414,3.093102216720581,5.406130216419697,-0.024433359503746033,-0.12872131168842316,-0.003109793644398451,128181.1015625,54655.359375,73525.7421875,128180.21875,54654.7265625,73525.4921875,6.887228209961904e-06,1.157823317043949e-05,3.4001695894403383e-06,0.0006887228209961904,10.796077072620392,5.506763123273849,0.8665173053741455,5.506763123273849,3.093102216720581,502.9799327850342,502.9799327850342,greedy,3.093102216720581,0.0,heuristic_recall_pool
167,N55831,observe,-0.24591536819934845,-4.161327534914017,-0.24591536819934845,3.0924248695373535,5.44001242518425,0.030924248695373534,0.012551549822092056,10.145357131958008,3.0924248695373535,5.406011182665825,-0.024430155754089355,-0.12871628999710083,-0.0031105075031518936,128180.3125,54654.79296875,73525.515625,128179.734375,54654.359375,73525.375,4.510247890721075e-06,7.93331582826795e-06,1.9126014194625895e-06,0.0004510247890721075,10.794766426086426,5.506674950122832,0.8664299249649048,5.506674950122832,3.0924248695373535,506.07235765457153,506.07235765457153,greedy,3.0924248695373535,0.0,heuristic_recall_pool
168,N55833,observe,-0.24589772522449493,-4.161642987728119,-0.24589772522449493,3.0924863815307617,5.439336454868317,0.030924863815307617,0.012545470148324966,10.145503997802734,3.0924863815307617,5.405402809381485,-0.024432294070720673,-0.12871357798576355,-0.0031107254326343536,128179.734375,54654.35546875,73525.375,128180.2265625,54654.6015625,73525.625,-3.839822966256179e-06,-4.5027290980215184e-06,-3.4001866424659966e-06,-0.0003839822966256179,10.794760972261429,5.506224303245545,0.8662681877613068,5.506224303245545,3.0924863815307617,509.1648440361023,509.1648440361023,greedy,3.0924863815307617,0.0,heuristic_recall_pool
169,N55829,observe,-0.2458609789609909,-4.16140564084053,-0.2458609789609909,3.0918123722076416,5.439845055341721,0.030918123722076415,0.012521877884864807,10.144682884216309,3.0918123722076416,5.4058605498075485,-0.02442949265241623,-0.12871050834655762,-0.0031113233417272568,128180.203125,54654.59375,73525.609375,128179.3671875,54654.03125,73525.3359375,6.521580417029327e-06,1.0291906619386282e-05,3.7189422528172145e-06,0.0006521580417029327,10.793545991182327,5.506563370227813,0.8661745488643646,5.506563370227813,3.0918123722076416,512.2566564083099,512.2566564083099,greedy,3.0918123722076416,0.0,heuristic_recall_pool
170,N55742,observe,-0.24583853781223297,-4.161513603925705,-0.24583853781223297,3.091594934463501,5.439613705873489,0.03091594934463501,0.012514963746070862,10.144623756408691,3.091594934463501,5.40565233528614,-0.0244281068444252,-0.12870731949806213,-0.0031116767786443233,128179.28125,54653.9609375,73525.3203125,128179.09375,54653.82421875,73525.2734375,1.4627948985435069e-06,2.501534254406579e-06,6.375354928422894e-07,0.00014627948985435069,10.793408006429672,5.506409137248993,0.866243988275528,5.506409137248993,3.091594934463501,515.3482513427734,515.3482513427734,greedy,3.091594934463501,0.0,heuristic_recall_pool
171,N55712,observe,-0.24580760300159454,-4.161527931690216,-0.24580760300159454,3.0910632610321045,5.439583003520966,0.030910632610321044,0.012497954070568085,10.144054412841797,3.0910632610321045,5.4056247031688685,-0.024426408112049103,-0.1287074238061905,-0.003112172707915306,128179.0625,54653.80859375,73525.25,128178.5703125,54653.46875,73525.1015625,3.839842975139618e-06,6.218116595846368e-06,2.0188642793073086e-06,0.0003839842975139618,10.792476862668991,5.506388669013976,0.8661386072635651,5.506388669013976,3.0910632610321045,518.4393146038055,518.4393146038055,greedy,3.0910632610321045,0.0,heuristic_recall_pool
172,N55892,observe,-0.24578024446964264,0.6289464050531384,-0.24578024446964264,3.09066104888916,6.277762204408646,0.030906610488891602,0.012485571205615997,10.143699645996094,3.09066104888916,6.159985983967781,-0.024424701929092407,-0.12870672345161438,-0.0031125489622354507,128178.65625,54653.5625,73525.09375,128178.2578125,54653.2890625,73524.96875,3.1084543934412068e-06,5.003104888601229e-06,1.7000998013827484e-06,0.0003108454393441207,10.791890501976013,6.2727654111385345,0.8661199808120728,6.2727654111385345,3.09066104888916,521.5299756526947,521.5299756526947,greedy,3.09066104888916,0.0,heuristic_recall_pool
173,N55830,observe,-0.2457541674375534,-4.161617444753647,-0.2457541674375534,3.0903069972991943,5.439391189813614,0.030903069972991942,0.01247500255703926,10.14344596862793,3.0903069972991943,5.405452070832252,-0.02442316710948944,-0.1287062168121338,-0.003112874459475279,128178.25,54653.26171875,73524.984375,128177.9296875,54653.0546875,73524.875,2.4989612938952632e-06,3.788085905398475e-06,1.4875895431032404e-06,0.0002498961293895263,10.79143625497818,5.5062607932090755,0.8661215305328369,5.5062607932090755,3.0903069972991943,524.6202826499939,524.6202826499939,greedy,3.0903069972991943,0.0,heuristic_recall_pool
174,N26125,observe,-0.2457299679517746,-4.1616321855783465,-0.2457299679517746,3.0900051593780518,5.439359602332115,0.03090005159378052,0.012465838342905045,10.14327621459961,3.0900051593780518,5.405423642098904,-0.02442193776369095,-0.128706157207489,-0.0031131561845541,128177.984375,54653.12109375,73524.859375,128177.65625,54652.8828125,73524.7734375,2.5599169930501375e-06,4.359883860161062e-06,1.168822336694575e-06,0.00025599169930501375,10.791087597608566,5.5062397348880765,0.8661265671253204,5.5062397348880765,3.0900051593780518,527.710287809372,527.710287809372,greedy,3.0900051593780518,0.0,heuristic_recall_pool
175,N55860,observe,-0.24570773541927338,-4.161645015478134,-0.24570773541927338,3.0897433757781982,5.439332109689713,0.03089743375778198,0.01245824247598648,10.143167495727539,3.0897433757781982,5.405398898720741,-0.024420984089374542,-0.12870660424232483,-0.0031133983284235,128177.5546875,54652.8046875,73524.75,128177.359375,54652.69140625,73524.671875,1.5237652633004473e-06,2.0727436549350386e-06,1.0625673212416586e-06,0.00015237652633004473,10.790812462568283,5.506221406459808,0.8661293089389801,5.506221406459808,3.0897433757781982,530.8000311851501,530.8000311851501,greedy,3.0897433757781982,0.0,heuristic_recall_pool
176,N55895,observe,-0.24568705260753632,-4.161660740971565,-0.24568705260753632,3.0895121097564697,5.439298412203788,0.030895121097564697,0.012451961636543274,10.143102645874023,3.0895121097564697,5.40536857098341,-0.024420276284217834,-0.12870746850967407,-0.0031136185862123966,128177.4375,54652.72265625,73524.7109375,128177.1875,54652.5703125,73524.6171875,1.9504211650200887e-06,2.787486891975277e-06,1.2750815585604869e-06,0.00019504211650200887,10.79058712720871,5.506198941469193,0.8661260604858398,5.506198941469193,3.0895121097564697,533.8895432949066,533.8895432949066,greedy,3.0895121097564697,0.0,heuristic_recall_pool
177,N55894,observe,-0.2456677407026291,-4.161673829555512,-0.2456677407026291,3.0893137454986572,5.43927036523819,0.030893137454986574,0.012446623295545578,10.143085479736328,3.0893137454986572,5.405343328714371,-0.0244198739528656,-0.12870924174785614,-0.0031138071790337563,128177.171875,54652.5625,73524.609375,128176.96875,54652.41015625,73524.5546875,1.5847205077079707e-06,2.787495077427593e-06,7.437985800606839e-07,0.00015847205077079707,10.790411829948425,5.5061802434921265,0.8661124110221863,5.5061802434921265,3.0893137454986572,536.9788570404053,536.9788570404053,greedy,3.0893137454986572,0.0,heuristic_recall_pool
178,N55871,observe,-0.2456500381231308,-4.16168839097023,-0.2456500381231308,3.089143991470337,5.4392391622066505,0.03089143991470337,0.012442726641893387,10.143125534057617,3.089143991470337,5.405315245985985,-0.024419784545898438,-0.1287115514278412,-0.003113972954452038,128176.9453125,54652.40625,73524.5390625,128176.796875,54652.3125,73524.484375,1.1580671070987592e-06,1.71538647464331e-06,7.437993190251291e-07,0.00011580671070987592,10.79029107093811,5.5061594414711,0.8660889267921448,5.5061594414711,3.089143991470337,540.0680010318756,540.0680010318756,greedy,3.089143991470337,0.0,heuristic_recall_pool
179,N55953,observe,-0.24563933908939362,-4.162070659399033,-0.24563933908939362,3.08925461769104,5.438420015573501,0.0308925461769104,0.012434955686330795,10.143194198608398,3.08925461769104,5.404578014016152,-0.024426497519016266,-0.12871979176998138,-0.003114032559096813,128176.765625,54652.30078125,73524.46875,128177.5,54652.87890625,73524.625,-5.729392341891071e-06,-1.0578237379377242e-05,-2.1251428279356332e-06,-0.0005729392341891071,10.789799064397812,5.505613343715668,0.865462452173233,5.505613343715668,3.08925461769104,543.1572556495667,543.1572556495667,greedy,3.08925461769104,0.0,heuristic_recall_pool
180,N55878,observe,-0.24562592804431915,-4.161732938885689,-0.24562592804431915,3.0891807079315186,5.43914370238781,0.030891807079315187,0.012434370815753937,10.143548011779785,3.0891807079315186,5.4052293321490295,-0.024424441158771515,-0.12871791422367096,-0.0031140376813709736,128177.5,54652.87890625,73524.625,128176.859375,54652.390625,73524.46875,4.997952146368334e-06,8.934227480494883e-06,2.1251382804621244e-06,0.0004997952146368334,10.790284603834152,5.506095801591872,0.8657380640506744,5.506095801591872,3.0891807079315186,546.2464363574982,546.2464363574982,greedy,3.0891807079315186,0.0,heuristic_recall_pool
181,N55866,observe,-0.24561510980129242,-4.161753712892533,-0.24561510980129242,3.089035749435425,5.439099186658859,0.03089035749435425,0.012433096766471863,10.143714904785156,3.089035749435425,5.405189267992974,-0.024424202740192413,-0.12872037291526794,-0.0031141461804509163,128176.8828125,54652.390625,73524.4921875,128176.515625,54652.140625,73524.375,2.8646936698351055e-06,4.574365448206663e-06,1.5938566093609552e-06,0.00028646936698351055,10.79033038020134,5.506066124439239,0.8657673895359039,5.506066124439239,3.089035749435425,549.3354721069336,549.3354721069336,greedy,3.089035749435425,0.0,heuristic_recall_pool
182,N55881,observe,-0.2456040233373642,-4.161776769161224,-0.2456040233373642,3.088918447494507,5.439049780368805,0.03088918447494507,0.01243286207318306,10.143893241882324,3.088918447494507,5.405144802331924,-0.02442421019077301,-0.1287236213684082,-0.003114192746579647,128176.515625,54652.140625,73524.375,128176.21875,54651.96484375,73524.25,2.3161419449024834e-06,3.2163652576855384e-06,1.7001165133478935e-06,0.00023161419449024834,10.79039067029953,5.506033186912536,0.8657819032669067,5.506033186912536,3.088918447494507,552.4243905544281,552.4243905544281,greedy,3.088918447494507,0.0,heuristic_recall_pool
183,N55880,observe,-0.24559305608272552,-4.1617857563495635,-0.24559305608272552,3.088822841644287,5.439030522108078,0.03088822841644287,0.012432508170604706,10.144084930419922,3.088822841644287,5.405127469897271,-0.024424351751804352,-0.12872730195522308,-0.0031142020598053932,128176.1875,54651.95703125,73524.234375,128175.9375,54651.79296875,73524.1484375,1.950440264408826e-06,3.0019509722478688e-06,1.1688323411362944e-06,0.0001950440264408826,10.790472596883774,5.5060203480720515,0.8657917678356171,5.5060203480720515,3.088822841644287,555.5132133960724,555.5132133960724,greedy,3.088822841644287,0.0,heuristic_recall_pool
184,N55737,observe,-0.24558351933956146,-4.161786261200905,-0.24558351933956146,3.0887527465820312,5.439029440283775,0.03088752746582031,0.012433357536792755,10.144314765930176,3.0887527465820312,5.405126496255398,-0.024424634873867035,-0.12873110175132751,-0.0031142104417085648,128175.8515625,54651.703125,73524.1484375,128175.703125,54651.66015625,73524.046875,1.158076997853641e-06,7.86228952165402e-07,1.381348852191877e-06,0.0001158076997853641,10.790604025125504,5.506019626855849,0.8658033907413483,5.506019626855849,3.0887527465820312,558.6019661426544,558.6019661426544,greedy,3.0887527465820312,0.0,heuristic_recall_pool
185,N55646,observe,-0.2455749362707138,-4.161837726831436,-0.2455749362707138,3.088707685470581,5.43891915678978,0.03088707685470581,0.012434311211109161,10.14456844329834,3.088707685470581,5.405027241110801,-0.024425074458122253,-0.12873493134975433,-0.0031141890212893486,128175.78125,54651.66796875,73524.1171875,128175.6640625,54651.5859375,73524.078125,9.142717658505717e-07,1.500983444202575e-06,5.31288264937757e-07,9.142717658505717e-05,10.790768682956696,5.505946104526519,0.8658115863800049,5.505946104526519,3.088707685470581,561.690673828125,561.690673828125,greedy,3.088707685470581,0.0,heuristic_recall_pool
186,N54734,observe,-0.24556641280651093,-4.161833925843239,-0.24556641280651093,3.0886452198028564,5.438927301764488,0.030886452198028564,0.012433759868144989,10.144737243652344,3.0886452198028564,5.40503457158804,-0.024425625801086426,-0.12873917818069458,-0.003114106133580208,128175.546875,54651.546875,73524.0,128175.3828125,54651.4609375,73523.921875,1.2799828255083412e-06,1.5724623381174752e-06,1.06257823517808e-06,0.00012799828255083412,10.790819883346558,5.505951534509658,0.8657830357551575,5.505951534509658,3.0886452198028564,564.7793190479279,564.7793190479279,greedy,3.0886452198028564,0.0,heuristic_recall_pool
187,N54726,observe,-0.24555842578411102,-4.161825802326202,-0.24555842578411102,3.088594913482666,5.438944709300995,0.03088594913482666,0.012433353811502457,10.14492416381836,3.088594913482666,5.405050238370896,-0.024426154792308807,-0.1287432163953781,-0.0031140195205807686,128175.359375,54651.44921875,73523.90625,128175.2890625,54651.40625,73523.8828125,5.48564855762379e-07,7.862325901442091e-07,3.1877385708867223e-07,5.48564855762379e-05,10.790903598070145,5.505963139533996,0.8657642900943756,5.505963139533996,3.088594913482666,567.8679139614105,567.8679139614105,greedy,3.088594913482666,0.0,heuristic_recall_pool
188,N55874,observe,-0.2455504983663559,-4.161826553344727,-0.2455504983663559,3.088549852371216,5.438943099975586,0.030885498523712158,0.012433566153049469,10.145118713378906,3.088549852371216,5.405048789978027,-0.024426735937595367,-0.1287470906972885,-0.003113970160484314,128175.421875,54651.515625,73523.90625,128175.390625,54651.50390625,73523.8828125,2.438064825582842e-07,2.144268052006737e-07,3.1877385708867223e-07,2.438064825582842e-05,10.790994971990585,5.50596206665039,0.8657435476779938,5.50596206665039,3.088549852371216,570.9564638137817,570.9564638137817,greedy,3.088549852371216,0.0,heuristic_recall_pool
189,N55858,observe,-0.24554316699504852,-4.161824125051498,-0.24554316699504852,3.088514566421509,5.438948303461075,0.03088514566421509,0.01243339478969574,10.145299911499023,3.088514566421509,5.405053473114967,-0.02442736178636551,-0.1287512332201004,-0.0031139105558395386,128175.3125,54651.46875,73523.84375,128175.3203125,54651.4765625,73523.84375,-6.095167748298991e-08,-1.429513218909051e-07,0.0,-6.095167748298991e-06,10.791078299283981,5.505965535640716,0.8657174408435822,5.505965535640716,3.088514566421509,574.0449783802032,574.0449783802032,greedy,3.088514566421509,0.0,heuristic_recall_pool
190,N55899,observe,-0.24553625285625458,-4.1618252682685855,-0.24553625285625458,3.0884790420532227,5.438945853710174,0.030884790420532226,0.01243261992931366,10.14546012878418,3.0884790420532227,5.405051268339157,-0.024428077042102814,-0.12875552475452423,-0.0031138546764850616,128175.34375,54651.48828125,73523.859375,128175.328125,54651.5,73523.828125,1.2190332654427039e-07,-2.1442691888751142e-07,4.2503208419475413e-07,1.2190332654427039e-05,10.791131466627121,5.505963902473449,0.8656770884990692,5.505963902473449,3.0884790420532227,577.1334574222565,577.1334574222565,greedy,3.0884790420532227,0.0,heuristic_recall_pool
191,N55901,observe,-0.24552880227565765,-4.16182165503502,-0.24552880227565765,3.0884454250335693,5.438953596353531,0.030884454250335692,0.012432150542736053,10.145614624023438,3.0884454250335693,5.405058236718178,-0.024428896605968475,-0.1287602186203003,-0.00311379786580801,128175.328125,54651.5,73523.828125,128175.3984375,54651.5703125,73523.828125,-5.485650262926356e-07,-1.2865612006862648e-06,0.0,-5.485650262926356e-05,10.79117038846016,5.505969064235687,0.8656253516674042,5.505969064235687,3.0884454250335693,580.22190284729,580.22190284729,greedy,3.0884454250335693,0.0,heuristic_recall_pool
192,N55649,observe,-0.24552221596240997,-4.16182262301445,-0.24552221596240997,3.0884299278259277,5.438951522111893,0.030884299278259277,0.01243291050195694,10.145808219909668,3.0884299278259277,5.405056369900703,-0.024429813027381897,-0.1287650763988495,-0.0031137322075664997,128175.390625,54651.51171875,73523.875,128175.5,54651.609375,73523.890625,-8.533229447493795e-07,-1.7868901522888336e-06,-2.1251599946481292e-07,-8.533229447493795e-05,10.791256844997406,5.5059676814079275,0.8655782341957092,5.5059676814079275,3.0884299278259277,583.310332775116,583.310332775116,greedy,3.0884299278259277,0.0,heuristic_recall_pool
193,N55849,observe,-0.24551497399806976,-4.1618241584301,-0.24551497399806976,3.088404655456543,5.438948231935501,0.03088404655456543,0.012432791292667389,10.145977020263672,3.088404655456543,5.405053408741951,-0.024430900812149048,-0.12877051532268524,-0.0031136777251958847,128175.578125,54651.71875,73523.859375,128175.6953125,54651.8203125,73523.875,-9.142732437794621e-07,-1.8583587007015012e-06,-2.1251604209737707e-07,-9.14273243779462e-05,10.79129159450531,5.505965487957001,0.8655053377151489,5.505965487957001,3.088404655456543,586.3987374305725,586.3987374305725,greedy,3.088404655456543,0.0,heuristic_recall_pool
194,N54736,observe,-0.24550853669643402,-4.161825819015503,-0.24550853669643402,3.088383913040161,5.438944673538208,0.030883839130401613,0.012432955205440521,10.146127700805664,3.088383913040161,5.405050206184387,-0.024432070553302765,-0.12877656519412994,-0.003113578073680401,128175.515625,54651.6640625,73523.8515625,128175.5703125,54651.7421875,73523.828125,-4.266610460490483e-07,-1.4295081882664817e-06,3.187741128840571e-07,-4.266610460490483e-05,10.791304558515549,5.505963115692139,0.8654208481311798,5.505963115692139,3.088383913040161,589.4871213436127,589.4871213436127,greedy,3.088383913040161,0.0,heuristic_recall_pool
195,N55888,observe,-0.24550102651119232,-4.161812717914581,-0.24550102651119232,3.088365077972412,5.438972747325897,0.03088365077972412,0.012433018535375595,10.14630126953125,3.088365077972412,5.405075472593308,-0.024433284997940063,-0.12878292798995972,-0.0031135245226323605,128175.671875,54651.83984375,73523.828125,128175.8203125,54651.9765625,73523.84375,-1.158078589469369e-06,-2.501631342965993e-06,-2.1251614157336007e-07,-0.0001158078589469369,10.791337847709656,5.505981831550598,0.8653380870819092,5.505981831550598,3.088365077972412,592.5754864215851,592.5754864215851,greedy,3.088365077972412,0.0,heuristic_recall_pool
196,N55732,observe,-0.24549426138401031,-4.161815329790116,-0.24549426138401031,3.088367223739624,5.438967150449752,0.03088367223739624,0.012434873729944229,10.146535873413086,3.088367223739624,5.405070435404777,-0.02443476766347885,-0.1287902295589447,-0.0031134625896811485,128175.703125,54651.87890625,73523.828125,128175.8671875,54652.0234375,73523.84375,-1.279981233892613e-06,-2.6445798084751004e-06,-2.1251614157336007e-07,-0.0001279981233892613,10.791426330804825,5.505978100299835,0.8652490079402924,5.505978100299835,3.088367223739624,595.6638536453247,595.6638536453247,greedy,3.088367223739624,0.0,heuristic_recall_pool
197,N54738,observe,-0.24548767507076263,-4.1618620640039445,-0.24548767507076263,3.088365316390991,5.438867005705834,0.03088365316390991,0.012436315417289734,10.146761894226074,3.088365316390991,5.4049803051352505,-0.024436496198177338,-0.12879826128482819,-0.003113330341875553,128175.859375,54652.0078125,73523.8515625,128175.9140625,54652.0859375,73523.828125,-4.266599091806711e-07,-1.4294992070063017e-06,3.187741128840571e-07,-4.266599091806711e-05,10.791477590799332,5.505911337137222,0.8651321828365326,5.505911337137222,3.088365316390991,598.7522189617157,598.7522189617157,greedy,3.088365316390991,0.0,heuristic_recall_pool
198,N55848,observe,-0.2454860955476761,-4.162211216688156,-0.2454860955476761,3.0886285305023193,5.438118821382522,0.030886285305023194,0.012433361262083054,10.147032737731934,3.0886285305023193,5.40430693924427,-0.024444833397865295,-0.12881197035312653,-0.0031131631694734097,128175.9921875,54652.1640625,73523.828125,128177.109375,54653.02734375,73524.078125,-8.716043339518365e-06,-1.579592026246246e-05,-3.400258265173761e-06,-0.0008716043339518365,10.791177928447723,5.505412547588349,0.8644319772720337,5.505412547588349,3.0886285305023193,601.840847492218,601.840847492218,greedy,3.0886285305023193,0.0,heuristic_recall_pool
199,N55840,observe,-0.24547992646694183,-4.161888061761856,-0.24547992646694183,3.088660717010498,5.438811296224594,0.030886607170104982,0.012435995042324066,10.147512435913086,3.088660717010498,5.404930166602135,-0.024444207549095154,-0.12881560623645782,-0.0031129615381360054,128177.1171875,54653.0234375,73524.09375,128176.7109375,54652.6796875,73524.03125,3.169442379657994e-06,6.289679276960669e-06,8.500614967488218e-07,0.0003169442379657994,10.791752398014069,5.505874197483062,0.8646225333213806,5.505874197483062,3.088660717010498,604.9295082092285,604.9295082092285,greedy,3.088660717010498,0.0,heuristic_recall_pool
200,N55838,observe,-0.24547581374645233,-4.161881569623947,-0.24547581374645233,3.088643789291382,5.438825207948685,0.03088643789291382,0.012439154088497162,10.147851943969727,3.088643789291382,5.404942687153817,-0.02444540709257126,-0.1288234144449234,-0.0031128479167819023,128176.703125,54652.6796875,73524.0234375,128176.6484375,54652.6640625,73523.984375,4.266570954314375e-07,2.8589633416231663e-07,5.312889470587834e-07,4.266570954314375e-05,10.791955024003983,5.50588347196579,0.8645832240581512,5.50588347196579,3.088643789291382,608.0181519985199,608.0181519985199,greedy,3.088643789291382,0.0,heuristic_recall_pool
201,N55823,observe,-0.24547038972377777,-4.161873909235001,-0.24547038972377777,3.0886332988739014,5.438841623067856,0.030886332988739013,0.012442994862794876,10.148172378540039,3.0886332988739014,5.40495746076107,-0.024446718394756317,-0.1288316696882248,-0.0031126849353313446,128176.609375,54652.6484375,73523.9609375,128176.5625,54652.671875,73523.890625,3.6570634165400406e-07,-4.288447144062957e-07,9.563209459884092e-07,3.6570634165400406e-05,10.792133837938309,5.50589441537857,0.8645295798778534,5.50589441537857,3.0886332988739014,611.1067852973938,611.1067852973938,greedy,3.0886332988739014,0.0,heuristic_recall_pool
202,N55815,observe,-0.24546433985233307,-4.161871205568314,-0.24546433985233307,3.0886247158050537,5.4388474166393275,0.030886247158050537,0.012445591390132904,10.14844799041748,3.0886247158050537,5.404962674975395,-0.024448148906230927,-0.12884026765823364,-0.0031125135719776154,128176.5390625,54652.671875,73523.8671875,128176.6484375,54652.7890625,73523.859375,-8.533152708878333e-07,-2.1442226625367766e-06,1.0625801394326118e-07,-8.533152708878333e-05,10.792257815599442,5.5058982777595515,0.8644532859325409,5.5058982777595515,3.0886247158050537,614.1954100131989,614.1954100131989,greedy,3.0886247158050537,0.0,heuristic_recall_pool
203,N54776,observe,-0.24545840919017792,-4.161867946982384,-0.24545840919017792,3.0886294841766357,5.438854399323464,0.030886294841766356,0.012448865920305252,10.148723602294922,3.0886294841766357,5.404968959391117,-0.024449743330478668,-0.1288491040468216,-0.0031123440712690353,128176.6875,54652.81640625,73523.875,128176.8203125,54652.9296875,73523.890625,-1.0361673048464581e-06,-2.0727432001876878e-06,-2.1251599946481292e-07,-0.00010361673048464581,10.79237875342369,5.505902932882309,0.8643639385700226,5.505902932882309,3.0886294841766357,617.2840394973755,617.2840394973755,greedy,3.0886294841766357,0.0,heuristic_recall_pool
204,N54777,observe,-0.24545170366764069,-4.161859431266785,-0.24545170366764069,3.0886223316192627,5.438872647285462,0.03088622331619263,0.012452363967895508,10.148963928222656,3.0886223316192627,5.404985382556916,-0.02445148676633835,-0.12885837256908417,-0.0031121978536248207,128176.796875,54652.91796875,73523.8828125,128176.8984375,54653.015625,73523.8828125,-7.923625844341586e-07,-1.786844222806394e-06,0.0,-7.923625844341586e-05,10.792437583208084,5.505915098190307,0.8642478883266449,5.505915098190307,3.0886223316192627,620.3726618289948,620.3726618289948,greedy,3.0886223316192627,0.0,heuristic_recall_pool
205,N54778,observe,-0.24544458091259003,-4.1618490546941755,-0.24544458091259003,3.08860182762146,5.438894882798195,0.0308860182762146,0.012456424534320831,10.14919662475586,3.08860182762146,5.405005394518375,-0.02445331960916519,-0.12886790931224823,-0.003112086560577154,128176.8671875,54652.984375,73523.8828125,128176.8515625,54653.0234375,73523.828125,1.2190187703708943e-07,-7.147368137339072e-07,7.438059128617169e-07,1.2190187703708943e-05,10.7924664914608,5.505929921865462,0.8641176521778107,5.505929921865462,3.08860182762146,623.4612636566162,623.4612636566162,greedy,3.08860182762146,0.0,heuristic_recall_pool
206,N55952,observe,-0.2454412430524826,-4.161860332489014,-0.2454412430524826,3.088702917098999,5.438870716094971,0.03088702917098999,0.012463539838790894,10.149637222290039,3.088702917098999,5.4049836444854735,-0.024455532431602478,-0.1288769394159317,-0.003111904487013817,128176.859375,54653.03515625,73523.8203125,128177.046875,54653.16796875,73523.8828125,-1.4628225244450732e-06,-2.430102995276684e-06,-8.500646231368592e-07,-0.00014628225244450732,10.79278689622879,5.5059138107299805,0.8640317916870117,5.5059138107299805,3.088702917098999,626.5499665737152,626.5499665737152,greedy,3.088702917098999,0.0,heuristic_recall_pool
207,N60222,observe,-0.24543459713459015,-4.161827400326729,-0.24543459713459015,3.0886728763580322,5.4389412850141525,0.030886728763580323,0.01246696338057518,10.149885177612305,3.0886728763580322,5.405047156512737,-0.02445749193429947,-0.12888658046722412,-0.003111814148724079,128177.0859375,54653.171875,73523.9140625,128177.0078125,54653.1953125,73523.8125,6.095083335821982e-07,-4.288406216801377e-07,1.3813532859785482e-06,6.0950833358219825e-05,10.79280886054039,5.505960856676101,0.8638903200626373,5.505960856676101,3.0886728763580322,629.6386394500732,629.6386394500732,greedy,3.0886728763580322,0.0,heuristic_recall_pool
208,N55867,observe,-0.2454291433095932,-4.161822268366814,-0.2454291433095932,3.0886714458465576,5.438952282071114,0.030886714458465577,0.0124717578291893,10.150177001953125,3.0886714458465576,5.405057053864002,-0.02445925772190094,-0.12889555096626282,-0.0031116860918700695,128176.984375,54653.19140625,73523.796875,128176.890625,54653.15625,73523.734375,7.314105801015103e-07,6.432607051465311e-07,8.500649073539535e-07,7.314105801015103e-05,10.792922675609589,5.505968188047408,0.8637863397598267,5.505968188047408,3.0886714458465576,632.7273108959198,632.7273108959198,greedy,3.0886714458465576,0.0,heuristic_recall_pool
209,N55107,observe,-0.24542398750782013,-4.161827942728996,-0.24542398750782013,3.0886809825897217,5.438940122723579,0.030886809825897216,0.012476861476898193,10.150494575500488,3.0886809825897217,5.405046110451221,-0.02446095645427704,-0.12890413403511047,-0.003111547324806452,128176.828125,54653.1015625,73523.7265625,128176.7890625,54653.09375,73523.6953125,3.0475476364699716e-07,1.4294705863449053e-07,4.2503285158090875e-07,3.0475476364699716e-05,10.793079912662506,5.505960081815719,0.8636982440948486,5.505960081815719,3.0886809825897217,635.8159918785095,635.8159918785095,greedy,3.0886809825897217,0.0,heuristic_recall_pool
210,N55873,observe,-0.2454187124967575,-4.1618208748102195,-0.2454187124967575,3.0886871814727783,5.438955268263817,0.03088687181472778,0.012481484562158585,10.150787353515625,3.0886871814727783,5.4050597414374355,-0.024462655186653137,-0.1289125233888626,-0.0031114425510168076,128176.8515625,54653.1484375,73523.703125,128176.796875,54653.14453125,73523.65625,4.2665661226237717e-07,7.147346536839905e-08,6.375494763233291e-07,4.266566122623772e-05,10.79320901632309,5.505970178842545,0.8636031150817871,5.505970178842545,3.0886871814727783,638.9046790599823,638.9046790599823,greedy,3.0886871814727783,0.0,heuristic_recall_pool
211,N55913,observe,-0.24541355669498444,-4.161826332211494,-0.24541355669498444,3.0886943340301514,5.438943573832512,0.030886943340301513,0.012485839426517487,10.151056289672852,3.0886943340301514,5.405049216449261,-0.02446434646844864,-0.1289208084344864,-0.003111367579549551,128176.7734375,54653.1328125,73523.640625,128176.765625,54653.140625,73523.625,6.095098115110886e-08,-1.4294697336936224e-07,2.1251668158583925e-07,6.095098115110886e-06,10.793315976858139,5.5059623825550075,0.8635030090808868,5.5059623825550075,3.0886943340301514,641.9933733940125,641.9933733940125,greedy,3.0886943340301514,0.0,heuristic_recall_pool
212,N55700,observe,-0.24540816247463226,-4.16181887626648,-0.24540816247463226,3.088709592819214,5.438959550857543,0.030887095928192138,0.012490987777709961,10.151348114013672,3.088709592819214,5.405063595771789,-0.02446608990430832,-0.12892934679985046,-0.003111322410404682,128176.6796875,54653.0546875,73523.625,128176.6875,54653.0859375,73523.6015625,-6.095102378367301e-08,-5.71788689285313e-07,3.1877507922217774e-07,-6.095102378367301e-06,10.793448716402054,5.505973033905029,0.8634054362773895,5.505973033905029,3.088709592819214,645.0820829868317,645.0820829868317,greedy,3.088709592819214,0.0,heuristic_recall_pool
213,N55704,observe,-0.2454036921262741,-4.161852071285248,-0.2454036921262741,3.088737726211548,5.438888418674469,0.03088737726211548,0.012496467679738998,10.151667594909668,3.088737726211548,5.404999576807022,-0.02446787804365158,-0.12893807888031006,-0.003111286088824272,128176.6640625,54653.0390625,73523.625,128176.65625,54653.0625,73523.59375,6.095103088910037e-08,-4.288416732833866e-07,4.250334484368068e-07,6.095103088910037e-06,10.793617516756058,5.505925612449646,0.8633135259151459,5.505925612449646,3.088737726211548,648.1708207130432,648.1708207130432,greedy,3.088737726211548,0.0,heuristic_recall_pool
214,N55887,observe,-0.24539868533611298,-4.161884840726852,-0.24539868533611298,3.0887527465820312,5.438818198442459,0.03088752746582031,0.01250091940164566,10.15195369720459,3.0887527465820312,5.404936378598213,-0.024469800293445587,-0.1289467215538025,-0.0031112292781472206,128176.765625,54653.19140625,73523.578125,128176.6875,54653.1484375,73523.5390625,6.095098683545075e-07,7.862075221964915e-07,5.312921302902396e-07,6.095098683545075e-05,10.793726414442062,5.505878798961639,0.8631965816020966,5.505878798961639,3.0887527465820312,651.2595734596252,651.2595734596252,greedy,3.0887527465820312,0.0,heuristic_recall_pool
215,N55639,observe,-0.2453945130109787,-4.161862910985947,-0.2453945130109787,3.0887954235076904,5.438865190744401,0.030887954235076905,0.012506648898124695,10.152324676513672,3.0887954235076904,5.40497867166996,-0.02447161078453064,-0.1289549469947815,-0.0031111733987927437,128176.71875,54653.109375,73523.609375,128176.625,54653.0703125,73523.5546875,7.314120580304007e-07,7.147351652747602e-07,7.438086981892411e-07,7.314120580304007e-05,10.793959021568298,5.505910127162934,0.8631189465522766,5.505910127162934,3.0887954235076904,654.3483688831329,654.3483688831329,greedy,3.0887954235076904,0.0,heuristic_recall_pool
216,N55695,observe,-0.24539034068584442,-4.16184343457222,-0.24539034068584442,3.0888264179229736,5.4389069259166725,0.030888264179229737,0.01251220703125,10.152663230895996,3.0888264179229736,5.4050162333250045,-0.024473518133163452,-0.12896370887756348,-0.00311112217605114,128176.5,54653.01171875,73523.484375,128176.3515625,54652.9609375,73523.390625,1.1580710861380794e-06,9.291574087910703e-07,1.2751028179991408e-06,0.00011580710861380794,10.794137835502625,5.505937950611115,0.8630205988883972,5.505937950611115,3.0888264179229736,657.4371953010559,657.4371953010559,greedy,3.0888264179229736,0.0,heuristic_recall_pool
217,N55717,observe,-0.24538658559322357,-4.161834376454354,-0.24538658559322357,3.0888571739196777,5.438926336169243,0.030888571739196777,0.012518271803855896,10.153011322021484,3.0888571739196777,5.405033702552318,-0.024475611746311188,-0.12897264957427979,-0.003111068159341812,128176.3515625,54652.9609375,73523.390625,128176.203125,54652.875,73523.328125,1.158072450380132e-06,1.5724216382295708e-06,8.500696253577189e-07,0.00011580724503801321,10.794307321310043,5.505950890779495,0.8629059493541718,5.505950890779495,3.0888571739196777,660.5260524749756,660.5260524749756,greedy,3.0888571739196777,0.0,heuristic_recall_pool
218,N55931,observe,-0.24538268148899078,-4.161826916337013,-0.24538268148899078,3.0888805389404297,5.438942322134972,0.030888805389404295,0.012523144483566284,10.153340339660645,3.0888805389404297,5.405048089921474,-0.024477772414684296,-0.12898185849189758,-0.003111007623374462,128176.2578125,54652.9453125,73523.3125,128176.0546875,54652.8125,73523.2421875,1.5847318763917428e-06,2.4301068606291665e-06,9.563293588144006e-07,0.00015847318763917428,10.794443637132645,5.505961548089981,0.862777978181839,5.505961548089981,3.0888805389404297,663.614933013916,663.614933013916,greedy,3.0888805389404297,0.0,heuristic_recall_pool
219,N55727,observe,-0.24537895619869232,-4.161821237802506,-0.24537895619869232,3.0889179706573486,5.438954490423202,0.030889179706573486,0.012529898434877396,10.153731346130371,3.0889179706573486,5.405059041380882,-0.024480052292346954,-0.12899143993854523,-0.0031109685078263283,128175.984375,54652.734375,73523.25,128175.7734375,54652.6015625,73523.171875,1.6456865523650777e-06,2.4301161829498596e-06,1.0625890354276635e-06,0.00016456865523650777,10.794644087553024,5.505969660282135,0.8626570999622345,5.505969660282135,3.0889179706573486,666.7038509845734,666.7038509845734,greedy,3.0889179706573486,0.0,heuristic_recall_pool
220,N55741,observe,-0.24537740647792816,-4.16182384967804,-0.24537740647792816,3.089027166366577,5.438948893547058,0.030890271663665772,0.012539327144622803,10.154258728027344,3.089027166366577,5.405054004192352,-0.024482600390911102,-0.12900088727474213,-0.0031108716502785683,128175.890625,54652.63671875,73523.25,128175.703125,54652.484375,73523.21875,1.4628335520683322e-06,2.7874912120751105e-06,4.250356084867235e-07,0.00014628335520683322,10.79502585530281,5.505965929031372,0.86256143450737,5.505965929031372,3.089027166366577,669.7928781509399,669.7928781509399,greedy,3.089027166366577,0.0,heuristic_recall_pool
221,N55906,observe,-0.24537290632724762,-4.161809025406837,-0.24537290632724762,3.0890419483184814,5.438980659842491,0.030890419483184814,0.01254546269774437,10.15463638305664,3.0890419483184814,5.405082593858242,-0.02448507398366928,-0.12901140749454498,-0.0031107906252145767,128175.640625,54652.515625,73523.125,128175.234375,54652.28515625,73522.953125,3.1694789868197404e-06,4.216983597871149e-06,2.3376999251922825e-06,0.00031694789868197404,10.795170933008194,5.505987106561661,0.8624121844768524,5.505987106561661,3.0890419483184814,672.8819200992584,672.8819200992584,greedy,3.0890419483184814,0.0,heuristic_recall_pool
222,N55810,observe,-0.24536927044391632,-4.1617969799041745,-0.24536927044391632,3.0890824794769287,5.4390064716339115,0.030890824794769286,0.012553229928016663,10.15510368347168,3.0890824794769287,5.405105824470519,-0.02448747307062149,-0.12902194261550903,-0.0031107068061828613,128175.1875,54652.24609375,73522.9453125,128174.8125,54651.984375,73522.828125,2.925683247667621e-06,4.788801561517175e-06,1.593890146978083e-06,0.0002925683247667621,10.79543885588646,5.506004314422607,0.862299233675003,5.506004314422607,3.0890824794769287,675.9710025787354,675.9710025787354,greedy,3.0890824794769287,0.0,heuristic_recall_pool
223,N55971,observe,-0.24536608159542084,-4.161795769929886,-0.24536608159542084,3.0891337394714355,5.439009064435959,0.030891337394714356,0.012562382966279984,10.155633926391602,3.0891337394714355,5.405108157992363,-0.024490036070346832,-0.12903277575969696,-0.0031106360256671906,128174.8046875,54651.9921875,73522.8125,128174.34375,54651.6640625,73522.6796875,3.596162969188299e-06,6.0038983065169305e-06,1.8064121150018764e-06,0.0003596162969188299,10.795764058828354,5.5060060429573054,0.862188309431076,5.5060060429573054,3.0891337394714355,679.0601363182068,679.0601363182068,greedy,3.0891337394714355,0.0,heuristic_recall_pool
224,N55736,observe,-0.2453647404909134,-4.1620849078893665,-0.2453647404909134,3.0893187522888184,5.438389483094216,0.030893187522888183,0.012568734586238861,10.156108856201172,3.0893187522888184,5.404550534784794,-0.02449759840965271,-0.12904873490333557,-0.0031106090173125267,128174.4296875,54651.6484375,73522.78125,128174.609375,54651.81640625,73522.796875,-1.40189820285741e-06,-3.073443394896458e-06,-2.125191684854144e-07,-0.000140189820285741,10.79566776752472,5.505592988729477,0.8615970611572266,5.505592988729477,3.0893187522888184,682.1494550704956,682.1494550704956,greedy,3.0893187522888184,0.0,heuristic_recall_pool
225,N55687,observe,-0.24536417424678802,-4.161837789416313,-0.24536417424678802,3.0894484519958496,5.438919022679329,0.030894484519958496,0.012582845985889435,10.156999588012695,3.0894484519958496,5.405027120411396,-0.024499110877513885,-0.12905770540237427,-0.0031104707159101963,128174.4375,54651.69921875,73522.734375,128173.421875,54650.921875,73522.5,7.923771590867545e-06,1.4223596735973842e-05,3.187789388903184e-06,0.0007923771590867545,10.796536952257156,5.505946015119552,0.8617009222507477,5.505946015119552,3.0894484519958496,685.2389035224915,685.2389035224915,greedy,3.0894484519958496,0.0,heuristic_recall_pool
226,N55841,observe,-0.24536605179309845,-4.161827721595764,-0.24536605179309845,3.0895321369171143,5.4389405965805055,0.03089532136917114,0.01259537786245346,10.157787322998047,3.0895321369171143,5.405046536922455,-0.02450210601091385,-0.12906941771507263,-0.0031103696674108505,128173.578125,54651.0625,73522.515625,128172.703125,54650.4609375,73522.2421875,6.826679964433424e-06,1.1007334251189604e-05,3.719098913279595e-06,0.0006826679964433424,10.797108858823776,5.505960397720337,0.8616192638874054,5.505960397720337,3.0895321369171143,688.3284356594086,688.3284356594086,greedy,3.0895321369171143,0.0,heuristic_recall_pool
227,N55839,observe,-0.24536822736263275,-4.161813222765923,-0.24536822736263275,3.0896403789520264,5.438971665501595,0.030896403789520265,0.012607399374246597,10.158631324768066,3.0896403789520264,5.405074498951436,-0.02450501173734665,-0.12908096611499786,-0.003110160119831562,128172.703125,54650.45703125,73522.2421875,128171.8671875,54649.9140625,73521.953125,6.5219619500567205e-06,9.93530102277873e-06,3.9316332731687e-06,0.000652196195005672,10.797770529985428,5.505981110334396,0.8615667521953583,5.505981110334396,3.0896403789520264,691.4180760383606,691.4180760383606,greedy,3.0896403789520264,0.0,heuristic_recall_pool
228,N55641,observe,-0.2453710287809372,-4.1617969673871995,-0.2453710287809372,3.089782476425171,5.439006498456001,0.030897824764251708,0.012620769441127777,10.159585952758789,3.089782476425171,5.405105848610401,-0.024507589638233185,-0.12909135222434998,-0.0031098551116883755,128171.9921875,54649.9296875,73522.0625,128171.125,54649.33203125,73521.796875,6.765811122022569e-06,1.0936084436252713e-05,3.6128610645391745e-06,0.0006765811122022569,10.798609465360641,5.506004332304001,0.8615831434726715,5.506004332304001,3.089782476425171,694.5078585147858,694.5078585147858,greedy,3.089782476425171,0.0,heuristic_recall_pool
229,N55938,observe,-0.24537386000156403,-4.161794284582138,-0.24537386000156403,3.089919328689575,5.43901224732399,0.030899193286895752,0.012631438672542572,10.160456657409668,3.089919328689575,5.405111022591591,-0.024509720504283905,-0.12910066545009613,-0.003109417390078306,128170.9453125,54649.3046875,73521.640625,128170.1953125,54648.7734375,73521.421875,5.851560217706719e-06,9.721075002744328e-06,2.9753143735433696e-06,0.0005851560217706719,10.799403935670853,5.50600816488266,0.8616219460964203,5.50600816488266,3.089919328689575,697.5977778434753,697.5977778434753,greedy,3.089919328689575,0.0,heuristic_recall_pool
230,N55945,observe,-0.24537788331508636,-4.1617892444133755,-0.24537788331508636,3.09004807472229,5.439023047685623,0.0309004807472229,0.01263970136642456,10.161255836486816,3.09004807472229,5.4051207429170605,-0.02451135218143463,-0.12910835444927216,-0.003108975477516651,128170.1953125,54648.7734375,73521.421875,128169.6015625,54648.3203125,73521.28125,4.632512172975112e-06,8.291585800179746e-06,1.912707830342697e-06,0.0004632512172975112,10.800168693065643,5.506015365123748,0.8616907596588135,5.506015365123748,3.09004807472229,700.6878259181976,700.6878259181976,greedy,3.09004807472229,0.0,heuristic_recall_pool
231,N55850,observe,-0.24538062512874603,-4.161780515909195,-0.24538062512874603,3.0901548862457275,5.4390417516231535,0.030901548862457277,0.01264619454741478,10.161941528320312,3.0901548862457275,5.405137576460838,-0.024512693285942078,-0.1291152983903885,-0.003108578734099865,128169.703125,54648.359375,73521.34375,128169.2109375,54647.9609375,73521.25,3.840123554255115e-06,7.290932444448117e-06,1.275139879908238e-06,0.0003840123554255115,10.800827085971832,5.506027834415436,0.8617547750473022,5.506027834415436,3.0901548862457275,703.7779808044434,703.7779808044434,greedy,3.0901548862457275,0.0,heuristic_recall_pool
232,N55968,observe,-0.24538178741931915,-4.161778421401978,-0.24538178741931915,3.0902392864227295,5.439046239852906,0.030902392864227295,0.012652143836021423,10.16250991821289,3.0902392864227295,5.405141615867615,-0.02451404184103012,-0.12912240624427795,-0.0031082285568118095,128169.078125,54647.90234375,73521.171875,128168.6484375,54647.5546875,73521.09375,3.3525052458571736e-06,6.361749001371209e-06,1.062619048752822e-06,0.00033525052458571736,10.801345020532608,5.506030826568604,0.8617831170558929,5.506030826568604,3.0902392864227295,706.8682200908661,706.8682200908661,greedy,3.0902392864227295,0.0,heuristic_recall_pool
233,N54742,observe,-0.24538306891918182,-4.161774065494537,-0.24538306891918182,3.090317487716675,5.439055573940277,0.030903174877166747,0.012657485902309418,10.163019180297852,3.090317487716675,5.40515001654625,-0.024515390396118164,-0.12912912666797638,-0.003107902593910694,128168.609375,54647.484375,73521.125,128168.1875,54647.14453125,73521.046875,3.2915625070017995e-06,6.21883600615547e-06,1.0626197308738483e-06,0.00032915625070017995,10.80179762840271,5.506037049293518,0.8617951273918152,5.506037049293518,3.090317487716675,709.9585375785828,709.9585375785828,greedy,3.090317487716675,0.0,heuristic_recall_pool
234,N55731,observe,-0.2454361766576767,-4.161869732737541,-0.2454361766576767,3.0920395851135254,5.4388505727052685,0.030920395851135252,0.01271934062242508,10.16666030883789,3.0920395851135254,5.404965515434742,-0.024518631398677826,-0.12912867963314056,-0.0031064292415976524,128168.28125,54647.1875,73521.09375,128169.1484375,54647.421875,73521.7265625,-6.766007118130801e-06,-4.288875970814843e-06,-8.607224117440637e-06,-0.0006766007118130801,10.806836754083633,5.505900381803513,0.8628118336200714,5.505900381803513,3.0920395851135254,713.0505771636963,713.0505771636963,greedy,3.0920395851135254,0.0,heuristic_recall_pool
235,N55678,observe,-0.24542568624019623,-4.161689217090607,-0.24542568624019623,3.0914700031280518,5.4392373919487,0.030914700031280516,0.01269581913948059,10.165748596191406,3.0914700031280518,5.40531365275383,-0.024523846805095673,-0.129146009683609,-0.0031065596267580986,128169.203125,54647.48828125,73521.7109375,128168.3046875,54647.1875,73521.1171875,7.009776709310245e-06,5.504026830749353e-06,8.075845471466891e-06,0.0007009776709310245,10.80483391880989,5.5061582612991335,0.8619199693202972,5.5061582612991335,3.0914700031280518,716.1420471668243,716.1420471668243,greedy,3.0914700031280518,0.0,heuristic_recall_pool
236,N55722,observe,-0.24542225897312164,-4.161697328090668,-0.24542225897312164,3.0913331508636475,5.4392200112342834,0.030913331508636475,0.012694057077169418,10.165691375732422,3.0913331508636475,5.4052980101108545,-0.02452445775270462,-0.12915369868278503,-0.003106426913291216,128168.140625,54647.07421875,73521.0625,128167.84375,54646.8125,73521.03125,2.316293148396653e-06,4.789254489878658e-06,4.2504825614742003e-07,0.0002316293148396653,10.804578751325607,5.506146674156188,0.8618103563785553,5.506146674156188,3.0913331508636475,719.233380317688,719.233380317688,greedy,3.0913331508636475,0.0,heuristic_recall_pool
237,N55809,observe,-0.24542026221752167,-4.161709753274918,-0.24542026221752167,3.0912652015686035,5.439193385839462,0.030912652015686035,0.012694180011749268,10.165781021118164,3.0912652015686035,5.405274047255516,-0.024524904787540436,-0.12915931642055511,-0.003106264863163233,128167.875,54646.84765625,73521.0234375,128167.484375,54646.5,73520.984375,3.047760628760443e-06,6.361871783155948e-06,5.313106044013693e-07,0.0003047760628760443,10.804555743932724,5.506128923892975,0.8617710769176483,5.506128923892975,3.0912652015686035,722.3246455192566,722.3246455192566,greedy,3.0912652015686035,0.0,heuristic_recall_pool
238,N54740,observe,-0.24541820585727692,-4.161718502640724,-0.24541820585727692,3.0912225246429443,5.439174637198448,0.030912225246429444,0.012695059180259705,10.16594123840332,3.0912225246429443,5.405257173478603,-0.02452540397644043,-0.12916414439678192,-0.0031061051413416862,128167.4296875,54646.4453125,73520.984375,128166.96875,54646.06640625,73520.8984375,3.596370106606628e-06,6.9337766035459936e-06,1.16888395496062e-06,0.0003596370106606628,10.804623365402222,5.5061164247989645,0.8617505431175232,5.5061164247989645,3.0912225246429443,725.4158680438995,725.4158680438995,greedy,3.0912225246429443,0.0,heuristic_recall_pool
239,N55644,observe,-0.24541519582271576,-4.161721982359886,-0.24541519582271576,3.0911996364593506,5.439167180657387,0.030911996364593505,0.012697868049144745,10.16618537902832,3.0911996364593506,5.405250462591647,-0.024525970220565796,-0.12916871905326843,-0.0031060115434229374,128166.984375,54646.0703125,73520.9140625,128166.6953125,54645.8046875,73520.890625,2.255358594993595e-06,4.860825356445275e-06,3.187868458098819e-07,0.0002255358594993595,10.804787993431091,5.506111453771591,0.8617492318153381,5.506111453771591,3.0911996364593506,728.5070676803589,728.5070676803589,greedy,3.0911996364593506,0.0,heuristic_recall_pool
240,N55908,observe,-0.245411679148674,-4.161731553673745,-0.245411679148674,3.0911734104156494,5.439146670699119,0.030911734104156496,0.012700114399194717,10.16640853881836,3.0911734104156494,5.405232003629208,-0.024526894092559814,-0.12917372584342957,-0.0031059435568749905,128166.734375,54645.8828125,73520.8515625,128166.359375,54645.54296875,73520.8125,2.925876287918072e-06,6.219018359843176e-06,5.313118549565843e-07,0.0002925876287918072,10.804892539978027,5.50609778046608,0.8617060780525208,5.50609778046608,3.0911734104156494,731.5982410907745,731.5982410907745,greedy,3.0911734104156494,0.0,heuristic_recall_pool
241,N55666,observe,-0.24540911614894867,-4.161738659143448,-0.24540911614894867,3.0911669731140137,5.439131444692611,0.030911669731140137,0.012703776359558105,10.166686058044434,3.0911669731140137,5.405218300223351,-0.024528034031391144,-0.12917912006378174,-0.0031058904714882374,128166.3125,54645.48046875,73520.828125,128165.9609375,54645.1875,73520.7734375,2.7430180580267916e-06,5.361262083170004e-06,7.438368356815772e-07,0.00027430180580267916,10.805049628019333,5.506087629795075,0.8616598546504974,5.506087629795075,3.0911669731140137,734.6894080638885,734.6894080638885,greedy,3.0911669731140137,0.0,heuristic_recall_pool
242,N54744,observe,-0.2454073280096054,-4.161739668846131,-0.2454073280096054,3.091174602508545,5.439129281044006,0.030911746025085448,0.012707293033599854,10.166986465454102,3.091174602508545,5.405216352939606,-0.024529263377189636,-0.12918458878993988,-0.0031057996675372124,128165.9375,54645.15625,73520.78125,128165.5390625,54644.8515625,73520.6875,3.108762712145108e-06,5.575745944952359e-06,1.2751496569762821e-06,0.0003108762712145108,10.805234730243683,5.506086187362671,0.861613929271698,5.506086187362671,3.091174602508545,737.7805826663971,737.7805826663971,greedy,3.091174602508545,0.0,heuristic_recall_pool
243,N55654,observe,-0.24542467296123505,-4.161847202181816,-0.24542467296123505,3.0917863845825195,5.438898852467537,0.030917863845825195,0.012728624045848846,10.168407440185547,3.0917863845825195,5.405008967220783,-0.024532705545425415,-0.12918977439403534,-0.0031052567064762115,128165.515625,54644.8046875,73520.7109375,128165.671875,54644.79296875,73520.875,-1.219126716023311e-06,2.1445313791446097e-07,-2.2315141450235387e-06,-0.0001219126716023311,10.806923270225525,5.5059325683116915,0.8617779016494751,5.5059325683116915,3.0917863845825195,740.8723690509796,740.8723690509796,greedy,3.0917863845825195,0.0,heuristic_recall_pool
244,N55818,observe,-0.24541963636875153,-4.161707304120064,-0.24541963636875153,3.091632604598999,5.439198634028434,0.03091632604598999,0.012724801898002625,10.16844654083252,3.091632604598999,5.405278770625591,-0.02453448623418808,-0.12919676303863525,-0.0031051565892994404,128165.703125,54644.89453125,73520.8125,128165.0,54644.46484375,73520.5390625,5.486062036652584e-06,7.863269274821505e-06,3.7191848605289124e-06,0.0005486062036652584,10.80663052201271,5.506132422685623,0.8615711629390717,5.506132422685623,3.091632604598999,743.9640016555786,743.9640016555786,greedy,3.091632604598999,0.0,heuristic_recall_pool
245,N55726,observe,-0.24559219181537628,-4.161485123634338,-0.24559219181537628,3.096727132797241,5.439674735069275,0.03096727132797241,0.012924998998641968,10.179605484008789,3.096727132797241,5.405707261562347,-0.024530597031116486,-0.12917391955852509,-0.003100709058344364,128165.0625,54644.44140625,73520.625,128166.890625,54644.49609375,73522.390625,-1.4263832781580277e-05,-1.0007879609474912e-06,-2.4015369490371086e-05,-0.0014263832781580277,10.823272913694382,5.506449823379516,0.866023451089859,5.506449823379516,3.096727132797241,747.0607287883759,747.0607287883759,greedy,3.096727132797241,0.0,heuristic_recall_pool
246,N55889,observe,-0.2455575317144394,-4.161486245989799,-0.2455575317144394,3.0947420597076416,5.439672330021859,0.030947420597076416,0.012837376445531845,10.175302505493164,3.0947420597076416,5.405705097019672,-0.02454819530248642,-0.12921948730945587,-0.0031017987057566643,128166.8828125,54644.5625,73522.3203125,128165.78125,54645.0234375,73520.7578125,8.594751307100523e-06,-8.43519410409499e-06,2.1252049918984994e-05,0.0008594751307100523,10.815225034952164,5.506448220014572,0.8626916110515594,5.506448220014572,3.0947420597076416,750.1554708480835,750.1554708480835,greedy,3.0947420597076416,0.0,heuristic_recall_pool
247,N54746,observe,-0.24554066359996796,-4.161490647792816,-0.24554066359996796,3.09403395652771,5.439662897586822,0.0309403395652771,0.012811753898859024,10.173637390136719,3.09403395652771,5.4056966078281405,-0.024547941982746124,-0.12922948598861694,-0.003101880196481943,128165.65625,54644.8984375,73520.7578125,128165.453125,54644.82421875,73520.625,1.5848629573156359e-06,1.3582008477897034e-06,1.8064625919578248e-06,0.0001584862957315636,10.812877148389816,5.506441931724548,0.8621236383914948,5.506441931724548,3.09403395652771,753.2495048046112,753.2495048046112,greedy,3.09403395652771,0.0,heuristic_recall_pool
248,N55861,observe,-0.2455293983221054,-4.16153333067894,-0.2455293983221054,3.0936343669891357,5.439571434259415,0.030936343669891356,0.012801013886928558,10.172794342041016,3.0936343669891357,5.405614290833474,-0.024546630680561066,-0.12923255562782288,-0.0031019914895296097,128165.5,54644.91015625,73520.59375,128165.2578125,54644.65625,73520.6015625,1.8896465689977049e-06,4.6464756451314315e-06,-1.0626274615788134e-07,0.0001889646568997705,10.811765640974045,5.506380956172943,0.8619441092014313,5.506380956172943,3.0936343669891357,756.3431391716003,756.3431391716003,greedy,3.0936343669891357,0.0,heuristic_recall_pool
249,N55868,observe,-0.2455199509859085,-4.161587946414947,-0.2455199509859085,3.093392848968506,5.4394544005393985,0.03093392848968506,0.01279504969716072,10.172354698181152,3.093392848968506,5.405508960485458,-0.024545691907405853,-0.12923374772071838,-0.0031020925380289555,128165.3046875,54644.6796875,73520.625,128165.015625,54644.375,73520.640625,2.2553881535714027e-06,5.575794602918904e-06,-2.1252539283977967e-07,0.00022553881535714027,10.811178356409073,5.506302933692932,0.8618676960468292,5.506302933692932,3.093392848968506,759.4365320205688,759.4365320205688,greedy,3.093392848968506,0.0,heuristic_recall_pool
250,N55875,observe,-0.24551095068454742,-4.161616364121437,-0.24551095068454742,3.093203544616699,5.439393505454063,0.030932035446166992,0.012790191918611526,10.172073364257812,3.093203544616699,5.405454154908657,-0.024545051157474518,-0.12923450767993927,-0.0031022019684314728,128165.015625,54644.375,73520.640625,128164.71875,54644.12890625,73520.59375,2.3163497644418385e-06,4.503551281231921e-06,6.37576079043356e-07,0.00023163497644418385,10.81077179312706,5.506262336969375,0.8618141114711761,5.506262336969375,3.093203544616699,762.5297355651855,762.5297355651855,greedy,3.093203544616699,0.0,heuristic_recall_pool
251,N55882,observe,-0.24550096690654755,-4.161630766987801,-0.24550096690654755,3.0929903984069824,5.439362642168999,0.030929903984069824,0.012783914804458618,10.171798706054688,3.0929903984069824,5.405426377952098,-0.024544432759284973,-0.12923546135425568,-0.0031023393385112286,128164.71875,54644.125,73520.59375,128164.453125,54643.88671875,73520.5625,2.072528332064394e-06,4.360601451480761e-06,4.2505098463152535e-07,0.0002072528332064394,10.810345828533173,5.506241761445999,0.8617540001869202,5.506241761445999,3.0929903984069824,765.6227259635925,765.6227259635925,greedy,3.0929903984069824,0.0,heuristic_recall_pool
252,N55721,observe,-0.24551407992839813,-4.161827195882798,-0.24551407992839813,3.093531847000122,5.438941723108292,0.030935318470001222,0.012799311429262161,10.172849655151367,3.093531847000122,5.4050475507974625,-0.024547122418880463,-0.12923650443553925,-0.003101934678852558,128164.4375,54643.8125,73520.625,128164.9296875,54644.015625,73520.9140625,-3.8402813515858725e-06,-3.717255367519101e-06,-3.931719675165368e-06,-0.00038402813515858725,10.811669260263443,5.505961148738861,0.861883133649826,5.505961148738861,3.093531847000122,768.7162578105927,768.7162578105927,greedy,3.093531847000122,0.0,heuristic_recall_pool
253,N29496,observe,-0.24550126492977142,-4.161632243990899,-0.24550126492977142,3.0931711196899414,5.439359477162362,0.030931711196899414,0.012786630541086197,10.172353744506836,3.0931711196899414,5.405423529446125,-0.024547122418880463,-0.12923887372016907,-0.003102143295109272,128165.0390625,54644.1015625,73520.9375,128164.5390625,54643.7890625,73520.75,3.901219770341413e-06,5.718824013456469e-06,2.5502938569843536e-06,0.0003901219770341413,10.810812622308731,5.506239651441574,0.8616689741611481,5.506239651441574,3.0931711196899414,771.8094289302826,771.8094289302826,greedy,3.0931711196899414,0.0,heuristic_recall_pool
254,N55814,observe,-0.245492622256279,-4.161848044991494,-0.245492622256279,3.092952013015747,5.4388970464468,0.03092952013015747,0.012780211865901947,10.172087669372559,3.092952013015747,5.40500734180212,-0.024546422064304352,-0.12924011051654816,-0.003102253656834364,128164.3203125,54643.703125,73520.6171875,128163.984375,54643.44921875,73520.53125,2.6211469048575964e-06,4.646578418032732e-06,1.1688897529893438e-06,0.00026211469048575964,10.81039747595787,5.505931364297867,0.8616177141666412,5.505931364297867,3.092952013015747,774.9023809432983,774.9023809432983,greedy,3.092952013015747,0.0,heuristic_recall_pool
255,N55842,observe,-0.24548982083797455,-4.161859414577485,-0.24548982083797455,3.0929675102233887,5.438872683048248,0.030929675102233888,0.012781873345375061,10.172247886657715,3.0929675102233887,5.4049854147434235,-0.024546317756175995,-0.12924005091190338,-0.003102211281657219,128164.0546875,54643.4765625,73520.578125,128163.984375,54643.359375,73520.625,5.486132863552484e-07,2.144583504559705e-06,-6.375765906341258e-07,5.486132863552484e-05,10.810583621263504,5.505915122032166,0.8616720736026764,5.505915122032166,3.0929675102233887,777.9953484535217,777.9953484535217,greedy,3.0929675102233887,0.0,heuristic_recall_pool
256,N54748,observe,-0.2454809993505478,-4.161803075671196,-0.2454809993505478,3.092763662338257,5.438993409276009,0.03092763662338257,0.012775663286447525,10.17202377319336,3.092763662338257,5.405094068348408,-0.024546071887016296,-0.12924186885356903,-0.003102264367043972,128163.8671875,54643.2578125,73520.609375,128163.5,54643.015625,73520.484375,2.8649844807659974e-06,4.432156856637448e-06,1.7002034837787505e-06,0.00028649844807659974,10.810180246829987,5.505995606184005,0.8615896701812744,5.505995606184005,3.092763662338257,781.08811211586,781.08811211586,greedy,3.092763662338257,0.0,heuristic_recall_pool
257,N54779,observe,-0.24547316133975983,-4.161784204244614,-0.24547316133975983,3.0926222801208496,5.439033848047257,0.030926222801208495,0.012772556394338608,10.171945571899414,3.0926222801208496,5.40513046324253,-0.024545446038246155,-0.12924252450466156,-0.0031023193150758743,128163.515625,54643.05078125,73520.46875,128163.2890625,54642.8828125,73520.40625,1.7677613186606322e-06,3.0739270187041257e-06,8.501033903485222e-07,0.00017677613186606322,10.810023248195648,5.506022565364837,0.8615973591804504,5.506022565364837,3.0926222801208496,784.1807343959808,784.1807343959808,greedy,3.0926222801208496,0.0,heuristic_recall_pool
258,N55920,observe,-0.2454654425382614,-4.161774803996086,-0.2454654425382614,3.0925090312957764,5.439053991436959,0.030925090312957763,0.012769903987646103,10.171900749206543,3.0925090312957764,5.405148592293263,-0.024544931948184967,-0.12924320995807648,-0.003102359361946583,128163.3203125,54642.921875,73520.3984375,128163.1640625,54642.7734375,73520.390625,1.219147520714614e-06,2.7165001483808737e-06,1.0626302326954828e-07,0.00012191475207146141,10.809916585683823,5.506035994291305,0.8616092503070831,5.506035994291305,3.0925090312957764,787.2732434272766,787.2732434272766,greedy,3.0925090312957764,0.0,heuristic_recall_pool
259,N51190,observe,-0.24545900523662567,-4.1617697638273246,-0.24545900523662567,3.0924172401428223,5.439064791798592,0.030924172401428224,0.012767873704433441,10.171882629394531,3.0924172401428223,5.405158312618733,-0.024544529616832733,-0.12924392521381378,-0.003102356567978859,128163.078125,54642.6796875,73520.3984375,128162.9453125,54642.5625,73520.3828125,1.0362773537053727e-06,2.144614882126916e-06,2.1252604653909657e-07,0.00010362773537053727,10.80984690785408,5.506043194532395,0.8616220057010651,5.506043194532395,3.0924172401428223,790.3656606674194,790.3656606674194,greedy,3.0924172401428223,0.0,heuristic_recall_pool
260,N55896,observe,-0.24545224010944366,-4.161763100624085,-0.24545224010944366,3.0923335552215576,5.439079070091247,0.030923335552215575,0.01276642456650734,10.171882629394531,3.0923335552215576,5.405171163082123,-0.02454419434070587,-0.1292445957660675,-0.003102398943156004,128163.0625,54642.68359375,73520.375,128163.0,54642.62890625,73520.375,4.876600314673851e-07,1.0008201343225664e-06,0.0,4.876600314673851e-05,10.809796750545502,5.506052713394165,0.8616346120834351,5.506052713394165,3.0923335552215576,793.457994222641,793.457994222641,greedy,3.0923335552215576,0.0,heuristic_recall_pool
261,N55846,observe,-0.24544595181941986,-4.16175969183445,-0.24544595181941986,3.0922610759735107,5.439086374640465,0.030922610759735108,0.012764833867549896,10.171892166137695,3.0922610759735107,5.405177737176418,-0.024543970823287964,-0.1292455494403839,-0.003102441318333149,128162.9765625,54642.5859375,73520.390625,128162.859375,54642.48046875,73520.3828125,9.14363113224681e-07,1.930156713569886e-06,1.06263037480403e-07,9.14363113224681e-05,10.80975615978241,5.506057583093643,0.8616412281990051,5.506057583093643,3.0922610759735107,796.5502552986145,796.5502552986145,greedy,3.0922610759735107,0.0,heuristic_recall_pool
262,N54750,observe,-0.24544064700603485,-4.161799153685569,-0.24544064700603485,3.0921995639801025,5.439001813530922,0.030921995639801025,0.012764018028974533,10.171895980834961,3.0921995639801025,5.405101632177829,-0.024543888866901398,-0.12924683094024658,-0.003102444112300873,128162.765625,54642.39453125,73520.375,128162.671875,54642.3125,73520.359375,7.314916956602247e-07,1.501238216405909e-06,2.1252611759337015e-07,7.314916956602247e-05,10.809706658124924,5.506001209020614,0.8616349995136261,5.506001209020614,3.0921995639801025,799.6424548625946,799.6424548625946,greedy,3.0921995639801025,0.0,heuristic_recall_pool
263,N51193,observe,-0.24543555080890656,-4.161790166497231,-0.24543555080890656,3.0921437740325928,5.439021071791649,0.03092143774032593,0.012763626873493195,10.171931266784668,3.0921437740325928,5.405118964612484,-0.024543896317481995,-0.12924818694591522,-0.003102454822510481,128162.65625,54642.28515625,73520.3671875,128162.5078125,54642.21875,73520.2890625,1.1581961416595732e-06,1.2152904673712328e-06,1.0626307584971073e-06,0.00011581961416595732,10.809685409069061,5.5060140478610995,0.8616291284561157,5.5060140478610995,3.0921437740325928,802.7345986366272,802.7345986366272,greedy,3.0921437740325928,0.0,heuristic_recall_pool
264,N55811,observe,-0.24542991816997528,-4.154295569062233,-0.24542991816997528,3.092094659805298,5.455080923438072,0.03092094659805298,0.012763381004333496,10.171968460083008,3.092094659805298,5.419572831094265,-0.024543993175029755,-0.12924985587596893,-0.003102503716945648,128162.515625,54642.28125,73520.234375,128162.46875,54642.23046875,73520.2421875,3.657465583728481e-07,9.293398761656135e-07,-1.0626326485407844e-07,3.657465583728481e-05,10.80966380238533,5.516720615625381,0.861616462469101,5.516720615625381,3.092094659805298,805.8266932964325,805.8266932964325,greedy,3.092094659805298,0.0,heuristic_recall_pool
265,N55922,observe,-0.2454252392053604,-4.154292832016945,-0.2454252392053604,3.0920562744140625,5.455086788535118,0.030920562744140626,0.01276366412639618,10.172027587890625,3.0920562744140625,5.4195781096816065,-0.024544209241867065,-0.12925167381763458,-0.0031025465577840805,128162.5078125,54642.2578125,73520.25,128162.4453125,54642.2109375,73520.234375,4.87662134673883e-07,8.578525694247219e-07,2.1252648707559274e-07,4.87662134673883e-05,10.809662938117981,5.516724525690079,0.8616000413894653,5.516724525690079,3.0920562744140625,808.9187495708466,808.9187495708466,greedy,3.0920562744140625,0.0,heuristic_recall_pool
266,N38467,observe,-0.2454216033220291,-4.154291450977325,-0.2454216033220291,3.0920345783233643,5.455089747905731,0.030920345783233643,0.012764789164066315,10.17214584350586,3.0920345783233643,5.4195807731151575,-0.02454451471567154,-0.12925325334072113,-0.0031025870703160763,128162.625,54642.328125,73520.296875,128162.4921875,54642.2109375,73520.28125,1.0362811053710175e-06,2.144628524547443e-06,2.125263449670456e-07,0.00010362811053710175,10.80972895026207,5.51672649860382,0.861593633890152,5.51672649860382,3.0920345783233643,812.0107841491699,812.0107841491699,greedy,3.0920345783233643,0.0,heuristic_recall_pool
267,N55716,observe,-0.2454284280538559,-4.1543589007854465,-0.2454284280538559,3.092374324798584,5.454945212602615,0.03092374324798584,0.012776173651218414,10.172825813293457,3.092374324798584,5.4194506913423535,-0.02454628050327301,-0.1292543262243271,-0.0031023877672851086,128162.3203125,54642.03125,73520.2890625,128162.6640625,54642.2421875,73520.421875,-2.6821455776371295e-06,-3.860352535411948e-06,-1.8064740743284347e-06,-0.00026821455776371295,10.81057208776474,5.516630141735077,0.8616719841957092,5.516630141735077,3.092374324798584,815.1031584739685,815.1031584739685,greedy,3.092374324798584,0.0,heuristic_recall_pool
268,N55851,observe,-0.24542401731014252,-4.154277344346046,-0.24542401731014252,3.092238664627075,5.455119976401329,0.030922386646270752,0.012771613895893097,10.172727584838867,3.092238664627075,5.419607978761197,-0.0245470330119133,-0.129257932305336,-0.003102444112300873,128162.8203125,54642.375,73520.4453125,128162.5234375,54642.1953125,73520.328125,2.3163893274613656e-06,3.2884277061384637e-06,1.5939443755996763e-06,0.00023163893274613656,10.810262948274612,5.516746650934219,0.8615382611751556,5.516746650934219,3.092238664627075,818.1953971385956,818.1953971385956,greedy,3.092238664627075,0.0,heuristic_recall_pool
269,N55672,observe,-0.24542151391506195,-4.154280456900596,-0.24542151391506195,3.0922024250030518,5.455113306641579,0.030922024250030516,0.012772295624017715,10.172795295715332,3.0922024250030518,5.419601975977421,-0.024547167122364044,-0.12926055490970612,-0.0031024287454783916,128162.2109375,54641.9765625,73520.234375,128162.046875,54641.88671875,73520.15625,1.280116066482151e-06,1.6442257901871926e-06,1.0626325774865109e-06,0.0001280116066482151,10.81028100848198,5.516742204427718,0.8615327179431915,5.516742204427718,3.0922024250030518,821.2875995635986,821.2875995635986,greedy,3.0922024250030518,0.0,heuristic_recall_pool
270,N55691,observe,-0.24541912972927094,-4.154282847642898,-0.24541912972927094,3.0921785831451416,5.45510818362236,0.030921785831451415,0.012773178517818451,10.172895431518555,3.0921785831451416,5.419597365260124,-0.02454736828804016,-0.12926289439201355,-0.0031023938208818436,128162.0625,54641.90625,73520.15625,128161.984375,54641.859375,73520.125,6.095797857597063e-07,8.578580832363514e-07,4.2505351416366466e-07,6.095797857597063e-05,10.81033718585968,5.516738789081574,0.861531674861908,5.516738789081574,3.0921785831451416,824.3797781467438,824.3797781467438,greedy,3.0921785831451416,0.0,heuristic_recall_pool
271,N55694,observe,-0.24541671574115753,-4.1542853426933295,-0.24541671574115753,3.0921592712402344,5.455102837085724,0.030921592712402343,0.01277422159910202,10.173002243041992,3.0921592712402344,5.419592553377152,-0.024547524750232697,-0.12926483154296875,-0.0031023407354950905,128161.9609375,54641.8671875,73520.09375,128161.875,54641.796875,73520.078125,6.705382702421048e-07,1.2867880059275194e-06,2.125269276120889e-07,6.705382702421048e-05,10.810409039258957,5.516735224723816,0.861537903547287,5.516735224723816,3.0921592712402344,827.471937417984,827.471937417984,greedy,3.0921592712402344,0.0,heuristic_recall_pool
272,N55698,observe,-0.24541451036930084,-4.154287136793137,-0.24541451036930084,3.09214186668396,5.4550989925861355,0.0309214186668396,0.01277441531419754,10.173099517822266,3.09214186668396,5.419589093327522,-0.024547681212425232,-0.12926647067070007,-0.0031022895127534866,128161.8984375,54641.8203125,73520.078125,128161.7578125,54641.7265625,73520.03125,1.0972449899782077e-06,1.7157187812699703e-06,6.375809107339592e-07,0.00010972449899782077,10.810473263263702,5.516732661724091,0.8615422248840332,5.516732661724091,3.09214186668396,830.564079284668,830.564079284668,greedy,3.09214186668396,0.0,heuristic_recall_pool
273,N55703,observe,-0.24541257321834564,-4.154314215183258,-0.24541257321834564,3.092132806777954,5.455040967464447,0.03092132806777954,0.012775607407093048,10.173206329345703,3.092132806777954,5.4195368707180025,-0.024547867476940155,-0.1292683184146881,-0.0031022513285279274,128161.71875,54641.671875,73520.046875,128161.6796875,54641.6328125,73520.046875,3.047906886877172e-07,7.148847771532019e-07,0.0,3.047906886877172e-05,10.810552388429642,5.516693978309632,0.8615480363368988,5.516693978309632,3.092132806777954,833.6562120914459,833.6562120914459,greedy,3.092132806777954,0.0,heuristic_recall_pool
274,N55708,observe,-0.24543015658855438,-4.154444366693497,-0.24543015658855438,3.0927271842956543,5.4547620713710785,0.030927271842956544,0.012793291360139847,10.174388885498047,3.0927271842956543,5.41928586423397,-0.02455047518014908,-0.1292707473039627,-0.003101753070950508,128161.65625,54641.625,73520.03125,128162.21875,54641.89453125,73520.3203125,-4.388988145365147e-06,-4.932709089189302e-06,-3.93175150747993e-06,-0.0004388988145365147,10.812068551778793,5.516508047580718,0.8617314994335175,5.516508047580718,3.0927271842956543,836.7489392757416,836.7489392757416,greedy,3.0927271842956543,0.0,heuristic_recall_pool
275,N55711,observe,-0.24542371928691864,-4.154328075647355,-0.24542371928691864,3.092519760131836,5.455011266469955,0.030925197601318358,0.012785416096448898,10.174080848693848,3.092519760131836,5.41951013982296,-0.024551473557949066,-0.12927471101284027,-0.003101843874901533,128162.203125,54641.91015625,73520.296875,128161.921875,54641.796875,73520.125,2.1944847503618803e-06,2.073156792903319e-06,2.3377897377940826e-06,0.00021944847503618803,10.811453253030777,5.516674177646637,0.8615027964115143,5.516674177646637,3.092519760131836,839.8414590358734,839.8414590358734,greedy,3.092519760131836,0.0,heuristic_recall_pool
276,N55715,observe,-0.24544386565685272,-4.154546776413918,-0.24544386565685272,3.0932395458221436,5.454542621970177,0.030932395458221434,0.012803401798009872,10.175198554992676,3.0932395458221436,5.419088359773159,-0.024555958807468414,-0.12927597761154175,-0.003101370297372341,128161.953125,54641.8125,73520.140625,128162.84375,54642.39453125,73520.453125,-6.949215276108589e-06,-1.0651755474100355e-05,-4.250535766914254e-06,-0.0006949215276108589,10.812842220067978,5.516361747980117,0.8615136444568634,5.516361747980117,3.0932395458221436,842.9346985816956,842.9346985816956,greedy,3.0932395458221436,0.0,heuristic_recall_pool
277,N55790,observe,-0.24543695151805878,-4.154305094480515,-0.24543695151805878,3.0929205417633057,5.455060511827469,0.030929205417633058,0.012791357934474945,10.174724578857422,3.0929205417633057,5.419554460644722,-0.02455630898475647,-0.1292804330587387,-0.003101460635662079,128162.890625,54642.4375,73520.453125,128162.2734375,54642.0703125,73520.203125,4.81564893561881e-06,6.719822977174772e-06,3.4004142435151152e-06,0.00048156489356188104,10.81201422214508,5.516707007884978,0.8612803816795349,5.516707007884978,3.0929205417633057,846.0276191234589,846.0276191234589,greedy,3.0929205417633057,0.0,heuristic_recall_pool
278,N55796,observe,-0.2454342097043991,-4.154329068660736,-0.2454342097043991,3.0927846431732178,5.455009138584137,0.030927846431732176,0.01278921589255333,10.174590110778809,3.0927846431732178,5.419508224725723,-0.024555817246437073,-0.12928266823291779,-0.0031014950945973396,128162.265625,54642.07421875,73520.1875,128162.0234375,54641.921875,73520.1015625,1.889694317469548e-06,2.788030087685911e-06,1.1688966878864449e-06,0.0001889694317469548,10.811793029308319,5.516672759056092,0.8612619638442993,5.516672759056092,3.0927846431732178,849.1204037666321,849.1204037666321,greedy,3.0927846431732178,0.0,heuristic_recall_pool
279,N55802,observe,-0.24543116986751556,-4.154348536729813,-0.24543116986751556,3.0926835536956787,5.454967421293258,0.030926835536956788,0.012788418680429459,10.174528121948242,3.0926835536956787,5.419470679163933,-0.024555422365665436,-0.12928450107574463,-0.003101503010839224,128162.0078125,54641.90625,73520.1015625,128161.828125,54641.7578125,73520.0703125,1.4020340586284874e-06,2.716550625336822e-06,4.250538268024684e-07,0.00014020340586284874,10.811669439077377,5.516644947528839,0.8612606823444366,5.516644947528839,3.0926835536956787,852.2130873203278,852.2130873203278,greedy,3.0926835536956787,0.0,heuristic_recall_pool
280,N55808,observe,-0.2454395741224289,-4.154421502351761,-0.2454395741224289,3.093038320541382,5.454811066389084,0.030930383205413817,0.0127994604408741,10.175176620483398,3.093038320541382,5.419329959750176,-0.024556905031204224,-0.12928475439548492,-0.0031012468971312046,128161.828125,54641.765625,73520.0625,128162.15625,54641.91796875,73520.234375,-2.5602396362955915e-06,-2.7880457764695166e-06,-2.3377972411253722e-06,-0.00025602396362955915,10.812524437904358,5.516540710926055,0.8613632321357727,5.516540710926055,3.093038320541382,855.3061256408691,855.3061256408691,greedy,3.093038320541382,0.0,heuristic_recall_pool
281,N55915,observe,-0.24543361365795135,-4.154309780001641,-0.24543361365795135,3.0928213596343994,5.455050471425057,0.030928213596343995,0.01279265433549881,10.174897193908691,3.0928213596343994,5.419545424282551,-0.02455715835094452,-0.12928855419158936,-0.0031013116240501404,128162.171875,54641.9375,73520.234375,128161.8359375,54641.765625,73520.0703125,2.621190787976957e-06,3.1454778763873037e-06,2.2315284695650917e-06,0.0002621190787976957,10.812002718448639,5.516700314283371,0.8612138032913208,5.516700314283371,3.0928213596343994,858.3989470005035,858.3989470005035,greedy,3.0928213596343994,0.0,heuristic_recall_pool
282,N55967,observe,-0.2454296201467514,-4.15430496096611,-0.2454296201467514,3.0927135944366455,5.455060797929764,0.030927135944366455,0.012791141867637634,10.174824714660645,3.0927135944366455,5.419554718136787,-0.02455674111843109,-0.12929056584835052,-0.003101327922195196,128161.8125,54641.76171875,73520.0546875,128161.6953125,54641.6640625,73520.03125,9.143714123638347e-07,1.7872090438686428e-06,3.187905690538173e-07,9.143714123638347e-05,10.811864197254181,5.516707198619843,0.8612104654312134,5.516707198619843,3.0927135944366455,861.4916605949402,861.4916605949402,greedy,3.0927135944366455,0.0,heuristic_recall_pool
283,N55659,observe,-0.24542604386806488,-4.154330954551697,-0.24542604386806488,3.092650890350342,5.455005097389222,0.030926508903503416,0.012791760265827179,10.174851417541504,3.092650890350342,5.419504587650299,-0.024556413292884827,-0.12929236888885498,-0.0031013297848403454,128161.625,54641.54296875,73520.0859375,128161.5390625,54641.4609375,73520.078125,6.705400323880895e-07,1.5012616358944797e-06,1.0626347801689917e-07,6.705400323880895e-05,10.811860978603363,5.5166700649261475,0.8612342476844788,5.5166700649261475,3.092650890350342,864.5843114852905,864.5843114852905,greedy,3.092650890350342,0.0,heuristic_recall_pool
284,N55662,observe,-0.2454223483800888,-4.15432421207428,-0.2454223483800888,3.0925965309143066,5.455019545555115,0.030925965309143065,0.012791812419891357,10.174884796142578,3.0925965309143066,5.419517590999604,-0.024556197226047516,-0.12929409742355347,-0.0031013265252113342,128161.5703125,54641.5,73520.0703125,128161.5,54641.453125,73520.046875,5.486239160745754e-07,8.578644496992638e-07,3.1879051221039845e-07,5.486239160745754e-05,10.811861604452133,5.516679697036743,0.8612506091594696,5.516679697036743,3.0925965309143066,867.6769080162048,867.6769080162048,greedy,3.0925965309143066,0.0,heuristic_recall_pool
285,N55677,observe,-0.24541930854320526,-4.154320356845856,-0.24541930854320526,3.0925629138946533,5.45502780675888,0.030925629138946534,0.01279231533408165,10.174936294555664,3.0925629138946533,5.419525026082993,-0.02455615997314453,-0.1292954832315445,-0.0031013009138405323,128161.5546875,54641.5078125,73520.046875,128161.4140625,54641.421875,73519.9921875,1.0972479458359885e-06,1.5727512163721258e-06,7.438447369167989e-07,0.00010972479458359885,10.811883211135864,5.5166852045059205,0.8612588047981262,5.5166852045059205,3.0925629138946533,870.7694709300995,870.7694709300995,greedy,3.0925629138946533,0.0,heuristic_recall_pool
286,N55683,observe,-0.24541597068309784,-4.154315325021744,-0.24541597068309784,3.092529296875,5.455038589239121,0.03092529296875,0.012792665511369705,10.174979209899902,3.092529296875,5.419534730315208,-0.024556197226047516,-0.12929707765579224,-0.003101283684372902,128161.390625,54641.41015625,73519.984375,128161.34375,54641.36328125,73519.9765625,3.657497700260137e-07,8.578658707847353e-07,1.0626362723087368e-07,3.657497700260137e-05,10.81188878417015,5.51669239282608,0.861257404088974,5.51669239282608,3.092529296875,873.8620002269745,873.8620002269745,greedy,3.092529296875,0.0,heuristic_recall_pool
287,N55104,observe,-0.24541227519512177,-4.154311056733132,-0.24541227519512177,3.0924789905548096,5.455047735571861,0.030924789905548096,0.012792114168405533,10.174989700317383,3.0924789905548096,5.419542962014675,-0.024556264281272888,-0.1292988806962967,-0.003101292997598648,128161.3515625,54641.3984375,73519.953125,128161.3125,54641.37890625,73519.9296875,3.0479156976070954e-07,3.5744417914429505e-07,3.1879099537945876e-07,3.0479156976070954e-05,10.811842262744904,5.51669849038124,0.8612407445907593,5.51669849038124,3.0924789905548096,876.9544792175293,876.9544792175293,greedy,3.0924789905548096,0.0,heuristic_recall_pool
288,N55105,observe,-0.24540875852108002,-4.154306646585464,-0.24540875852108002,3.0924394130706787,5.455057185888291,0.030924394130706787,0.012791913002729416,10.175010681152344,3.0924394130706787,5.419551467299462,-0.02455628663301468,-0.1293005496263504,-0.0031012939289212227,128161.296875,54641.36328125,73519.9296875,128161.25,54641.328125,73519.921875,3.65750054243108e-07,6.433999146793212e-07,1.0626370539057461e-07,3.65750054243108e-05,10.811821430921555,5.516704790592193,0.8612338602542877,5.516704790592193,3.0924394130706787,880.0469186306,880.0469186306,greedy,3.0924394130706787,0.0,heuristic_recall_pool
289,N55699,observe,-0.24545060098171234,-4.154326615333558,-0.24545060098171234,3.0938079357147217,5.455014395713806,0.03093807935714722,0.012842752039432526,10.17780590057373,3.0938079357147217,5.419512956142426,-0.02455686777830124,-0.12929494678974152,-0.003100235015153885,128161.25,54641.28125,73519.96875,128162.0703125,54641.578125,73520.4921875,-6.400628080882598e-06,-5.433163096313365e-06,-7.119664132915204e-06,-0.0006400628080882598,10.815927058458328,5.516676263809204,0.8622166812419891,5.516676263809204,3.0938079357147217,883.1407265663147,883.1407265663147,greedy,3.0938079357147217,0.0,heuristic_recall_pool
290,N51188,observe,-0.24543873965740204,-4.154234039783478,-0.24543873965740204,3.0932228565216064,5.455212771892548,0.030932228565216064,0.012818455696105957,10.176623344421387,3.0932228565216064,5.419691494703293,-0.02456078678369522,-0.1293073147535324,-0.0031005144119262695,128161.953125,54641.51171875,73520.4375,128161.4296875,54641.4765625,73519.953125,4.084187821717933e-06,6.433982093767554e-07,6.588304131582845e-06,0.0004084187821717933,10.813767522573471,5.516808514595031,0.8613828718662262,5.516808514595031,3.0932228565216064,886.2339494228363,886.2339494228363,greedy,3.0932228565216064,0.0,heuristic_recall_pool
291,N55791,observe,-0.24550680816173553,-4.154224531054497,-0.24550680816173553,3.0952887535095215,5.455233147740365,0.030952887535095217,0.012896604835987091,10.180818557739258,3.0952887535095215,5.419709832966328,-0.024560168385505676,-0.12929821014404297,-0.003098796121776104,128161.6015625,54641.6015625,73520.0,128162.8125,54641.96484375,73520.8515625,-9.448520359001122e-06,-6.648437192779966e-06,-1.158273244072916e-05,-0.0009448520359001122,10.820090472698212,5.516822098493576,0.8630099892616272,5.516822098493576,3.0952887535095215,889.3292381763458,889.3292381763458,greedy,3.0952887535095215,0.0,heuristic_recall_pool
292,N51196,observe,-0.2454863041639328,-4.154137971997261,-0.2454863041639328,3.0942394733428955,5.455418631434441,0.030942394733428955,0.012853432446718216,10.178559303283691,3.0942394733428955,5.4198767682909965,-0.02456650882959366,-0.12931808829307556,-0.0030993958935141563,128162.65625,54641.84375,73520.8125,128161.953125,54641.84375,73520.109375,5.486192549142288e-06,0.0,9.56361873249989e-06,0.0005486192549142288,10.816147893667221,5.516945754289626,0.8615488111972809,5.516945754289626,3.0942394733428955,892.4234776496887,892.4234776496887,greedy,3.0942394733428955,0.0,heuristic_recall_pool
293,N55803,observe,-0.24553845822811127,-4.15415921330452,-0.24553845822811127,3.095778226852417,5.4553731143474575,0.03095778226852417,0.012911736965179443,10.181529998779297,3.095778226852417,5.419835802912712,-0.02456583082675934,-0.12931178510189056,-0.0030980980955064297,128162.09375,54641.953125,73520.140625,128163.15625,54642.30859375,73520.84375,-8.290282494272105e-06,-6.505418241431471e-06,-9.56370604399126e-06,-0.0008290282494272105,10.82072514295578,5.516915409564972,0.8627439737319946,5.516915409564972,3.095778226852417,895.5192558765411,895.5192558765411,greedy,3.095778226852417,0.0,heuristic_recall_pool
294,N55976,observe,-0.24551664292812347,-4.15407347202301,-0.24551664292812347,3.0947515964508057,5.455556845664978,0.030947515964508055,0.01287170872092247,10.179303169250488,3.0947515964508057,5.42000116109848,-0.02457038313150406,-0.12932825088500977,-0.0030987528152763844,128163.0546875,54642.2734375,73520.78125,128162.421875,54642.25,73520.171875,4.9375580601918045e-06,4.289261426038138e-07,8.288472599815577e-06,0.0004937558060191805,10.817016452550888,5.517037897109986,0.8614753782749176,5.517037897109986,3.0947515964508057,898.614007472992,898.614007472992,greedy,3.0947515964508057,0.0,heuristic_recall_pool
295,N51197,observe,-0.24550484120845795,-4.154096807837487,-0.24550484120845795,3.0943210124969482,5.455506840348243,0.03094321012496948,0.012859348207712173,10.178339004516602,3.0943210124969482,5.419956156313419,-0.024569235742092133,-0.12933094799518585,-0.0030989916995167732,128162.359375,54642.14453125,73520.21875,128162.1171875,54641.984375,73520.1328125,1.8896928395406576e-06,2.9310022000572644e-06,1.1688961194522562e-06,0.00018896928395406576,10.815736442804337,5.517004560232162,0.8612414300441742,5.517004560232162,3.0943210124969482,901.7083284854889,901.7083284854889,greedy,3.0943210124969482,0.0,heuristic_recall_pool
296,N55960,observe,-0.24549396336078644,-4.154120314717293,-0.24549396336078644,3.094022512435913,5.455456468462945,0.030940225124359132,0.012852460145950317,10.177751541137695,3.094022512435913,5.41991082161665,-0.02456795424222946,-0.1293312907218933,-0.003099247347563505,128162.15625,54642.078125,73520.078125,128161.9375,54641.88671875,73520.046875,1.7068221040972276e-06,3.50290952155774e-06,4.2505396891101555e-07,0.00017068221040972276,10.814978629350662,5.516970978975296,0.8611480891704559,5.516970978975296,3.094022512435913,904.8023509979248,904.8023509979248,greedy,3.094022512435913,0.0,heuristic_recall_pool
297,N51200,observe,-0.2454848736524582,-4.15416605591774,-0.2454848736524582,3.093794584274292,5.455358451604843,0.03093794584274292,0.012846820056438446,10.177345275878906,3.093794584274292,5.419822606444359,-0.0245668888092041,-0.1293310672044754,-0.0030994396656751633,128161.8828125,54641.8046875,73520.078125,128161.65625,54641.60546875,73520.046875,1.7677838286545011e-06,3.645903461801936e-06,4.2505396891101555e-07,0.0001767783828654501,10.814450979232788,5.516905634403229,0.8610960841178894,5.516905634403229,3.093794584274292,907.8961455821991,907.8961455821991,greedy,3.093794584274292,0.0,heuristic_recall_pool
298,N26607,observe,-0.2454771250486374,-4.154180700778961,-0.2454771250486374,3.0936543941497803,5.4553270697593685,0.030936543941497804,0.012846015393733978,10.177207946777344,3.0936543941497803,5.419794362783432,-0.024566054344177246,-0.12933070957660675,-0.003099649678915739,128161.46875,54641.36328125,73520.109375,128161.359375,54641.28125,73520.078125,8.534155995221226e-07,1.5012665244285017e-06,4.2505376995904953e-07,8.534155995221226e-05,10.8142569065094,5.516884713172913,0.8611101508140564,5.516884713172913,3.0936543941497803,910.9897999763489,910.9897999763489,greedy,3.0936543941497803,0.0,heuristic_recall_pool
299,N55720,observe,-0.2454690784215927,-4.1541855490207675,-0.2454690784215927,3.093520402908325,5.455316680669785,0.03093520402908325,0.012842342257499695,10.177034378051758,3.093520402908325,5.419785012602806,-0.024565555155277252,-0.1293305903673172,-0.0030998019501566887,128161.5078125,54641.515625,73519.9921875,128161.421875,54641.4375,73519.984375,6.705406576656969e-07,1.4297736470325617e-06,1.0626361302001897e-07,6.705406576656969e-05,10.813999265432358,5.51687778711319,0.8610831797122955,5.51687778711319,3.093520402908325,914.0833203792572,914.0833203792572,greedy,3.093520402908325,0.0,heuristic_recall_pool
300,N55725,observe,-0.2454610913991928,-4.154188382029534,-0.2454610913991928,3.09338116645813,5.455310609936714,0.0309338116645813,0.012838833034038544,10.176872253417969,3.09338116645813,5.419779548943042,-0.02456512302160263,-0.12933076918125153,-0.0030999574810266495,128161.421875,54641.43359375,73519.984375,128161.203125,54641.2890625,73519.9140625,1.7068318811652716e-06,2.6450852601556107e-06,9.563726734995726e-07,0.00017068318811652716,10.813741117715836,5.516873739957809,0.8610510528087616,5.516873739957809,3.09338116645813,917.1767015457153,917.1767015457153,greedy,3.09338116645813,0.0,heuristic_recall_pool
301,N55730,observe,-0.24545328319072723,-4.154196142554284,-0.24545328319072723,3.0932536125183105,5.455293980240821,0.030932536125183107,0.012835696339607239,10.176750183105469,3.0932536125183105,5.4197645822167395,-0.024564780294895172,-0.12933115661144257,-0.0031000999733805656,128161.1875,54641.28515625,73519.90625,128161.09375,54641.203125,73519.890625,7.315007337638235e-07,1.5012686844784184e-06,2.125274676245681e-07,7.315007337638235e-05,10.813525766134262,5.516862653493881,0.8610229194164276,5.516862653493881,3.0932536125183105,920.2699551582336,920.2699551582336,greedy,3.0932536125183105,0.0,heuristic_recall_pool
302,N55735,observe,-0.24544666707515717,-4.154230822920799,-0.24544666707515717,3.0931456089019775,5.455219665169716,0.030931456089019774,0.01283363625407219,10.176673889160156,3.0931456089019775,5.419697698652745,-0.024564534425735474,-0.1293317973613739,-0.003100229427218437,128161.09375,54641.203125,73519.890625,128160.90625,54641.046875,73519.859375,1.4630024907091865e-06,2.8595636649697553e-06,4.250550489359739e-07,0.00014630024907091865,10.813366055488586,5.5168131101131435,0.8610014319419861,5.5168131101131435,3.0931456089019775,923.3631007671356,923.3631007671356,greedy,3.0931456089019775,0.0,heuristic_recall_pool
303,N55740,observe,-0.24544011056423187,-4.154262144565583,-0.24544011056423187,3.093055009841919,5.455152547359467,0.03093055009841919,0.012831881642341614,10.176640510559082,3.093055009841919,5.41963729262352,-0.024564437568187714,-0.12933267652988434,-0.003100339323282242,128160.8984375,54641.0390625,73519.859375,128160.7890625,54640.9609375,73519.828125,8.534194080311863e-07,1.429786152584711e-06,4.250552194662305e-07,8.534194080311863e-05,10.81325176358223,5.516768364906311,0.8609801232814789,5.516768364906311,3.093055009841919,926.4561557769775,926.4561557769775,greedy,3.093055009841919,0.0,heuristic_recall_pool
304,N55745,observe,-0.24543456733226776,-4.154287111759186,-0.24543456733226776,3.092982053756714,5.455099046230316,0.03092982053756714,0.012830901890993118,10.176647186279297,3.092982053756714,5.419589141607285,-0.024564415216445923,-0.12933363020420074,-0.0031004250049591064,128160.78125,54640.953125,73519.828125,128160.609375,54640.81640625,73519.7890625,1.3410889323495212e-06,2.5021297460625647e-06,5.313192446010362e-07,0.00013410889323495212,10.813187718391418,5.5167326974868764,0.8609657883644104,5.5167326974868764,3.092982053756714,929.5491378307343,929.5491378307343,greedy,3.092982053756714,0.0,heuristic_recall_pool
305,N55750,observe,-0.24542973935604095,-4.154302816390992,-0.24542973935604095,3.092923879623413,5.455065393447875,0.030929238796234132,0.012829825282096863,10.176691055297852,3.092923879623413,5.419558854103088,-0.024564310908317566,-0.12933441996574402,-0.0031004780903458595,128160.6015625,54640.796875,73519.8046875,128160.4609375,54640.6953125,73519.765625,1.0972561312883045e-06,1.8587302292871755e-06,5.313194151312928e-07,0.00010972561312883045,10.813183844089508,5.5167102622985835,0.8609726428985596,5.5167102622985835,3.092923879623413,932.6420617103577,932.6420617103577,greedy,3.092923879623413,0.0,heuristic_recall_pool
306,N55755,observe,-0.24542520940303802,-4.15431875884533,-0.24542520940303802,3.0928757190704346,5.455031231045723,0.030928757190704346,0.012829408049583435,10.176746368408203,3.0928757190704346,5.419528107941151,-0.024564281105995178,-0.1293352097272873,-0.0031005055643618107,128160.46875,54640.69921875,73519.765625,128160.3046875,54640.6171875,73519.6875,1.2801334605683223e-06,1.501284828009375e-06,1.0626393986967742e-06,0.00012801334605683223,10.81319397687912,5.516687487363814,0.8609774112701416,5.516687487363814,3.0928757190704346,935.7349374294281,935.7349374294281,greedy,3.0928757190704346,0.0,heuristic_recall_pool
307,N55760,observe,-0.24542100727558136,-4.154307618737221,-0.24542100727558136,3.092834711074829,5.4550551027059555,0.03092834711074829,0.012829028069972992,10.176813125610352,3.092834711074829,5.419549592435359,-0.024564214050769806,-0.12933595478534698,-0.003100515343248844,128160.296875,54640.61328125,73519.6875,128160.1953125,54640.5390625,73519.65625,7.924646183710138e-07,1.3583073723566486e-06,4.2505621422606055e-07,7.924646183710138e-05,10.8132264316082,5.516703401803969,0.8609905540943146,5.516703401803969,3.092834711074829,938.8277721405029,938.8277721405029,greedy,3.092834711074829,0.0,heuristic_recall_pool
308,N55765,observe,-0.24541746079921722,-4.154298560619354,-0.24541746079921722,3.092799425125122,5.455074512958527,0.03092799425125122,0.012828558683395386,10.176880836486816,3.092799425125122,5.419567061662674,-0.024564214050769806,-0.129336878657341,-0.0031005265191197395,128160.1875,54640.53125,73519.65625,128160.078125,54640.45703125,73519.625,8.534241828783706e-07,1.3583094187197275e-06,4.2505638475631713e-07,8.534241828783706e-05,10.813258856534958,5.516716341972351,0.860998660326004,5.516716341972351,3.092799425125122,941.920571565628,941.920571565628,greedy,3.092799425125122,0.0,heuristic_recall_pool
309,N55770,observe,-0.24541394412517548,-4.154302415847779,-0.24541394412517548,3.0927655696868896,5.455066251754761,0.030927655696868898,0.012828737497329712,10.176944732666016,3.0927655696868896,5.419559626579285,-0.02456437051296234,-0.12933816015720367,-0.003100542351603508,128160.078125,54640.453125,73519.625,128159.9453125,54640.34375,73519.6015625,1.036301682688645e-06,2.0017221231682925e-06,3.187924448866397e-07,0.00010363016826886451,10.813273251056671,5.516710834503174,0.8609905242919922,5.516710834503174,3.0927655696868896,945.0133371353149,945.0133371353149,greedy,3.0927655696868896,0.0,heuristic_recall_pool
310,N55775,observe,-0.24541084468364716,-4.154304401874542,-0.24541084468364716,3.0927422046661377,5.455061995983124,0.030927422046661376,0.012829039245843887,10.177021026611328,3.0927422046661377,5.419555796384811,-0.024564556777477264,-0.1293395459651947,-0.0031005647033452988,128159.921875,54640.328125,73519.59375,128159.796875,54640.2265625,73519.5703125,9.753439371706918e-07,1.8587461454444565e-06,3.1879255857347744e-07,9.753439371706918e-05,10.81330755352974,5.516707997322082,0.86098513007164,5.516707997322082,3.0927422046661377,948.1060793399811,948.1060793399811,greedy,3.0927422046661377,0.0,heuristic_recall_pool
311,N55780,observe,-0.24546699225902557,-4.154247933626175,-0.24546699225902557,3.0944812297821045,5.455182999372482,0.030944812297821044,0.012896180152893066,10.180785179138184,3.0944812297821045,5.419664699435234,-0.0245634987950325,-0.12933123111724854,-0.003099123015999794,128159.8203125,54640.2578125,73519.5625,128160.4921875,54640.3359375,73520.15625,-5.242477527644951e-06,-1.429806616215501e-06,-8.076081940089352e-06,-0.0005242477527644951,10.818916529417038,5.5167886662483205,0.8624667227268219,5.5167886662483205,3.0944812297821045,951.2005605697632,951.2005605697632,greedy,3.0944812297821045,0.0,heuristic_recall_pool
312,N55787,observe,-0.24549882113933563,-4.154191794991493,-0.24549882113933563,3.095172882080078,5.4553032964468,0.030951728820800783,0.012918457388877869,10.182198524475098,3.095172882080078,5.41977296680212,-0.024568788707256317,-0.1293395757675171,-0.0030984189361333847,128160.4921875,54640.3359375,73520.15625,128160.6875,54640.59765625,73520.09375,-1.5239680806189426e-06,-4.78984520668746e-06,8.501070283273293e-07,-0.00015239680806189426,10.820492535829544,5.516868864297866,0.8624639809131622,5.516868864297866,3.095172882080078,954.2957334518433,954.2957334518433,greedy,3.095172882080078,0.0,heuristic_recall_pool
313,N55667,observe,-0.24548481404781342,-4.154173887372018,-0.24548481404781342,3.094463348388672,5.4553416699171065,0.030944633483886718,0.012888867408037186,10.180590629577637,3.094463348388672,5.419807502925396,-0.024573437869548798,-0.12935401499271393,-0.0030988017097115517,128160.734375,54640.6015625,73520.1328125,128160.4609375,54640.7578125,73519.703125,2.1335513338271994e-06,-2.859595269910642e-06,5.844487532158382e-06,0.00021335513338271994,10.817710191011429,5.5168944466114045,0.8614197075366974,5.5168944466114045,3.094463348388672,957.3901968002319,957.3901968002319,greedy,3.094463348388672,0.0,heuristic_recall_pool
314,N54756,observe,-0.2454759031534195,-4.154176236391068,-0.2454759031534195,3.0941035747528076,5.455336636304856,0.030941035747528076,0.012876499444246292,10.179757118225098,3.0941035747528076,5.41980297267437,-0.02457296848297119,-0.1293575018644333,-0.003098907880485058,128160.34375,54640.703125,73519.640625,128160.140625,54640.5859375,73519.5546875,1.584928668307839e-06,2.1446924165502423e-06,1.1689053280861117e-06,0.0001584928668307839,10.816563844680786,5.516891090869904,0.8611683249473572,5.516891090869904,3.0941035747528076,960.4843003749847,960.4843003749847,greedy,3.0941035747528076,0.0,heuristic_recall_pool
315,N53017,observe,-0.2454688996076584,-4.1541975694894795,-0.2454688996076584,3.0938751697540283,5.455290922522544,0.030938751697540283,0.012870214879512787,10.179282188415527,3.0938751697540283,5.41976183027029,-0.02457212656736374,-0.12935824692249298,-0.003099009394645691,128160.1328125,54640.578125,73519.5546875,128159.90625,54640.40625,73519.5,1.767807930264098e-06,3.145556092931656e-06,7.438497391376586e-07,0.0001767807930264098,10.815944701433182,5.5168606150150294,0.861076682806015,5.5168606150150294,3.0938751697540283,963.5781755447388,963.5781755447388,greedy,3.0938751697540283,0.0,heuristic_recall_pool
316,N54754,observe,-0.245462104678154,-4.154212573170662,-0.245462104678154,3.093702554702759,5.455258771777153,0.030937025547027586,0.01286560669541359,10.178974151611328,3.093702554702759,5.419732894599438,-0.024571441113948822,-0.129358172416687,-0.0030991239473223686,128159.90625,54640.40625,73519.5,128159.6953125,54640.2109375,73519.484375,1.6458930076623801e-06,3.5745067634707084e-06,2.1252864712550945e-07,0.000164589300766238,10.815532594919205,5.516839181184768,0.8610250651836395,5.516839181184768,3.093702554702759,966.6718780994415,966.6718780994415,greedy,3.093702554702759,0.0,heuristic_recall_pool
317,N53021,observe,-0.24545566737651825,-4.154219741225242,-0.24545566737651825,3.0935652256011963,5.455243411660194,0.030935652256011963,0.012861944735050201,10.178770065307617,3.0935652256011963,5.419719070494175,-0.024570830166339874,-0.12935781478881836,-0.003099227324128151,128159.671875,54640.19921875,73519.4765625,128159.484375,54640.03515625,73519.453125,1.4630187479269807e-06,3.002596940859803e-06,3.187930701642472e-07,0.00014630187479269807,10.815252274274826,5.516828941106796,0.8610008060932159,5.516828941106796,3.0935652256011963,969.7654433250427,969.7654433250427,greedy,3.0935652256011963,0.0,heuristic_recall_pool
318,N52737,observe,-0.2454494684934616,-4.1542293459177015,-0.2454494684934616,3.0934534072875977,5.4552228301763535,0.030934534072875976,0.012859150767326355,10.17863655090332,3.0934534072875977,5.419700547158718,-0.024570338428020477,-0.1293574571609497,-0.0030993055552244186,128159.4921875,54640.03125,73519.4609375,128159.296875,54639.86328125,73519.4296875,1.5239800177369034e-06,3.0740968668396818e-06,4.2505752162469435e-07,0.00015239800177369034,10.81505611538887,5.516815220117568,0.8609886467456818,5.516815220117568,3.0934534072875977,972.8588967323303,972.8588967323303,greedy,3.0934534072875977,0.0,heuristic_recall_pool
319,N52741,observe,-0.24544386565685272,-4.1542364180088045,-0.24544386565685272,3.0933616161346436,5.455207675695419,0.030933616161346437,0.012856550514698029,10.178552627563477,3.0933616161346436,5.419686908125878,-0.024569876492023468,-0.1293570101261139,-0.0030993595719337463,128159.2890625,54639.859375,73519.4296875,128159.171875,54639.76171875,73519.40625,9.143894317276136e-07,1.7872712305688765e-06,3.187932691162132e-07,9.143894317276136e-05,10.814926594495773,5.5168051171302785,0.8609909117221832,5.5168051171302785,3.0933616161346436,975.952258348465,975.952258348465,greedy,3.0933616161346436,0.0,heuristic_recall_pool
320,N55933,observe,-0.24543826282024384,-4.154241399765015,-0.24543826282024384,3.0932793617248535,5.45519700050354,0.030932793617248534,0.012853913009166718,10.178491592407227,3.0932793617248535,5.419677300453186,-0.02456941455602646,-0.1293564736843109,-0.0030994387343525887,128159.21875,54639.83984375,73519.375,128159.1875,54639.7890625,73519.3984375,2.438373201130162e-07,9.293813718613819e-07,-3.1879352491159807e-07,2.4383732011301618e-05,10.814829498529434,5.516798000335693,0.8610012829303741,5.516798000335693,3.0932793617248535,979.0455377101898,979.0455377101898,greedy,3.0932793617248535,0.0,heuristic_recall_pool
321,N51717,observe,-0.24543370306491852,-4.154248275756836,-0.24543370306491852,3.0932114124298096,5.455182266235352,0.030932114124298096,0.012851595878601074,10.17844009399414,3.0932114124298096,5.419664039611817,-0.024569034576416016,-0.12935614585876465,-0.003099460154771805,128159.125,54639.69921875,73519.421875,128158.9375,54639.578125,73519.359375,1.4630250007030554e-06,2.2162228106026305e-06,8.501154979967396e-07,0.00014630250007030554,10.814748048782349,5.516788177490234,0.861009418964386,5.516788177490234,3.0932114124298096,982.1387491226196,982.1387491226196,greedy,3.0932114124298096,0.0,heuristic_recall_pool
322,N55940,observe,-0.24542878568172455,-4.1542536872625355,-0.24542878568172455,3.0931451320648193,5.45517067015171,0.030931451320648194,0.012849360704421997,10.178394317626953,3.0931451320648193,5.419653603136539,-0.024568721652030945,-0.12935590744018555,-0.003099522553384304,128158.984375,54639.65625,73519.328125,128158.9765625,54639.625,73519.3515625,6.095944371509177e-08,5.719289219996426e-07,-3.187937238635641e-07,6.0959443715091766e-06,10.814667284488678,5.5167804467678065,0.8610126972198486,5.5167804467678065,3.0931451320648193,985.2318942546844,985.2318942546844,greedy,3.0931451320648193,0.0,heuristic_recall_pool
323,N51721,observe,-0.24542470276355743,-4.154257830381393,-0.24542470276355743,3.0930898189544678,5.455161792039871,0.030930898189544677,0.012847349047660828,10.178354263305664,3.0930898189544678,5.419645612835884,-0.024568453431129456,-0.12935583293437958,-0.0030995430424809456,128158.90625,54639.5390625,73519.3671875,128158.84375,54639.484375,73519.359375,4.876758339378284e-07,1.0008777735492913e-06,1.0626451540929338e-07,4.876758339378284e-05,10.814598739147186,5.5167745280265805,0.8610156774520874,5.5167745280265805,3.0930898189544678,988.3249840736389,988.3249840736389,greedy,3.0930898189544678,0.0,heuristic_recall_pool
324,N54758,observe,-0.24542061984539032,-4.1542619776725775,-0.24542061984539032,3.0930380821228027,5.455152904987336,0.030930380821228027,0.012845665216445923,10.178323745727539,3.0930380821228027,5.419637614488602,-0.02456825226545334,-0.129355788230896,-0.0030995667912065983,128158.828125,54639.48046875,73519.34375,128158.796875,54639.453125,73519.34375,2.4383805907746137e-07,5.004393983654154e-07,0.0,2.4383805907746137e-05,10.814536601305008,5.51676860332489,0.8610152304172516,5.51676860332489,3.0930380821228027,991.4180221557617,991.4180221557617,greedy,3.0930380821228027,0.0,heuristic_recall_pool
325,N51204,observe,-0.24541692435741425,-4.154265261292458,-0.24541692435741425,3.0929949283599854,5.455145868659019,0.030929949283599854,0.012844283133745193,10.178302764892578,3.0929949283599854,5.419631281793118,-0.024568073451519012,-0.12935587763786316,-0.003099585883319378,128158.7890625,54639.4453125,73519.34375,128158.7578125,54639.4140625,73519.34375,2.4383814434258966e-07,5.719311388929782e-07,0.0,2.4383814434258966e-05,10.814490348100662,5.516763912439346,0.8610170781612396,5.516763912439346,3.0929949283599854,994.5110170841217,994.5110170841217,greedy,3.0929949283599854,0.0,heuristic_recall_pool
326,N53023,observe,-0.2454134076833725,-4.154270226359367,-0.2454134076833725,3.0929558277130127,5.455135229229927,0.030929558277130127,0.012842986732721329,10.178287506103516,3.0929558277130127,5.419621706306934,-0.02456795424222946,-0.12935607135295868,-0.003099608700722456,128158.75,54639.40625,73519.34375,128158.640625,54639.328125,73519.3125,8.534337325727392e-07,1.4298288988356944e-06,4.250582037457207e-07,8.534337325727392e-05,10.814447909593582,5.516756819486618,0.8610154092311859,5.516756819486618,3.0929558277130127,997.6039729118347,997.6039729118347,greedy,3.0929558277130127,0.0,heuristic_recall_pool
327,N53015,observe,-0.24541012942790985,-4.1542699801921845,-0.24541012942790985,3.0929224491119385,5.455135756731034,0.030929224491119386,0.012842502444982529,10.178285598754883,3.0929224491119385,5.41962218105793,-0.02456788718700409,-0.12935641407966614,-0.003099626861512661,128158.609375,54639.31640625,73519.2890625,128158.5859375,54639.2890625,73519.296875,1.8287886405232712e-07,5.004409331377246e-07,-1.062646290961311e-07,1.8287886405232712e-05,10.814419329166412,5.516757171154022,0.8610132932662964,5.516757171154022,3.0929224491119385,1000.6968953609467,1000.6968953609467,greedy,3.0929224491119385,0.0,heuristic_recall_pool
328,N55903,observe,-0.24540667235851288,-4.154268953800202,-0.24540667235851288,3.0928924083709717,5.455137956142426,0.030928924083709716,0.01284182071685791,10.178300857543945,3.0928924083709717,5.419624160528183,-0.024567827582359314,-0.12935671210289001,-0.003099684603512287,128158.703125,54639.3984375,73519.3046875,128158.71875,54639.3984375,73519.3203125,-1.219191432255684e-07,0.0,-2.1252921555969806e-07,-1.219191432255684e-05,10.814410507678986,5.516758637428284,0.8610155582427979,5.516758637428284,3.0928924083709717,1003.7897877693176,1003.7897877693176,greedy,3.0928924083709717,0.0,heuristic_recall_pool
329,N55680,observe,-0.2454049438238144,-4.154274248480797,-0.2454049438238144,3.092906951904297,5.455126610398293,0.03092906951904297,0.012842148542404175,10.178394317626953,3.092906951904297,5.419613949358464,-0.024567894637584686,-0.1293567568063736,-0.0030997092835605145,128158.796875,54639.45703125,73519.34375,128158.8125,54639.45703125,73519.359375,-1.2191905796044011e-07,0.0,-2.1252910187286034e-07,-1.2191905796044011e-05,10.814511805772781,5.516751073598861,0.8610358536243439,5.516751073598861,3.092906951904297,1006.8826947212219,1006.8826947212219,greedy,3.092906951904297,0.0,heuristic_recall_pool
330,N54760,observe,-0.24540303647518158,-4.1542712110280995,-0.24540303647518158,3.0928776264190674,5.4551331192255015,0.030928776264190674,0.01284131407737732,10.178384780883789,3.0928776264190674,5.419619807302952,-0.024568036198616028,-0.1293576955795288,-0.003099704161286354,128158.609375,54639.28125,73519.328125,128158.53125,54639.234375,73519.296875,6.095962135077571e-07,8.578992947150255e-07,4.2505828901084897e-07,6.0959621350775706e-05,10.814458787441254,5.516755412817001,0.8610119819641113,5.516755412817001,3.0928776264190674,1009.975572347641,1009.975572347641,greedy,3.0928776264190674,0.0,heuristic_recall_pool
331,N53025,observe,-0.24540118873119354,-4.154271957874299,-0.24540118873119354,3.0928566455841064,5.45513151884079,0.030928566455841064,0.012840978801250458,10.178403854370117,3.0928566455841064,5.419618366956711,-0.024568066000938416,-0.1293582171201706,-0.003099699504673481,128158.515625,54639.2265625,73519.2890625,128158.453125,54639.18359375,73519.265625,4.876773118667188e-07,7.864084636821644e-07,3.1879389439382066e-07,4.876773118667188e-05,10.814453899860382,5.51675434589386,0.8610085248947144,5.51675434589386,3.0928566455841064,1013.0684289932251,1013.0684289932251,greedy,3.0928566455841064,0.0,heuristic_recall_pool
332,N52743,observe,-0.2453993409872055,-4.154276472330094,-0.2453993409872055,3.0928409099578857,5.455121845006943,0.030928409099578856,0.012841127812862396,10.178431510925293,3.0928409099578857,5.419609660506249,-0.024568133056163788,-0.12935861945152283,-0.003099687397480011,128158.4453125,54639.1796875,73519.265625,128158.40625,54639.15625,73519.25,3.047984762361011e-07,4.289504431653768e-07,2.1252932924653578e-07,3.0479847623610112e-05,10.8144591152668,5.516747896671294,0.8610047996044159,5.516747896671294,3.0928409099578857,1016.161269903183,1016.161269903183,greedy,3.0928409099578857,0.0,heuristic_recall_pool
333,N51201,observe,-0.24539779126644135,-4.154274457097054,-0.24539779126644135,3.0928285121917725,5.455126163363457,0.030928285121917726,0.012841042131185532,10.178470611572266,3.0928285121917725,5.419613547027112,-0.0245681032538414,-0.12935887277126312,-0.0030996669083833694,128158.40625,54639.1328125,73519.2734375,128158.34375,54639.09375,73519.25,4.876777097706508e-07,7.149180305532354e-07,3.187939512372395e-07,4.8767770977065084e-05,10.814488798379898,5.5167507755756375,0.8610144555568695,5.5167507755756375,3.0928285121917725,1019.2540984153748,1019.2540984153748,greedy,3.0928285121917725,0.0,heuristic_recall_pool
334,N52735,observe,-0.2453959435224533,-4.154276322126389,-0.2453959435224533,3.09281849861145,5.455122166872024,0.030928184986114503,0.0128411166369915,10.178496360778809,3.09281849861145,5.419609950184822,-0.0245681032538414,-0.12935924530029297,-0.0030996440909802914,128158.3203125,54639.1015625,73519.21875,128158.3046875,54639.0859375,73519.21875,1.21919512707791e-07,2.859673600141832e-07,0.0,1.21919512707791e-05,10.814504534006119,5.516748111248016,0.8610183894634247,5.516748111248016,3.09281849861145,1022.3469169139862,1022.3469169139862,greedy,3.09281849861145,0.0,heuristic_recall_pool
335,N52745,observe,-0.24539457261562347,-4.154276134371758,-0.24539457261562347,3.092808961868286,5.455122569203377,0.03092808961868286,0.012841090559959412,10.178524017333984,3.092808961868286,5.419610312283039,-0.02456805109977722,-0.12935951352119446,-0.00309962872415781,128158.328125,54639.08984375,73519.234375,128158.3046875,54639.078125,73519.2265625,1.8287926195625914e-07,2.1447557685405627e-07,1.0626470725583204e-07,1.8287926195625914e-05,10.814527869224548,5.516748379468917,0.8610281348228455,5.516748379468917,3.092808961868286,1025.4397258758545,1025.4397258758545,greedy,3.092808961868286,0.0,heuristic_recall_pool
336,N53027,observe,-0.24539314210414886,-4.154276572465896,-0.24539314210414886,3.0928003787994385,5.455121630430222,0.030928003787994384,0.012840919196605682,10.178546905517578,3.0928003787994385,5.419609467387199,-0.02456802874803543,-0.12935984134674072,-0.003099619410932064,128158.2890625,54639.0703125,73519.21875,128158.234375,54639.0625,73519.171875,4.2671840105867886e-07,1.429837652722199e-07,6.375884140652488e-07,4.2671840105867886e-05,10.814544409513474,5.516747753620147,0.8610339462757111,5.516747753620147,3.0928003787994385,1028.532526254654,1028.532526254654,greedy,3.0928003787994385,0.0,heuristic_recall_pool
337,N51205,observe,-0.24539189040660858,-4.15427730679512,-0.24539189040660858,3.0927932262420654,5.4551200568675995,0.030927932262420653,0.012841388583183289,10.178577423095703,3.0927932262420654,5.41960805118084,-0.024568043649196625,-0.12936003506183624,-0.0030996110290288925,128158.234375,54639.0390625,73519.1953125,128158.203125,54639.01953125,73519.1875,2.438391959458386e-07,3.5745961213251576e-07,1.062647640992509e-07,2.4383919594583858e-05,10.814566284418106,5.516746704578399,0.8610382974147797,5.516746704578399,3.0927932262420654,1031.625319480896,1031.625319480896,greedy,3.0927932262420654,0.0,heuristic_recall_pool
338,N51723,observe,-0.24539057910442352,-4.154276660084724,-0.24539057910442352,3.092785596847534,5.4551214426755905,0.030927855968475342,0.012841269373893738,10.178590774536133,3.092785596847534,5.419609298408031,-0.024568043649196625,-0.12936042249202728,-0.003099610097706318,128158.1875,54639.03125,73519.15625,128158.1875,54639.0234375,73519.1640625,0.0,1.429838647482029e-07,-1.0626482094266976e-07,0.0,10.814572006464005,5.516747628450393,0.8610397279262543,5.516747628450393,3.092785596847534,1034.7181050777435,1034.7181050777435,greedy,3.092785596847534,0.0,heuristic_recall_pool
339,N52747,observe,-0.24538938701152802,-4.154275045394898,-0.24538938701152802,3.0927793979644775,5.45512490272522,0.030927793979644777,0.012841202318668365,10.178606986999512,3.0927793979644775,5.419612412452698,-0.024568066000938416,-0.12936082482337952,-0.0030996128916740417,128158.171875,54639.01953125,73519.15625,128158.15625,54639.0078125,73519.1484375,1.2191965481633815e-07,2.1447584686029586e-07,1.0626482094266976e-07,1.2191965481633815e-05,10.814579784870148,5.5167499351501466,0.8610399961471558,5.5167499351501466,3.0927793979644775,1037.810884475708,1037.810884475708,greedy,3.0927793979644775,0.0,heuristic_recall_pool
340,N51715,observe,-0.24538837373256683,-4.1542771482467655,-0.24538837373256683,3.0927746295928955,5.455120396614075,0.030927746295928954,0.012841589748859406,10.17862606048584,3.0927746295928955,5.419608356952667,-0.024568162858486176,-0.1293613165616989,-0.0030996138229966164,128158.140625,54639.0,73519.140625,128158.125,54638.98828125,73519.140625,1.2191968323804758e-07,2.1447591791456944e-07,0.0,1.2191968323804758e-05,10.814584404230118,5.5167469310760495,0.8610338866710663,5.5167469310760495,3.0927746295928955,1040.903659105301,1040.903659105301,greedy,3.0927746295928955,0.0,heuristic_recall_pool
341,N51974,observe,-0.24538715183734894,-4.154275946617126,-0.24538715183734894,3.0927698612213135,5.455122971534729,0.030927698612213134,0.01284201443195343,10.178664207458496,3.0927698612213135,5.419610674381255,-0.02456820011138916,-0.1293615847826004,-0.0030996426939964294,128158.171875,54639.03125,73519.140625,128158.203125,54639.0390625,73519.1640625,-2.438393096326763e-07,-1.429838647482029e-07,-3.1879451967142813e-07,-2.438393096326763e-05,10.814614057540894,5.516748647689819,0.8610385060310364,5.516748647689819,3.0927698612213135,1043.9964289665222,1043.9964289665222,greedy,3.0927698612213135,0.0,heuristic_recall_pool
342,N51208,observe,-0.2453865259885788,-4.154277803301811,-0.2453865259885788,3.0927703380584717,5.455118992924691,0.030927703380584717,0.012842100113630295,10.178686141967773,3.0927703380584717,5.419607093632221,-0.024568289518356323,-0.12936203181743622,-0.0030996352434158325,128158.1640625,54638.9921875,73519.171875,128158.125,54638.96484375,73519.15625,3.0479915835712745e-07,5.004438889955054e-07,2.1252959925277537e-07,3.0479915835712745e-05,10.814627528190613,5.516745995283126,0.861035168170929,5.516745995283126,3.0927703380584717,1047.0891993045807,1047.0891993045807,greedy,3.0927703380584717,0.0,heuristic_recall_pool
343,N51725,observe,-0.24538616836071014,-4.154279138445855,-0.24538616836071014,3.092768907546997,5.4551161319017405,0.030927689075469972,0.012842278927564621,10.178712844848633,3.092768907546997,5.419604518711567,-0.0245683491230011,-0.12936243414878845,-0.003099626861512661,128158.109375,54638.953125,73519.15625,128158.078125,54638.9375,73519.140625,2.43839423319514e-07,2.8596815582204727e-07,2.1252964188533952e-07,2.4383942331951403e-05,10.81464684009552,5.516744087934494,0.8610355257987976,5.516744087934494,3.092768907546997,1050.1819682121277,1050.1819682121277,greedy,3.092768907546997,0.0,heuristic_recall_pool
344,N55101,observe,-0.24538524448871613,-4.154275508522987,-0.24538524448871613,3.092766523361206,5.455123910307885,0.03092766523361206,0.012842632830142975,10.178741455078125,3.092766523361206,5.419611519277096,-0.02456841617822647,-0.12936283648014069,-0.0030996231362223625,128158.0234375,54638.9296875,73519.09375,128158.03125,54638.921875,73519.109375,-6.095989846244265e-08,1.429841347544425e-07,-2.125298266264508e-07,-6.095989846244265e-06,10.814666360616684,5.516749273538589,0.8610353767871857,5.516749273538589,3.092766523361206,1053.274734735489,1053.274734735489,greedy,3.092766523361206,0.0,heuristic_recall_pool
345,N55954,observe,-0.2453843504190445,-4.154274173378944,-0.2453843504190445,3.092766523361206,5.455126771330834,0.03092766523361206,0.01284259557723999,10.178778648376465,3.092766523361206,5.419614094197749,-0.02456843852996826,-0.129363015294075,-0.0030996459536254406,128158.1328125,54639.0078125,73519.125,128158.140625,54639.0078125,73519.1328125,-6.095984872445115e-08,0.0,-1.062648635752339e-07,-6.095984872445115e-06,10.814701318740845,5.516751180887222,0.8610424399375916,5.516751180887222,3.092766523361206,1056.36750125885,1056.36750125885,greedy,3.092766523361206,0.0,heuristic_recall_pool
346,N51727,observe,-0.2453843206167221,-4.154275078773499,-0.2453843206167221,3.0927698612213135,5.4551248311996465,0.030927698612213134,0.012843072414398193,10.178808212280273,3.0927698612213135,5.419612348079681,-0.02456853538751602,-0.12936334311962128,-0.0030996249988675117,128158.0703125,54638.9140625,73519.15625,128158.03125,54638.88671875,73519.140625,3.047993857308029e-07,5.004446279599506e-07,2.1252964188533952e-07,3.047993857308029e-05,10.814724534749985,5.516749887466431,0.8610409796237946,5.516749887466431,3.0927698612213135,1059.4602711200714,1059.4602711200714,greedy,3.0927698612213135,0.0,heuristic_recall_pool
347,N55817,observe,-0.2453836351633072,-4.154274736642837,-0.2453836351633072,3.0927679538726807,5.455125564336777,0.030927679538726806,0.012843318283557892,10.17883586883545,3.0927679538726807,5.4196130079030995,-0.02456860989332199,-0.12936365604400635,-0.003099648281931877,128158.0625,54638.95703125,73519.109375,128158.078125,54638.9609375,73519.1171875,-1.2191975429232116e-07,-7.149203185008446e-08,-1.0626489199694333e-07,-1.2191975429232116e-05,10.81474283337593,5.516750376224517,0.8610399663448334,5.516750376224517,3.0927679538726807,1062.553039073944,1062.553039073944,greedy,3.0927679538726807,0.0,heuristic_recall_pool
348,N48941,observe,-0.24538369476795197,-4.154275324940682,-0.24538369476795197,3.092772960662842,5.45512430369854,0.03092772960662842,0.012843776494264603,10.17888069152832,3.092772960662842,5.419611873328686,-0.02456868439912796,-0.12936373054981232,-0.0030996520072221756,128158.140625,54638.953125,73519.1875,128158.109375,54638.9296875,73519.1796875,2.4383936647609517e-07,4.2895220531136147e-07,1.0626477831010561e-07,2.4383936647609517e-05,10.814785212278366,5.5167495357990255,0.8610449731349945,5.5167495357990255,3.092772960662842,1065.645812034607,1065.645812034607,greedy,3.092772960662842,0.0,heuristic_recall_pool
349,N55635,observe,-0.2453831285238266,-4.1542723459005355,-0.2453831285238266,3.092783212661743,5.455130687355995,0.03092783212661743,0.012844458222389221,10.178934097290039,3.092783212661743,5.4196176186203955,-0.02456868439912796,-0.12936414778232574,-0.0030996594578027725,128158.015625,54638.83203125,73519.1875,128158.046875,54638.85546875,73519.1875,-2.438395938497706e-07,-4.289531716494821e-07,0.0,-2.438395938497706e-05,10.814848870038986,5.516753791570664,0.8610608875751495,5.516753791570664,3.092783212661743,1068.7385952472687,1068.7385952472687,greedy,3.092783212661743,0.0,heuristic_recall_pool
350,N38462,observe,-0.24538306891918182,-4.154273651838302,-0.24538306891918182,3.0927889347076416,5.455127888917923,0.030927889347076416,0.012844786047935486,10.178972244262695,3.0927889347076416,5.41961510002613,-0.02456875890493393,-0.12936435639858246,-0.0030996548011898994,128158.203125,54639.02734375,73519.171875,128158.1796875,54639.015625,73519.1640625,1.8287943248651573e-07,2.1447581843858643e-07,1.0626479962638768e-07,1.8287943248651573e-05,10.814885288476944,5.5167519259452815,0.8610644042491913,5.5167519259452815,3.0927889347076416,1071.8313841819763,1071.8313841819763,greedy,3.0927889347076416,0.0,heuristic_recall_pool
351,N55917,observe,-0.245382621884346,-4.1542742276191715,-0.245382621884346,3.092789888381958,5.455126655101776,0.03092789888381958,0.012844480574131012,10.178985595703125,3.092789888381958,5.419613989591598,-0.024568818509578705,-0.1293647140264511,-0.0030996575951576233,128158.0625,54638.95703125,73519.109375,128158.0703125,54638.953125,73519.1171875,-6.095987714616058e-08,7.149203185008446e-08,-1.0626489199694333e-07,-6.095987714616058e-06,10.814893633127213,5.516751103401184,0.8610620200634003,5.516751103401184,3.092789888381958,1074.9241740703583,1074.9241740703583,greedy,3.092789888381958,0.0,heuristic_recall_pool
352,N54762,observe,-0.24538271129131317,-4.154275012016297,-0.24538271129131317,3.0927894115448,5.4551249742507935,0.030927894115448,0.012844540178775787,10.178991317749023,3.0927894115448,5.419612476825715,-0.02456890046596527,-0.12936510145664215,-0.003099622670561075,128157.984375,54638.8515625,73519.1328125,128157.9296875,54638.8125,73519.1171875,4.2671942424021836e-07,7.149216685320425e-07,2.125297129396131e-07,4.2671942424021836e-05,10.814890682697296,5.516749982833861,0.8610551357269287,5.516749982833861,3.0927894115448,1078.016963481903,1078.016963481903,greedy,3.0927894115448,0.0,heuristic_recall_pool
353,N38464,observe,-0.24538348615169525,-4.154274640679359,-0.24538348615169525,3.0928304195404053,5.455125769972801,0.030928304195404054,0.01284564658999443,10.179096221923828,3.0928304195404053,5.419613192975521,-0.024569071829319,-0.1293649524450302,-0.0030996203422546387,128158.0859375,54638.9609375,73519.125,128158.109375,54638.96875,73519.140625,-1.828796030167723e-07,-1.429840494893142e-07,-2.125297271504678e-07,-1.828796030167723e-05,10.815019458532333,5.516750513315201,0.8610744774341583,5.516750513315201,3.0928304195404053,1081.1097939014435,1081.1097939014435,greedy,3.0928304195404053,0.0,heuristic_recall_pool
354,N51209,observe,-0.24538372457027435,-4.154278429150581,-0.24538372457027435,3.0928170680999756,5.455117651820183,0.030928170680999754,0.012845557183027267,10.179086685180664,3.0928170680999756,5.4196058866381644,-0.02456928789615631,-0.12936563789844513,-0.0030995970591902733,128157.9375,54638.7890625,73519.1484375,128157.84375,54638.734375,73519.109375,7.315192647183721e-07,1.0008915296566556e-06,5.313241899784771e-07,7.315192647183721e-05,10.814974963665009,5.516745101213455,0.8610471487045288,5.516745101213455,3.0928170680999756,1084.2026109695435,1084.2026109695435,greedy,3.0928170680999756,0.0,heuristic_recall_pool
355,N60249,observe,-0.2454296201467514,-4.154240193963051,-0.2454296201467514,3.094229221343994,5.455199584364891,0.030942292213439943,0.012899801135063171,10.182058334350586,3.094229221343994,5.419679625928402,-0.0245685875415802,-0.12935836613178253,-0.003098501358181238,128157.9765625,54638.859375,73519.1171875,128158.7109375,54639.046875,73519.6640625,-5.730232260248158e-06,-3.4316235542064533e-06,-7.43854161555646e-06,-0.0005730232260248158,10.81942880153656,5.516799722909926,0.862213134765625,5.516799722909926,3.094229221343994,1087.2968401908875,1087.2968401908875,greedy,3.094229221343994,0.0,heuristic_recall_pool
356,N55916,observe,-0.24542443454265594,-4.154508566260338,-0.24542443454265594,3.0938992500305176,5.454624500870705,0.030938992500305174,0.012868858873844147,10.180747985839844,3.0938992500305176,5.419162050783634,-0.024579733610153198,-0.1293761134147644,-0.0030988119542598724,128158.625,54639.015625,73519.609375,128159.2890625,54639.875,73519.4140625,-5.181566848477814e-06,-1.5728230209788308e-05,2.6566042379272403e-06,-0.0005181566848477814,10.816673874855042,5.516416333913803,0.8606884479522705,5.516416333913803,3.0938992500305176,1090.390739440918,1090.390739440918,greedy,3.0938992500305176,0.0,heuristic_recall_pool
357,N56531,observe,-0.24542124569416046,-4.154237899184227,-0.24542124569416046,3.0937447547912598,5.455204501748085,0.030937447547912597,0.012863866984844208,10.180496215820312,3.0937447547912598,5.4196840515732765,-0.02457718551158905,-0.129373237490654,-0.00309880543500185,128159.296875,54639.80078125,73519.5,128158.7890625,54639.359375,73519.4296875,3.962354185205186e-06,8.078474820649717e-06,9.563789262756472e-07,0.0003962354185205186,10.816522419452667,5.516803001165389,0.860841691493988,5.516803001165389,3.0937447547912598,1093.4844841957092,1093.4844841957092,greedy,3.0937447547912598,0.0,heuristic_recall_pool
358,N55686,observe,-0.24542050063610077,-4.154252619147301,-0.24542050063610077,3.0936038494110107,5.455172958970071,0.030936038494110106,0.012861527502536774,10.180281639099121,3.0936038494110107,5.419655663073063,-0.024576134979724884,-0.12937261164188385,-0.0030988985672593117,128158.8828125,54639.484375,73519.3984375,128158.625,54639.30859375,73519.3125,2.011663127632346e-06,3.217110361219966e-06,1.1689091934385942e-06,0.0002011663127632346,10.816271990537643,5.516781972646713,0.8608578741550446,5.516781972646713,3.0936038494110107,1096.5780880451202,1096.5780880451202,greedy,3.0936038494110107,0.0,heuristic_recall_pool
359,N53031,observe,-0.24541930854320526,-4.154262340664864,-0.24541930854320526,3.0934975147247314,5.455152127146721,0.030934975147247315,0.012859709560871124,10.180113792419434,3.0934975147247314,5.419636914432049,-0.024575315415859222,-0.12937228381633759,-0.003098926041275263,128158.4296875,54639.15625,73519.2734375,128158.2578125,54639.0078125,73519.25,1.341113488706469e-06,2.7166872769157635e-06,3.187939512372395e-07,0.0001341113488706469,10.816079765558243,5.516768084764481,0.860871285200119,5.516768084764481,3.0934975147247314,1099.671585559845,1099.671585559845,greedy,3.0934975147247314,0.0,heuristic_recall_pool
360,N56084,observe,-0.24541734158992767,-4.154261447787285,-0.24541734158992767,3.0934159755706787,5.4551540404558185,0.030934159755706788,0.012858491390943527,10.180037498474121,3.0934159755706787,5.419638636410236,-0.024574488401412964,-0.12937146425247192,-0.003098992630839348,128158.328125,54639.01953125,73519.3125,128158.2265625,54638.9296875,73519.296875,7.9247678286265e-07,1.6443148069811286e-06,2.1252918713798863e-07,7.9247678286265e-05,10.816004633903503,5.516769360303878,0.8609145283699036,5.516769360303878,3.0934159755706787,1102.7650015354156,1102.7650015354156,greedy,3.0934159755706787,0.0,heuristic_recall_pool
361,N56089,observe,-0.2454148679971695,-4.154263884425164,-0.2454148679971695,3.0933492183685303,5.455148819088937,0.030933492183685303,0.012857835739850998,10.179971694946289,3.0933492183685303,5.419633937180042,-0.024573862552642822,-0.1293708235025406,-0.0030990485101938248,128158.21875,54638.92578125,73519.296875,128158.15625,54638.90234375,73519.25,4.87678448735096e-07,4.289524326850369e-07,6.375877319442225e-07,4.87678448735096e-05,10.815934658050537,5.516765879392624,0.8609439730644226,5.516765879392624,3.0933492183685303,1105.8583507537842,1105.8583507537842,greedy,3.0933492183685303,0.0,heuristic_recall_pool
362,N56094,observe,-0.2454124540090561,-4.1542637884616855,-0.2454124540090561,3.0932891368865967,5.45514902472496,0.030932891368865966,0.012856703251600266,10.179906845092773,3.0932891368865967,5.419634122252464,-0.024573296308517456,-0.12937027215957642,-0.003099102061241865,128158.15625,54638.90234375,73519.2578125,128158.0703125,54638.8203125,73519.25,6.705581654387061e-07,1.501334168096946e-06,1.0626467172869525e-07,6.70558165438706e-05,10.815866351127625,5.516766016483306,0.8609693646430969,5.516766016483306,3.0932891368865967,1108.9516398906708,1108.9516398906708,greedy,3.0932891368865967,0.0,heuristic_recall_pool
363,N56099,observe,-0.24540995061397552,-4.154265987277031,-0.24540995061397552,3.0932366847991943,5.455144312977791,0.030932366847991943,0.012855634093284607,10.179852485656738,3.0932366847991943,5.419629881680011,-0.024572841823101044,-0.1293698102235794,-0.003099156077951193,128158.0390625,54638.8046875,73519.234375,128158.015625,54638.80078125,73519.21875,1.8287967407104588e-07,7.149223080205047e-08,2.1252941451166407e-07,1.828796740710459e-05,10.815804988145828,5.516762875318527,0.8609881103038788,5.516762875318527,3.0932366847991943,1112.04487657547,1112.04487657547,greedy,3.0932366847991943,0.0,heuristic_recall_pool
364,N54764,observe,-0.24540792405605316,-4.154270489215851,-0.24540792405605316,3.0931808948516846,5.4551346659660345,0.030931808948516847,0.01285368949174881,10.179746627807617,3.0931808948516846,5.4196211993694305,-0.024572506546974182,-0.12936952710151672,-0.0030991649255156517,128157.9609375,54638.7890625,73519.171875,128157.890625,54638.73828125,73519.15625,5.486393206410867e-07,9.293992775383231e-07,2.1252959925277537e-07,5.486393206410867e-05,10.815676867961884,5.516756443977356,0.8609812259674072,5.516756443977356,3.0931808948516846,1115.1380574703217,1115.1380574703217,greedy,3.0931808948516846,0.0,heuristic_recall_pool
365,N51212,observe,-0.2454056590795517,-4.154273000955582,-0.2454056590795517,3.0931291580200195,5.4551292836666105,0.030931291580200197,0.01285223662853241,10.17966365814209,3.0931291580200195,5.41961635529995,-0.024572178721427917,-0.12936922907829285,-0.003099178895354271,128157.890625,54638.73046875,73519.15625,128157.8359375,54638.6875,73519.1484375,4.267197368790221e-07,7.864156259529409e-07,1.0626482094266976e-07,4.267197368790221e-05,10.815574944019318,5.5167528557777405,0.8609803318977356,5.5167528557777405,3.0931291580200195,1118.2311866283417,1118.2311866283417,greedy,3.0931291580200195,0.0,heuristic_recall_pool
366,N56151,observe,-0.24540378153324127,0.6340146899223327,-0.24540378153324127,3.093107223510742,6.2930738657712935,0.030931072235107424,0.0128525011241436,10.179682731628418,3.093107223510742,6.173766479194164,-0.024571828544139862,-0.12936866283416748,-0.003099233377724886,128157.796875,54638.60546875,73519.1875,128157.75,54638.578125,73519.171875,3.657600302631181e-07,5.004474132874748e-07,2.1252955662021122e-07,3.657600302631181e-05,10.815607100725174,6.282875170707703,0.8610146343708038,6.282875170707703,3.093107223510742,1121.3242938518524,1121.3242938518524,greedy,3.093107223510742,0.0,heuristic_recall_pool
367,N56158,observe,-0.24540190398693085,-4.154270760416985,-0.24540190398693085,3.093081474304199,5.455134084820747,0.030930814743041993,0.012852318584918976,10.179673194885254,3.093081474304199,5.419620676338672,-0.02457154542207718,-0.1293683797121048,-0.0030992738902568817,128157.8046875,54638.625,73519.1796875,128157.796875,54638.6171875,73519.1796875,6.096000504385302e-08,1.4298493056230654e-07,0.0,6.096000504385302e-06,10.815600126981735,5.516756056547165,0.8610341250896454,5.516756056547165,3.093081474304199,1124.4173753261566,1124.4173753261566,greedy,3.093081474304199,0.0,heuristic_recall_pool
368,N56165,observe,-0.2454005926847458,-4.154270910620689,-0.2454005926847458,3.0930588245391846,5.455133762955666,0.030930588245391844,0.012852154672145844,10.17966079711914,3.0930588245391846,5.4196203866601,-0.024571314454078674,-0.1293681263923645,-0.0030993083491921425,128157.796875,54638.6171875,73519.1796875,128157.7734375,54638.6015625,73519.171875,1.8288001513155905e-07,2.859698895463225e-07,1.0626478541553297e-07,1.8288001513155905e-05,10.815588176250458,5.516755841970443,0.8610484600067139,5.516755841970443,3.0930588245391846,1127.5104341506958,1127.5104341506958,greedy,3.0930588245391846,0.0,heuristic_recall_pool
369,N56172,observe,-0.24539922177791595,-4.154272304177285,-0.24539922177791595,3.0930368900299072,5.455130776762963,0.03093036890029907,0.012851804494857788,10.179645538330078,3.0930368900299072,5.4196176990866665,-0.02457112818956375,-0.1293678730726242,-0.0030993404798209667,128157.7734375,54638.6015625,73519.171875,128157.7734375,54638.6015625,73519.171875,0.0,0.0,0.0,0.0,10.81556960940361,5.5167538511753085,0.8610577881336212,5.5167538511753085,3.0930368900299072,1130.6034710407257,1130.6034710407257,greedy,3.0930368900299072,0.0,heuristic_recall_pool
370,N56179,observe,-0.24539779126644135,-4.154271448850632,-0.24539779126644135,3.093017339706421,5.455132609605789,0.03093017339706421,0.012851331382989883,10.179630279541016,3.093017339706421,5.41961934864521,-0.024570904672145844,-0.1293676644563675,-0.003099366556853056,128157.7734375,54638.6015625,73519.171875,128157.765625,54638.6015625,73519.1640625,6.096001925470773e-08,0.0,1.0626479962638768e-07,6.096001925470773e-06,10.815557152032852,5.516755073070526,0.8610714375972748,5.516755073070526,3.093017339706421,1133.6964883804321,1133.6964883804321,greedy,3.093017339706421,0.0,heuristic_recall_pool
371,N52751,observe,-0.24539630115032196,-4.154275788068771,-0.24539630115032196,3.092984914779663,5.455123311281204,0.03092984914779663,0.01284978911280632,10.179550170898438,3.092984914779663,5.419610980153084,-0.024570800364017487,-0.1293676793575287,-0.003099351190030575,128157.7109375,54638.6171875,73519.09375,128157.671875,54638.578125,73519.09375,3.048002383820858e-07,7.14924738076661e-07,0.0,3.048002383820858e-05,10.815455049276352,5.51674887418747,0.8610537350177765,5.51674887418747,3.092984914779663,1136.7894732952118,1136.7894732952118,greedy,3.092984914779663,0.0,heuristic_recall_pool
372,N56104,observe,-0.24539457261562347,-4.15427327632904,-0.24539457261562347,3.0929627418518066,5.455128693580628,0.030929627418518065,0.012849532067775726,10.179545402526855,3.0929627418518066,5.419615824222565,-0.024570561945438385,-0.12936730682849884,-0.0030993977561593056,128157.734375,54638.6015625,73519.1328125,128157.7578125,54638.6171875,73519.140625,-1.8288010039668734e-07,-2.859699748114508e-07,-1.0626485646980655e-07,-1.8288010039668734e-05,10.815451949834824,5.5167524623870845,0.861070841550827,5.5167524623870845,3.0929627418518066,1139.8824360370636,1139.8824360370636,greedy,3.0929627418518066,0.0,heuristic_recall_pool
373,N51731,observe,-0.2453933209180832,-4.154277114868164,-0.2453933209180832,3.09294056892395,5.455120468139648,0.030929405689239502,0.01284845545887947,10.179489135742188,3.09294056892395,5.419608421325684,-0.024570457637310028,-0.12936723232269287,-0.003099384717643261,128157.6796875,54638.5859375,73519.09375,128157.640625,54638.5546875,73519.0859375,3.0480029522550467e-07,5.719401201531582e-07,1.062649133132254e-07,3.0480029522550467e-05,10.815383940935135,5.516746978759765,0.8610616624355316,5.516746978759765,3.09294056892395,1142.9753766059875,1142.9753766059875,greedy,3.09294056892395,0.0,heuristic_recall_pool
374,N53029,observe,-0.24539212882518768,-4.154276889562607,-0.24539212882518768,3.0929176807403564,5.455120950937271,0.030929176807403563,0.012847743928432465,10.179447174072266,3.0929176807403564,5.419608855843545,-0.02457033097743988,-0.12936706840991974,-0.003099381923675537,128157.6328125,54638.5546875,73519.078125,128157.609375,54638.53125,73519.078125,1.828802567160892e-07,4.289553316993988e-07,0.0,1.828802567160892e-05,10.815331757068634,5.516747300624846,0.8610581159591675,5.516747300624846,3.0929176807403564,1146.068294286728,1146.068294286728,greedy,3.0929176807403564,0.0,heuristic_recall_pool
375,N28755,observe,-0.2453916221857071,-4.154274586439133,-0.2453916221857071,3.0929436683654785,5.455125886201859,0.030929436683654787,0.012851044535636902,10.179550170898438,3.0929436683654785,5.419613297581673,-0.02457013726234436,-0.12936730682849884,-0.0030994294211268425,128157.2734375,54638.15625,73519.1171875,128157.375,54638.25390625,73519.125,-7.92483319855819e-07,-1.78732693711936e-06,-1.0626487778608862e-07,-7.92483319855819e-05,10.81548011302948,5.516750590801239,0.861109733581543,5.516750590801239,3.0929436683654785,1149.1612379550934,1149.1612379550934,greedy,3.0929436683654785,0.0,heuristic_recall_pool
376,N52749,observe,-0.24539075791835785,-4.154278575181961,-0.24539075791835785,3.09291934967041,5.455117338895797,0.030929193496704102,0.012849293649196625,10.179489135742188,3.09291934967041,5.419605605006218,-0.024570144712924957,-0.12936724722385406,-0.003099406138062477,128157.6953125,54638.6171875,73519.078125,128157.6328125,54638.5859375,73519.046875,4.876804382547562e-07,5.71939779092645e-07,4.250597385180299e-07,4.8768043825475615e-05,10.815394014120102,5.516744892597198,0.8610876500606537,5.516744892597198,3.09291934967041,1152.2541573047638,1152.2541573047638,greedy,3.09291934967041,0.0,heuristic_recall_pool
377,N53033,observe,-0.24538974463939667,-4.154278245568276,-0.24538974463939667,3.0928995609283447,5.455118045210838,0.030928995609283447,0.01284826546907425,10.179445266723633,3.0928995609283447,5.419606240689755,-0.02457006275653839,-0.12936709821224213,-0.003099394030869007,128157.625,54638.58203125,73519.0390625,128157.5859375,54638.5546875,73519.03125,3.048004373340518e-07,5.004476406611502e-07,1.0626499147292634e-07,3.0480043733405182e-05,10.815338551998138,5.516745363473891,0.8610799312591553,5.516745363473891,3.0928995609283447,1155.3470568656921,1155.3470568656921,greedy,3.0928995609283447,0.0,heuristic_recall_pool
378,N54766,observe,-0.2453889101743698,-4.154278934001923,-0.2453889101743698,3.0928843021392822,5.45511656999588,0.030928843021392823,0.01284770667552948,10.179414749145508,3.0928843021392822,5.4196049129962915,-0.02456996589899063,-0.12936697900295258,-0.003099383320659399,128157.578125,54638.546875,73519.03125,128157.5546875,54638.5234375,73519.03125,1.8288032777036278e-07,4.289554169645271e-07,0.0,1.8288032777036278e-05,10.815302461385727,5.516744379997252,0.8610781729221344,5.516744379997252,3.0928843021392822,1158.4399411678314,1158.4399411678314,greedy,3.0928843021392822,0.0,heuristic_recall_pool
379,N56079,observe,-0.24538813531398773,-4.154276088476181,-0.24538813531398773,3.092881441116333,5.455122667551041,0.03092881441116333,0.012848354876041412,10.179449081420898,3.092881441116333,5.4196104007959365,-0.024569816887378693,-0.12936657667160034,-0.0030994159169495106,128157.625,54638.5390625,73519.0859375,128157.65625,54638.5625,73519.09375,-2.4384036123592523e-07,-4.2895547380794596e-07,-1.0626492041865276e-07,-2.4384036123592523e-05,10.815348833799362,5.516748445034027,0.8611009418964386,5.516748445034027,3.092881441116333,1161.5328226089478,1161.5328226089478,greedy,3.092881441116333,0.0,heuristic_recall_pool
380,N52753,observe,-0.24538759887218475,-4.154277227520943,-0.24538759887218475,3.0928738117218018,5.455120226740837,0.030928738117218017,0.012847773730754852,10.179420471191406,3.0928738117218018,5.419608204066753,-0.02456974983215332,-0.12936662137508392,-0.0030993949621915817,128157.578125,54638.53515625,73519.046875,128157.546875,54638.515625,73519.03125,2.438404465010535e-07,3.574629090508097e-07,2.1252995452414325e-07,2.4384044650105352e-05,10.815319299697876,5.516746817827225,0.86109858751297,5.516746817827225,3.0928738117218018,1164.6256964206696,1164.6256964206696,greedy,3.0928738117218018,0.0,heuristic_recall_pool
381,N56186,observe,-0.24538718163967133,-4.154276021718979,-0.24538718163967133,3.0928776264190674,5.455122810602188,0.030928776264190674,0.012848440557718277,10.179462432861328,3.0928776264190674,5.41961052954197,-0.02456965297460556,-0.1293664127588272,-0.0030994266271591187,128157.5625,54638.484375,73519.078125,128157.609375,54638.515625,73519.09375,-3.657607123841444e-07,-5.719412001781166e-07,-2.1252986925901496e-07,-3.657607123841444e-05,10.81537476181984,5.5167485404014585,0.8611197173595428,5.5167485404014585,3.0928776264190674,1167.7185740470886,1167.7185740470886,greedy,3.0928776264190674,0.0,heuristic_recall_pool
382,N51729,observe,-0.24538664519786835,-4.154278258085251,-0.24538664519786835,3.0928685665130615,5.455118018388748,0.030928685665130615,0.012847740203142166,10.179428100585938,3.0928685665130615,5.419606216549873,-0.02456965297460556,-0.12936654686927795,-0.0030994052067399025,128157.578125,54638.5390625,73519.0390625,128157.53125,54638.51171875,73519.0234375,3.6576065554072557e-07,5.004480385650822e-07,2.1252998294585268e-07,3.6576065554072557e-05,10.815331369638443,5.516745345592499,0.8611088693141937,5.516745345592499,3.0928685665130615,1170.8114426136017,1170.8114426136017,greedy,3.0928685665130615,0.0,heuristic_recall_pool
383,N53035,observe,-0.24538616836071014,-4.154277598857879,-0.24538616836071014,3.0928571224212646,5.455119431018829,0.030928571224212647,0.012847192585468292,10.179401397705078,3.0928571224212646,5.419607487916946,-0.024569600820541382,-0.12936654686927795,-0.0030993949621915817,128157.5234375,54638.5078125,73519.015625,128157.515625,54638.49609375,73519.0234375,6.096013294154545e-08,2.144778505908107e-07,-1.0626502700006313e-07,6.096013294154545e-06,10.815298438072205,5.516746287345885,0.8611045479774475,5.516746287345885,3.0928571224212646,1173.904299736023,1173.904299736023,greedy,3.0928571224212646,0.0,heuristic_recall_pool
384,N55865,observe,-0.2453850358724594,-4.154275379180909,-0.2453850358724594,3.092846632003784,5.455124187469482,0.03092846632003784,0.012846887111663818,10.179384231567383,3.092846632003784,5.419611768722534,-0.024569518864154816,-0.1293664425611496,-0.003099425695836544,128157.5859375,54638.5859375,73519.0,128157.6328125,54638.6015625,73519.03125,-3.6576062711901614e-07,-2.859700600765791e-07,-4.250601932653808e-07,-3.6576062711901614e-05,10.815278977155685,5.516749458312988,0.8611058294773102,5.516749458312988,3.092846632003784,1176.9971463680267,1176.9971463680267,greedy,3.092846632003784,0.0,heuristic_recall_pool
385,N55793,observe,-0.24538420140743256,-4.154285075664521,-0.24538420140743256,3.0928404331207275,5.455103409290314,0.030928404331207277,0.012846704572439194,10.179386138916016,3.0928404331207275,5.419593068361282,-0.02456945925951004,-0.12936627864837646,-0.0030994517728686333,128157.671875,54638.64453125,73519.03125,128157.71875,54638.671875,73519.046875,-3.657603997453407e-07,-5.004470722269616e-07,-2.125299971567074e-07,-3.657603997453407e-05,10.81528064608574,5.516735606193542,0.8611107170581818,5.516735606193542,3.0928404331207275,1180.0899868011475,1180.0899868011475,greedy,3.0928404331207275,0.0,heuristic_recall_pool
386,N55805,observe,-0.24538366496562958,-4.15428148329258,-0.24538366496562958,3.092836856842041,5.455111107230187,0.03092836856842041,0.012846458703279495,10.1793851852417,3.092836856842041,5.419599996507168,-0.02456938475370407,-0.1293662041425705,-0.0030994745902717113,128157.734375,54638.6796875,73519.0546875,128157.7578125,54638.6953125,73519.0625,-1.8288010039668734e-07,-2.859695769075188e-07,-1.0626497015664427e-07,-1.8288010039668734e-05,10.815283566713333,5.516740738153458,0.861117035150528,5.516740738153458,3.092836856842041,1183.1828236579895,1183.1828236579895,greedy,3.092836856842041,0.0,heuristic_recall_pool
387,N52755,observe,-0.2453838437795639,-4.15428365290165,-0.2453838437795639,3.09283709526062,5.455106458067894,0.030928370952606202,0.012846149504184723,10.179368019104004,3.09283709526062,5.419595812261105,-0.024569399654865265,-0.12936632335186005,-0.0030994443222880363,128157.59375,54638.5234375,73519.0703125,128157.546875,54638.5,73519.046875,3.657605986973067e-07,4.289555874947837e-07,3.1879483231023187e-07,3.657605986973067e-05,10.815265148878098,5.51673763871193,0.8611113131046295,5.51673763871193,3.09283709526062,1186.2756607532501,1186.2756607532501,greedy,3.09283709526062,0.0,heuristic_recall_pool
388,N55947,observe,-0.24538321793079376,-4.154282755851746,-0.24538321793079376,3.092829704284668,5.455108380317688,0.030928297042846678,0.012846134603023529,10.17935848236084,3.092829704284668,5.419597542285919,-0.024569354951381683,-0.12936630845069885,-0.003099464811384678,128157.6015625,54638.578125,73519.0234375,128157.640625,54638.59375,73519.046875,-3.048004941774707e-07,-2.8597011691999796e-07,-3.187950312621979e-07,-3.0480049417747068e-05,10.81525269150734,5.516738920211792,0.8611115515232086,5.516738920211792,3.092829704284668,1189.3684904575348,1189.3684904575348,greedy,3.092829704284668,0.0,heuristic_recall_pool
389,N55949,observe,-0.2469109743833542,-4.153944154977799,-0.2469109743833542,3.1277740001678467,5.4558339536190035,0.03127774000167847,0.014332085847854614,10.25597095489502,3.1277740001678467,5.420250558257103,-0.02456190437078476,-0.1292058378458023,-0.0030723782256245613,128157.65625,54638.609375,73519.046875,128179.453125,54646.78125,73532.671875,-0.00017007860878948122,-0.00014956228551454842,-0.00018532612011767924,-0.017007860878948122,10.92755451798439,5.517222635746002,0.8897458016872406,5.517222635746002,3.1277740001678467,1192.4962644577026,1192.4962644577026,greedy,3.1277740001678467,0.0,heuristic_recall_pool
390,N51733,observe,-0.2465883046388626,-4.1523740923404695,-0.2465883046388626,3.1148016452789307,5.459198373556138,0.031148016452789307,0.013749763369560242,10.225275039672852,3.1148016452789307,5.423278536200524,-0.024670235812664032,-0.12948046624660492,-0.0030807219445705414,128179.3671875,54646.671875,73532.6953125,128170.3515625,54650.0,73520.3515625,7.033600559225306e-05,-6.090261013014242e-05,0.0001678675034781918,0.007033600559225306,10.873053103685379,5.519465582370758,0.8679955899715424,5.519465582370758,3.1148016452789307,1195.6110661029816,1195.6110661029816,greedy,3.1148016452789307,0.0,heuristic_recall_pool
391,N55935,observe,-0.246446892619133,-4.152499082684517,-0.246446892619133,3.110326051712036,5.458930537104607,0.03110326051712036,0.013544417917728424,10.212541580200195,3.110326051712036,5.423037483394146,-0.024666666984558105,-0.1295294314622879,-0.003082103095948696,128170.421875,54650.09765625,73520.328125,128170.703125,54650.4765625,73520.2265625,-2.194344006056781e-06,-6.93331321599544e-06,1.3814207022733171e-06,-0.0002194344006056781,10.856200933456421,5.519287024736403,0.8640502095222473,5.519287024736403,3.110326051712036,1198.7213921546936,1198.7213921546936,greedy,3.110326051712036,0.0,heuristic_recall_pool
392,N51218,observe,-0.2463540881872177,-4.152786877155304,-0.2463540881872177,3.107619047164917,5.458313834667206,0.03107619047164917,0.013435352593660355,10.204914093017578,3.107619047164917,5.422482451200485,-0.02465689182281494,-0.12953399121761322,-0.0030835685320198536,128170.609375,54650.375,73520.234375,128169.046875,54648.63671875,73520.4140625,1.2190782399557065e-05,3.180730709573254e-05,-2.4440550987492315e-06,0.0012190782399557065,10.846843957901001,5.518875889778137,0.8624441027641296,5.518875889778137,3.107619047164917,1201.8290112018585,1201.8290112018585,greedy,3.107619047164917,0.0,heuristic_recall_pool
393,N55852,observe,-0.24627111852169037,-4.152964163422585,-0.24627111852169037,3.1055891513824463,5.457933935523034,0.031055891513824464,0.013355135917663574,10.199646949768066,3.1055891513824463,5.42214054197073,-0.024647504091262817,-0.12952430546283722,-0.003085225820541382,128169.203125,54648.75390625,73520.453125,128167.6015625,54647.0625,73520.5390625,1.2495688679337036e-05,3.095050124102272e-05,-1.1688923677866114e-06,0.0012495688679337036,10.840485692024231,5.518622623682022,0.8615586161613464,5.518622623682022,3.1055891513824463,1204.934600353241,1204.934600353241,greedy,3.1055891513824463,0.0,heuristic_recall_pool
394,N55948,observe,-0.24619869887828827,-4.153401836156846,-0.24619869887828827,3.1041767597198486,5.456996065378188,0.031041767597198486,0.013283643871545792,10.195646286010742,3.1041767597198486,5.42129645884037,-0.024645455181598663,-0.12951582670211792,-0.003086766228079796,128167.4765625,54647.0234375,73520.453125,128167.046875,54646.30078125,73520.75,3.352547082613455e-06,1.3224072972661816e-05,-4.0379918573307805e-06,0.0003352547082613455,10.835277527570724,5.517997376918792,0.8604102432727814,5.517997376918792,3.1041767597198486,1208.0387771129608,1208.0387771129608,greedy,3.1041767597198486,0.0,heuristic_recall_pool
395,N55837,observe,-0.24613015353679657,-4.153213593363762,-0.24613015353679657,3.1028802394866943,5.457399442791939,0.031028802394866942,0.013231411576271057,10.192941665649414,3.1028802394866943,5.421659498512745,-0.024635158479213715,-0.12949514389038086,-0.003088095225393772,128167.15625,54646.3515625,73520.8046875,128165.5,54644.7265625,73520.7734375,1.2922577298013493e-05,2.9736660508206114e-05,4.2504976249801985e-07,0.0012922577298013493,10.832306057214737,5.518266295194625,0.8604396283626556,5.518266295194625,3.1028802394866943,1211.1416573524475,1211.1416573524475,greedy,3.1028802394866943,0.0,heuristic_recall_pool
396,N55934,observe,-0.24607278406620026,-4.1536284476518635,-0.24607278406620026,3.101931095123291,5.456510469317436,0.03101931095123291,0.013180095702409744,10.190574645996094,3.101931095123291,5.420859422385693,-0.024634137749671936,-0.1294853538274765,-0.003089345060288906,128165.375,54644.66796875,73520.703125,128165.1796875,54644.3203125,73520.859375,1.5239099866448669e-06,6.3621259869250935e-06,-2.1252517399261706e-06,0.0001523909986644867,10.829091966152191,5.517673646211623,0.8597126603126526,5.517673646211623,3.101931095123291,1214.2435884475708,1214.2435884475708,greedy,3.101931095123291,0.0,heuristic_recall_pool
397,N51215,observe,-0.24601586163043976,-4.153459005355835,-0.24601586163043976,3.1009347438812256,5.456873559951783,0.031009347438812257,0.013140957802534103,10.188901901245117,3.1009347438812256,5.421186203956603,-0.024625234305858612,-0.12946730852127075,-0.0030903462320566177,128165.109375,54644.20703125,73520.90625,128163.59375,54642.875,73520.71875,1.182556661660783e-05,2.4376440705964342e-05,2.550294993852731e-06,0.001182556661660783,10.827313214540482,5.517915706634521,0.8599357306957245,5.517915706634521,3.1009347438812256,1217.344523191452,1217.344523191452,greedy,3.1009347438812256,0.0,heuristic_recall_pool
398,N51735,observe,-0.24596397578716278,-4.153554672598839,-0.24596397578716278,3.1000025272369385,5.456668558716774,0.031000025272369384,0.013106092810630798,10.187384605407715,3.1000025272369385,5.421001702845096,-0.024618901312351227,-0.1294550746679306,-0.0030913399532437325,128163.5859375,54642.890625,73520.6953125,128162.609375,54642.046875,73520.5625,7.619656571478117e-06,1.5441166397067718e-05,1.8064641835735529e-06,0.0007619656571478117,10.82549700140953,5.517779039144516,0.8599566519260406,5.517779039144516,3.1000025272369385,1220.444525718689,1220.444525718689,greedy,3.1000025272369385,0.0,heuristic_recall_pool
399,N56150,observe,-0.2459147423505783,-4.153633416891099,-0.2459147423505783,3.0992000102996826,5.456499820947648,0.030992000102996825,0.013076871633529663,10.186182022094727,3.0992000102996826,5.420849838852883,-0.024613335728645325,-0.12944458425045013,-0.003092236816883087,128162.6015625,54641.9921875,73520.609375,128161.8984375,54641.4140625,73520.484375,5.4861948228790425e-06,1.0580232810752932e-05,1.7002034837787505e-06,0.0005486194822879042,10.824048459529877,5.517666547298432,0.8600119352340698,5.517666547298432,3.0992000102996826,1223.5437257289886,1223.5437257289886,greedy,3.0992000102996826,0.0,heuristic_recall_pool
400,N56157,observe,-0.2458689659833908,-4.153704221248627,-0.2458689659833908,3.098487615585327,5.456348097324371,0.030984876155853273,0.013050366193056107,10.185141563415527,3.098487615585327,5.420713287591934,-0.024608515202999115,-0.1294357180595398,-0.0030930200591683388,128161.953125,54641.45703125,73520.5,128161.3828125,54640.984375,73520.3984375,4.449936113815056e-06,8.650139534438495e-06,1.3814174053550232e-06,0.0004449936113815056,10.822777658700943,5.517565398216248,0.8600557744503021,5.517565398216248,3.098487615585327,1226.642213344574,1226.642213344574,greedy,3.098487615585327,0.0,heuristic_recall_pool
401,N56164,observe,-0.2458263486623764,-4.153768007755279,-0.2458263486623764,3.0978572368621826,5.456211411952973,0.030978572368621827,0.013026710599660873,10.184256553649902,3.0978572368621826,5.420590270757676,-0.02460426837205887,-0.12942807376384735,-0.00309371342882514,128161.375,54640.98046875,73520.390625,128160.859375,54640.56640625,73520.2890625,4.0232480387203395e-06,7.57787483962602e-06,1.3814194517181022e-06,0.00040232480387203395,10.821686953306198,5.5174742746353145,0.8601016104221344,5.5174742746353145,3.0978572368621826,1229.7400705814362,1229.7400705814362,greedy,3.0978572368621826,0.0,heuristic_recall_pool
402,N56171,observe,-0.24578727781772614,-4.15382519364357,-0.24578727781772614,3.0972964763641357,5.456088870763779,0.030972964763641357,0.013005740940570831,10.183504104614258,3.0972964763641357,5.4204799836874,-0.02460051327943802,-0.1294213980436325,-0.0030943360179662704,128160.8515625,54640.5625,73520.2890625,128160.390625,54640.23828125,73520.15625,3.5965545066574123e-06,5.93366439716192e-06,1.8064740743284347e-06,0.00035965545066574123,10.820749253034592,5.517392580509185,0.8601488173007965,5.517392580509185,3.0972964763641357,1232.8373670578003,1232.8373670578003,greedy,3.0972964763641357,0.0,heuristic_recall_pool
403,N56178,observe,-0.24575121700763702,-4.153875895738602,-0.24575121700763702,3.0968000888824463,5.455980223417282,0.030968000888824464,0.012987397611141205,10.182866096496582,3.0968000888824463,5.4203822010755545,-0.024597175419330597,-0.12941548228263855,-0.0030948910862207413,128160.390625,54640.23828125,73520.1484375,128160.078125,54639.96875,73520.109375,2.438350975353387e-06,4.932834599458147e-06,5.313169140208629e-07,0.00024383509753533872,10.819948643445969,5.5173201489448545,0.8601990044116974,5.5173201489448545,3.0968000888824463,1235.9341671466827,1235.9341671466827,greedy,3.0968000888824463,0.0,heuristic_recall_pool
404,N55819,observe,-0.24571780860424042,-4.153924390673637,-0.24571780860424042,3.0963544845581055,5.4558763056993484,0.030963544845581056,0.012969989329576492,10.182281494140625,3.0963544845581055,5.420288675129413,-0.02459428459405899,-0.12941041588783264,-0.0030953828245401382,128160.015625,54640.03515625,73519.984375,128159.671875,54639.78125,73519.890625,2.6821937808563234e-06,4.64689037471544e-06,1.2751635267704842e-06,0.00026821937808563234,10.819207519292831,5.517250870466231,0.8602305352687836,5.517250870466231,3.0963544845581055,1239.0305216312408,1239.0305216312408,greedy,3.0963544845581055,0.0,heuristic_recall_pool
405,N52757,observe,-0.24568785727024078,-4.153964540958405,-0.24568785727024078,3.0959503650665283,5.455790269374847,0.030959503650665285,0.012955095618963242,10.181772232055664,3.0959503650665283,5.420211242437363,-0.02459169179201126,-0.12940596044063568,-0.0030957944691181183,128159.6171875,54639.6953125,73519.921875,128159.3046875,54639.4765625,73519.828125,2.4383655272686156e-06,4.003499725513393e-06,1.2751645499520237e-06,0.00024383655272686156,10.818553417921066,5.517193512916565,0.860261470079422,5.517193512916565,3.0959503650665283,1242.1264719963074,1242.1264719963074,greedy,3.0959503650665283,0.0,heuristic_recall_pool
406,N53039,observe,-0.24566005170345306,-4.154000289440155,-0.24566005170345306,3.0955941677093506,5.455713665485382,0.030955941677093507,0.012942209839820862,10.181355476379395,3.0955941677093506,5.4201422989368435,-0.024589307606220245,-0.1294018179178238,-0.0030961697921156883,128159.296875,54639.47265625,73519.828125,128159.078125,54639.296875,73519.78125,1.7068601891878643e-06,3.217111043340992e-06,6.375831276272947e-07,0.00017068601891878643,10.81801888346672,5.517142443656922,0.8603066504001617,5.517142443656922,3.0955941677093506,1245.2220661640167,1245.2220661640167,greedy,3.0955941677093506,0.0,heuristic_recall_pool
407,N51737,observe,-0.24563483893871307,-4.154032499790192,-0.24563483893871307,3.0952818393707275,5.455644643306733,0.030952818393707275,0.012930937111377716,10.181009292602539,3.0952818393707275,5.420080178976059,-0.024587169289588928,-0.12939809262752533,-0.0030965078622102737,128159.078125,54639.296875,73519.78125,128158.84375,54639.140625,73519.703125,1.8287819329998456e-06,2.859663482013275e-06,1.0626391713230987e-06,0.00018287819329998456,10.817574203014374,5.517096428871155,0.8603558540344238,5.517096428871155,3.0952818393707275,1248.3173480033875,1248.3173480033875,greedy,3.0952818393707275,0.0,heuristic_recall_pool
408,N55956,observe,-0.24561117589473724,-4.154057475328446,-0.24561117589473724,3.095010995864868,5.4555911242961885,0.03095010995864868,0.012921128422021866,10.180736541748047,3.095010995864868,5.420032011866569,-0.024585217237472534,-0.12939469516277313,-0.003096845932304859,128158.90625,54639.234375,73519.671875,128158.78125,54639.13671875,73519.640625,9.753516678756569e-07,1.7872916941996664e-06,4.2505629949118884e-07,9.753516678756569e-05,10.817225813865662,5.517060749530792,0.8604151606559753,5.517060749530792,3.095010995864868,1251.4123589992523,1251.4123589992523,greedy,3.095010995864868,0.0,heuristic_recall_pool
409,N52759,observe,-0.2455904334783554,-4.154084061384201,-0.2455904334783554,3.0947701930999756,5.455534154176712,0.030947701930999758,0.012912850826978683,10.180493354797363,3.0947701930999756,5.419980738759041,-0.024583585560321808,-0.1293918788433075,-0.0030971039086580276,128158.703125,54639.0390625,73519.6640625,128158.5234375,54638.953125,73519.5703125,1.4020702110428829e-06,1.5728222706457018e-06,1.2751690974255325e-06,0.0001402070211042883,10.816904991865158,5.517022769451141,0.8604573309421539,5.517022769451141,3.0947701930999756,1254.5071291923523,1254.5071291923523,greedy,3.0947701930999756,0.0,heuristic_recall_pool
410,N53037,observe,-0.2455717772245407,-4.1540988022089005,-0.2455717772245407,3.0945565700531006,5.4555025666952135,0.030945565700531006,0.01290535181760788,10.18029499053955,3.0945565700531006,5.4199523100256926,-0.024582035839557648,-0.12938933074474335,-0.0030973320826888084,128158.515625,54638.9453125,73519.5703125,128158.375,54638.83203125,73519.546875,1.0972739801218268e-06,2.0732693428726634e-06,3.1879267226031516e-07,0.00010972739801218268,10.816647976636887,5.517001711130142,0.8605093061923981,5.517001711130142,3.0945565700531006,1257.6016857624054,1257.6016857624054,greedy,3.0945565700531006,0.0,heuristic_recall_pool
411,N56550,observe,-0.24555473029613495,-4.154117402434349,-0.24555473029613495,3.094377040863037,5.455462709069252,0.03094377040863037,0.01290014386177063,10.180169105529785,3.094377040863037,5.4199164381623275,-0.02458067238330841,-0.12938690185546875,-0.003097575157880783,128158.4140625,54638.8359375,73519.578125,128158.3359375,54638.828125,73519.5078125,6.095971230024588e-07,1.4298437633897265e-07,9.563779030941078e-07,6.095971230024588e-05,10.816478908061981,5.5169751393795,0.8605692982673645,5.5169751393795,3.094377040863037,1260.6960628032684,1260.6960628032684,greedy,3.094377040863037,0.0,heuristic_recall_pool
412,N55822,observe,-0.2455388754606247,-4.154133632779121,-0.2455388754606247,3.0942089557647705,5.455427929759026,0.030942089557647705,0.012894194573163986,10.180034637451172,3.0942089557647705,5.4198851367831224,-0.024579420685768127,-0.12938472628593445,-0.003097785171121359,128158.375,54638.890625,73519.484375,128158.296875,54638.8203125,73519.4765625,6.095972935327154e-07,1.2868581507063936e-06,1.062643448790368e-07,6.095972935327154e-05,10.81630152463913,5.516951953172683,0.8606188297271729,5.516951953172683,3.0942089557647705,1263.7902717590332,1263.7902717590332,greedy,3.0942089557647705,0.0,heuristic_recall_pool
413,N55955,observe,-0.24552945792675018,-4.1544536125659945,-0.24552945792675018,3.0943145751953125,5.454742258787155,0.030943145751953127,0.012884154915809631,10.179887771606445,3.0943145751953125,5.419268032908439,-0.024584926664829254,-0.12938854098320007,-0.003097894601523876,128158.2421875,54638.8203125,73519.421875,128159.15625,54639.55078125,73519.609375,-7.132295650080778e-06,-1.3369042790145613e-05,-2.5503466076770565e-06,-0.0007132295650080778,10.815709680318832,5.516494839191437,0.860057920217514,5.516494839191437,3.0943145751953125,1266.8845863342285,1266.8845863342285,greedy,3.0943145751953125,0.0,heuristic_recall_pool
414,N51219,observe,-0.24551735818386078,-4.154164720773697,-0.24551735818386078,3.0941994190216064,5.455361312627793,0.030941994190216066,0.012880463153123856,10.17996597290039,3.0941994190216064,5.419825181365013,-0.024581581354141235,-0.12938213348388672,-0.0030979388393461704,128159.09375,54639.43359375,73519.65625,128158.453125,54638.91015625,73519.546875,4.998669737688033e-06,9.579848665453028e-06,1.4876974319122382e-06,0.0004998669737688033,10.816007256507874,5.516907541751862,0.8603832125663757,5.516907541751862,3.0941994190216064,1269.9787857532501,1269.9787857532501,greedy,3.0941994190216064,0.0,heuristic_recall_pool
415,N56551,observe,-0.2455076426267624,-4.154181080460549,-0.2455076426267624,3.094043493270874,5.455326256155968,0.03094043493270874,0.012877225875854492,10.179914474487305,3.094043493270874,5.41979363054037,-0.024580001831054688,-0.12937967479228973,-0.003098119981586933,128158.5546875,54639.0078125,73519.546875,128158.3046875,54638.8359375,73519.46875,1.950708565345849e-06,3.145646360280807e-06,1.0626425819282304e-06,0.0001950708565345849,10.81595778465271,5.516884170770645,0.8604893088340759,5.516884170770645,3.094043493270874,1273.072829246521,1273.072829246521,greedy,3.094043493270874,0.0,heuristic_recall_pool
416,N51739,observe,-0.24549762904644012,-4.154198157787323,-0.24549762904644012,3.0939090251922607,5.455289661884308,0.030939090251922607,0.012874037027359009,10.179838180541992,3.0939090251922607,5.419760695695877,-0.024578742682933807,-0.12937819957733154,-0.003098234534263611,128158.203125,54638.75390625,73519.453125,128158.046875,54638.65625,73519.390625,1.2191962923679966e-06,1.787307382983272e-06,8.501151569362264e-07,0.00012191962923679966,10.815872937440872,5.516859774589538,0.8605625331401825,5.516859774589538,3.0939090251922607,1276.1667382717133,1276.1667382717133,greedy,3.0939090251922607,0.0,heuristic_recall_pool
417,N38468,observe,-0.24548713862895966,-4.154208329916001,-0.24548713862895966,3.0937864780426025,5.455267864465713,0.030937864780426025,0.012870986014604568,10.179778099060059,3.0937864780426025,5.419741078019142,-0.024577617645263672,-0.1293768733739853,-0.0030983751639723778,128158.1875,54638.7890625,73519.3984375,128158.1875,54638.7890625,73519.3984375,0.0,0.0,0.0,0.0,10.815802812576294,5.516845242977142,0.8606293797492981,5.516845242977142,3.0937864780426025,1279.2605247497559,1279.2605247497559,greedy,3.0937864780426025,0.0,heuristic_recall_pool
418,N38470,observe,-0.24547787010669708,-4.154215477108956,-0.24547787010669708,3.093681573867798,5.455252549052238,0.03093681573867798,0.012868449091911316,10.179720878601074,3.093681573867798,5.419727294147014,-0.02457665652036667,-0.12937581539154053,-0.003098496235907078,128158.1953125,54638.7890625,73519.40625,128158.0703125,54638.7265625,73519.34375,9.753570111570298e-07,1.1438760338933207e-06,8.501156685269962e-07,9.753570111570298e-05,10.815736800432205,5.516835032701493,0.8606849610805511,5.516835032701493,3.093681573867798,1282.3542063236237,1282.3542063236237,greedy,3.093681573867798,0.0,heuristic_recall_pool
419,N51971,observe,-0.24546895921230316,-4.154221214056015,-0.24546895921230316,3.093590497970581,5.455240255594253,0.03093590497970581,0.012866213917732239,10.179664611816406,3.093590497970581,5.419716230034828,-0.02457580715417862,-0.12937502562999725,-0.0030986033380031586,128157.9921875,54638.6796875,73519.3125,128158.0,54638.68359375,73519.3203125,-6.095991267329737e-08,-7.14923942268797e-08,-1.0626459356899431e-07,-6.095991267329737e-06,10.815674394369125,5.516826837062836,0.8607330620288849,5.516826837062836,3.093590497970581,1285.4477968215942,1285.4477968215942,greedy,3.093590497970581,0.0,heuristic_recall_pool
420,N51972,observe,-0.24546079337596893,-4.154225916266442,-0.24546079337596893,3.093505620956421,5.455230179429055,0.03093505620956421,0.012864228338003159,10.179615020751953,3.093505620956421,5.419707161486149,-0.02457507699728012,-0.12937434017658234,-0.0030987104400992393,128157.96875,54638.65234375,73519.3125,128157.984375,54638.66796875,73519.3125,-1.2191985376830416e-07,-2.8596971901606594e-07,0.0,-1.2191985376830416e-05,10.815612941980362,5.51682011961937,0.8607724606990814,5.51682011961937,3.093505620956421,1288.5413024425507,1288.5413024425507,greedy,3.093505620956421,0.0,heuristic_recall_pool
421,N56185,observe,-0.2454543560743332,-4.154230489134789,-0.2454543560743332,3.0934455394744873,5.455220380425453,0.030934455394744872,0.01286374032497406,10.1796293258667,3.0934455394744873,5.419698342382908,-0.02457442134618759,-0.12937334179878235,-0.003098797984421253,128157.984375,54638.59375,73519.390625,128157.953125,54638.59375,73519.359375,2.438396791148989e-07,0.0,4.2505791952862637e-07,2.438396791148989e-05,10.815632730722427,5.516813586950302,0.8608265817165375,5.516813586950302,3.0934455394744873,1291.6347479820251,1291.6347479820251,greedy,3.0934455394744873,0.0,heuristic_recall_pool
422,N51222,observe,-0.24544815719127655,-4.154237352609634,-0.24544815719127655,3.0933778285980225,5.455205672979355,0.030933778285980224,0.012861348688602448,10.179566383361816,3.0933778285980225,5.419685105681419,-0.024573877453804016,-0.12937279045581818,-0.0030988315120339394,128157.875,54638.58203125,73519.2890625,128157.8046875,54638.5390625,73519.265625,5.486397185450187e-07,7.864177291594387e-07,3.1879389439382066e-07,5.486397185450187e-05,10.815556466579437,5.516803781986236,0.8608483076095581,5.516803781986236,3.0933778285980225,1294.7281258106232,1294.7281258106232,greedy,3.0933778285980225,0.0,heuristic_recall_pool
423,N54768,observe,-0.24544216692447662,-4.154243173003197,-0.24544216692447662,3.0933139324188232,5.455193200707436,0.030933139324188234,0.012859921902418137,10.179513931274414,3.0933139324188232,5.419673880636692,-0.024573378264904022,-0.12937217950820923,-0.0030988710932433605,128157.796875,54638.53125,73519.265625,128157.6796875,54638.4765625,73519.203125,9.144000614469405e-07,1.0008961908170022e-06,8.501173169861431e-07,9.144000614469405e-05,10.815490037202835,5.51679546713829,0.8608691394329071,5.51679546713829,3.0933139324188232,1297.821439743042,1297.821439743042,greedy,3.0933139324188232,0.0,heuristic_recall_pool
424,N54770,observe,-0.2454369217157364,-4.154244195222855,-0.2454369217157364,3.0932576656341553,5.45519101023674,0.030932576656341554,0.012858524918556213,10.179475784301758,3.0932576656341553,5.419671909213066,-0.024572931230068207,-0.12937164306640625,-0.0030989088118076324,128157.671875,54638.46875,73519.203125,128157.6484375,54638.4609375,73519.1875,1.8288019987267035e-07,1.4298534267709329e-07,2.1252951398764708e-07,1.8288019987267035e-05,10.815440326929092,5.516794006824493,0.8608902394771576,5.516794006824493,3.0932576656341553,1300.9146974086761,1300.9146974086761,greedy,3.0932576656341553,0.0,heuristic_recall_pool
425,N55636,observe,-0.24543194472789764,-4.1542435026168825,-0.24543194472789764,3.09322190284729,5.455192494392396,0.0309322190284729,0.012858524918556213,10.179499626159668,3.09322190284729,5.419673244953156,-0.0245724618434906,-0.12937095761299133,-0.003098997287452221,128157.703125,54638.43359375,73519.265625,128157.765625,54638.48046875,73519.28125,-4.876803814113373e-07,-8.579125960750389e-07,-2.1252932924653578e-07,-4.876803814113373e-05,10.815475344657898,5.516794996261597,0.8609341979026794,5.516794996261597,3.09322190284729,1304.0079193115234,1304.0079193115234,greedy,3.09322190284729,0.0,heuristic_recall_pool
426,N52765,observe,-0.24542753398418427,-4.154246335625649,-0.24542753398418427,3.0931789875030518,5.455186423659325,0.030931789875030518,0.012857083231210709,10.179458618164062,3.0931789875030518,5.419667781293392,-0.024572111666202545,-0.12937061488628387,-0.0030990121886134148,128157.6875,54638.4921875,73519.1953125,128157.640625,54638.46875,73519.171875,3.6576034290192183e-07,4.2895584329016856e-07,3.187942922977527e-07,3.657603429019218e-05,10.81542643904686,5.516790949106216,0.860948234796524,5.516790949106216,3.0931789875030518,1307.1010982990265,1307.1010982990265,greedy,3.0931789875030518,0.0,heuristic_recall_pool
427,N53043,observe,-0.2454233020544052,-4.154247779250145,-0.2454233020544052,3.0931389331817627,5.4551833301782615,0.030931389331817626,0.012855861335992813,10.179427146911621,3.0931389331817627,5.419664997160435,-0.02457176148891449,-0.12937022745609283,-0.00309903547167778,128157.640625,54638.46875,73519.171875,128157.609375,54638.453125,73519.15625,2.438403328142158e-07,2.8597068535418657e-07,2.1252959925277537e-07,2.438403328142158e-05,10.815389931201935,5.516788886785507,0.860965371131897,5.516788886785507,3.0931389331817627,1310.1942372322083,1310.1942372322083,greedy,3.0931389331817627,0.0,heuristic_recall_pool
428,N54581,observe,-0.2454196661710739,-4.154250996112824,-0.2454196661710739,3.093104124069214,5.455176436901093,0.03093104124069214,0.01285521313548088,10.179405212402344,3.093104124069214,5.419658793210983,-0.02457147091627121,-0.12936986982822418,-0.003099057823419571,128157.59375,54638.4375,73519.15625,128157.5625,54638.4375,73519.125,2.438404180793441e-07,0.0,4.2505928377067903e-07,2.438404180793441e-05,10.815362244844437,5.516784291267395,0.8609802424907684,5.516784291267395,3.093104124069214,1313.2873413562775,1313.2873413562775,greedy,3.093104124069214,0.0,heuristic_recall_pool
429,N55353,observe,-0.24541611969470978,-4.154252327084542,-0.24541611969470978,3.093074083328247,5.45517358481884,0.03093074083328247,0.01285465806722641,10.179391860961914,3.093074083328247,5.419656226336956,-0.024571195244789124,-0.12936954200267792,-0.0030990801751613617,128157.5625,54638.43359375,73519.125,128157.5390625,54638.4296875,73519.109375,1.828803561920722e-07,7.149271397111079e-08,2.125297271504678e-07,1.828803561920722e-05,10.815346419811249,5.516782389879227,0.8609969615936279,5.516782389879227,3.093074083328247,1316.3804154396057,1316.3804154396057,greedy,3.093074083328247,0.0,heuristic_recall_pool
430,N55853,observe,-0.24541275203227997,-4.154252156019211,-0.24541275203227997,3.0930488109588623,5.455173951387405,0.030930488109588622,0.0128541961312294,10.179412841796875,3.0930488109588623,5.419656556248665,-0.024570919573307037,-0.12936876714229584,-0.00309915654361248,128157.78125,54638.59375,73519.1875,128157.8359375,54638.6171875,73519.21875,-4.2672007793953526e-07,-4.289550474823045e-07,-4.2505911324042245e-07,-4.2672007793953526e-05,10.815369695425034,5.51678263425827,0.8610234558582306,5.51678263425827,3.0930488109588623,1319.4734642505646,1319.4734642505646,greedy,3.0930488109588623,0.0,heuristic_recall_pool
431,N53041,observe,-0.24541021883487701,-4.154255197644234,-0.24541021883487701,3.0930302143096924,5.4551674336195,0.030930302143096923,0.012853458523750305,10.179391860961914,3.0930302143096924,5.41965069025755,-0.024570688605308533,-0.12936869263648987,-0.0030991584062576294,128157.5703125,54638.4453125,73519.125,128157.5625,54638.4453125,73519.1171875,6.096011162526338e-08,0.0,1.062648635752339e-07,6.096011162526338e-06,10.815353214740753,5.516778289079666,0.8610366582870483,5.516778289079666,3.0930302143096924,1322.5664944648743,1322.5664944648743,greedy,3.0930302143096924,0.0,heuristic_recall_pool
432,N54585,observe,-0.24540774524211884,-4.154257676005363,-0.24540774524211884,3.093007802963257,5.45516212284565,0.030930078029632567,0.012852922081947327,10.179373741149902,3.093007802963257,5.419645910561084,-0.024570532143115997,-0.12936855852603912,-0.00309916865080595,128157.546875,54638.4375,73519.109375,128157.53125,54638.43359375,73519.1015625,1.219202516722362e-07,7.149271397111079e-08,1.0626489199694333e-07,1.2192025167223619e-05,10.81532832980156,5.5167747485637655,0.8610421717166901,5.5167747485637655,3.093007802963257,1325.6595022678375,1325.6595022678375,greedy,3.093007802963257,0.0,heuristic_recall_pool
433,N51223,observe,-0.24540556967258453,-4.154258936047555,-0.24540556967258453,3.092989206314087,5.455159422755241,0.030929892063140868,0.012852493673563004,10.179374694824219,3.092989206314087,5.419643480479717,-0.024570390582084656,-0.12936824560165405,-0.0030991765670478344,128157.53125,54638.41015625,73519.1171875,128157.515625,54638.40625,73519.109375,1.219202658830909e-07,7.149274949824758e-08,1.0626487778608862e-07,1.219202658830909e-05,10.81532484292984,5.516772948503494,0.8610519170761108,5.516772948503494,3.092989206314087,1328.7524914741516,1328.7524914741516,greedy,3.092989206314087,0.0,heuristic_recall_pool
434,N52763,observe,-0.24540339410305023,-4.154260100126267,-0.24540339410305023,3.0929720401763916,5.455156928300858,0.030929720401763915,0.012852199375629425,10.179366111755371,3.0929720401763916,5.419641235470772,-0.02457023411989212,-0.1293681263923645,-0.0030991854146122932,128157.5,54638.41796875,73519.0859375,128157.5,54638.41796875,73519.078125,0.0,0.0,1.0626492041865276e-07,0.0,10.81531473994255,5.516771285533905,0.8610611259937286,5.516771285533905,3.0929720401763916,1331.845463514328,1331.845463514328,greedy,3.0929720401763916,0.0,heuristic_recall_pool
435,N55357,observe,-0.24540133774280548,-4.154262269735336,-0.24540133774280548,3.092957019805908,5.455152279138565,0.030929570198059083,0.012852046638727188,10.179360389709473,3.092957019805908,5.419637051224709,-0.024570129811763763,-0.12936797738075256,-0.0030991937965154648,128157.484375,54638.40625,73519.078125,128157.5,54638.41015625,73519.0859375,-1.2192030851565505e-07,-7.149274949824758e-08,-1.0626493462950748e-07,-1.2192030851565505e-05,10.815304428339005,5.516768186092377,0.8610663712024689,5.516768186092377,3.092957019805908,1334.938420534134,1334.938420534134,greedy,3.092957019805908,0.0,heuristic_recall_pool
436,N54712,observe,-0.2453995794057846,-4.154262545108796,-0.2453995794057846,3.092944383621216,5.455151689052582,0.03092944383621216,0.012851662933826447,10.179357528686523,3.092944383621216,5.419636520147323,-0.02456999570131302,-0.1293679028749466,-0.003099203109741211,128157.484375,54638.40625,73519.078125,128157.5,54638.4140625,73519.0859375,-1.2192030851565505e-07,-1.4298549899649515e-07,-1.0626493462950748e-07,-1.2192030851565505e-05,10.815302342176437,5.516767792701721,0.8610759079456329,5.516767792701721,3.092944383621216,1338.0313649177551,1338.0313649177551,greedy,3.092944383621216,0.0,heuristic_recall_pool
437,N51745,observe,-0.24539785087108612,-4.154263817667961,-0.24539785087108612,3.092933416366577,5.4551489621400835,0.03092933416366577,0.012851495295763016,10.17935562133789,3.092933416366577,5.4196340659260756,-0.024569891393184662,-0.12936775386333466,-0.003099210560321808,128157.484375,54638.40625,73519.078125,128157.453125,54638.41015625,73519.0390625,2.438406170313101e-07,-7.149274949824758e-08,5.31324644725828e-07,2.438406170313101e-05,10.815299898386002,5.516765974760055,0.8610831201076508,5.516765974760055,3.092933416366577,1341.1242983341217,1341.1242983341217,greedy,3.092933416366577,0.0,heuristic_recall_pool
438,N55970,observe,-0.2453959435224533,-4.154263721704483,-0.2453959435224533,3.092921018600464,5.455149167776108,0.030929210186004637,0.012851264327764511,10.17935848236084,3.092921018600464,5.419634250998497,-0.02456977218389511,-0.1293676346540451,-0.003099258989095688,128157.4609375,54638.4609375,73519.0,128157.53125,54638.5,73519.03125,-5.486414806910034e-07,-7.1492678443974e-07,-4.250601932653808e-07,-5.486414806910034e-05,10.815302282571793,5.516766111850738,0.8610926568508148,5.516766111850738,3.092921018600464,1344.2172193527222,1344.2172193527222,greedy,3.092921018600464,0.0,heuristic_recall_pool
439,N44669,observe,-0.2453945130109787,-4.154261506199838,-0.2453945130109787,3.0929126739501953,5.455153915286064,0.030929126739501954,0.012850727885961533,10.179361343383789,3.0929126739501953,5.419638523757458,-0.024569638073444366,-0.1293674260377884,-0.0030992855317890644,128157.578125,54638.50390625,73519.078125,128157.6015625,54638.5234375,73519.078125,-1.8288032777036278e-07,-3.574631080027757e-07,0.0,-1.8288032777036278e-05,10.815310209989548,5.516769276857376,0.8611046969890594,5.516769276857376,3.0929126739501953,1347.3101320266724,1347.3101320266724,greedy,3.0929126739501953,0.0,heuristic_recall_pool
440,N54335,observe,-0.2453935593366623,-4.32,-0.2453935593366623,3.092907190322876,5.1,0.030929071903228758,0.012850791215896606,10.17935848236084,3.092907190322876,5.1,-0.024569593369960785,-0.129367396235466,-0.00309927761554718,128157.5078125,54638.4453125,73519.0625,128157.484375,54638.4375,73519.046875,1.828804272463458e-07,1.4298539952051215e-07,2.125299118915791e-07,1.828804272463458e-05,10.815306335687637,5.28,0.8611070811748505,5.28,3.092907190322876,1350.4030392169952,1350.4030392169952,greedy,3.092907190322876,0.0,heuristic_recall_pool
441,N55836,observe,-0.2453925460577011,-4.32,-0.2453925460577011,3.0929014682769775,5.1,0.030929014682769776,0.012850996106863022,10.179390907287598,3.0929014682769775,5.1,-0.024569503962993622,-0.12936680018901825,-0.003099321387708187,128157.75,54638.62890625,73519.125,128157.7734375,54638.6484375,73519.125,-1.8288008618583262e-07,-3.5746231219491165e-07,0.0,-1.8288008618583262e-05,10.815341979265213,5.28,0.8611226975917816,5.28,3.0929014682769775,1353.4959406852722,1353.4959406852722,greedy,3.0929014682769775,0.0,heuristic_recall_pool
442,N51743,observe,-0.24539177119731903,-4.32,-0.24539177119731903,3.092897653579712,5.1,0.03092897653579712,0.012850470840930939,10.179376602172852,3.092897653579712,5.1,-0.024569429457187653,-0.1293668895959854,-0.0030993041582405567,128157.5078125,54638.4453125,73519.0625,128157.4921875,54638.4375,73519.0546875,1.2192028009394562e-07,1.4298539952051215e-07,1.0626495594578955e-07,1.2192028009394562e-05,10.815331310033798,5.28,0.8611256182193756,5.28,3.092897653579712,1356.588838338852,1356.588838338852,greedy,3.092897653579712,0.0,heuristic_recall_pool
443,N51226,observe,-0.24539099633693695,-4.32,-0.24539099633693695,3.0928900241851807,5.1,0.030928900241851808,0.012850016355514526,10.179367065429688,3.0928900241851807,5.1,-0.024569399654865265,-0.1293669193983078,-0.0030992976389825344,128157.4765625,54638.4296875,73519.046875,128157.484375,54638.43359375,73519.046875,-6.096016136325488e-08,-7.149272107653815e-08,0.0,-6.096016136325488e-06,10.815317124128342,5.28,0.8611243069171906,5.28,3.0928900241851807,1359.681728363037,1359.681728363037,greedy,3.0928900241851807,0.0,heuristic_recall_pool
444,N54339,observe,-0.24539028108119965,-4.32,-0.24539028108119965,3.0928823947906494,5.1,0.030928823947906494,0.012849956750869751,10.179361343383789,3.0928823947906494,5.1,-0.024569369852542877,-0.1293669193983078,-0.003099290654063225,128157.453125,54638.41796875,73519.0390625,128157.4609375,54638.421875,73519.0390625,-6.096016846868224e-08,-7.149273528739286e-08,0.0,-6.096016846868224e-06,10.81530675292015,5.28,0.8611239492893219,5.28,3.0928823947906494,1362.7746107578278,1362.7746107578278,greedy,3.0928823947906494,0.0,heuristic_recall_pool
445,N55885,observe,-0.24538879096508026,-4.32,-0.24538879096508026,3.0928733348846436,5.1,0.030928733348846434,0.012849647551774979,10.17935848236084,3.0928733348846436,5.1,-0.02456928789615631,-0.12936682999134064,-0.00309932604432106,128157.53125,54638.515625,73519.015625,128157.5703125,54638.5390625,73519.03125,-3.0480066470772726e-07,-4.2895564433820255e-07,-2.1253005400012626e-07,-3.0480066470772726e-05,10.815303027629852,5.28,0.8611291646957397,5.28,3.0928733348846436,1365.8674840927124,1365.8674840927124,greedy,3.0928733348846436,0.0,heuristic_recall_pool
446,N55972,observe,-0.2456049770116806,-4.32,-0.2456049770116806,3.099236011505127,5.1,0.03099236011505127,0.013101432472467422,10.19314956665039,3.099236011505127,5.1,-0.024561025202274323,-0.1293315887451172,-0.0030939518474042416,128157.546875,54638.5234375,73519.0234375,128159.9765625,54638.5859375,73521.390625,-1.8958598957397044e-05,-1.143881604548369e-06,-3.219829886802472e-05,-0.0018958598957397044,10.836283057928085,5.28,0.8669938743114471,5.28,3.099236011505127,1368.9667201042175,1368.9667201042175,greedy,3.099236011505127,0.0,heuristic_recall_pool
447,N52767,observe,-0.2455555647611618,-4.32,-0.2455555647611618,3.0965428352355957,5.1,0.030965428352355957,0.012983575463294983,10.18697738647461,3.0965428352355957,5.1,-0.024583466351032257,-0.12938746809959412,-0.003095765598118305,128159.921875,54638.5,73521.421875,128158.8828125,54639.5,73519.3828125,8.107545909297187e-06,-1.830211294873152e-05,2.7734264222090133e-05,0.0008107545909297187,10.82517358660698,5.28,0.8625334203243256,5.28,3.0965428352355957,1372.0632629394531,1372.0632629394531,greedy,3.0965428352355957,0.0,heuristic_recall_pool
448,N53045,observe,-0.2455350011587143,-4.32,-0.2455350011587143,3.09572434425354,5.1,0.0309572434425354,0.012951578944921494,10.184673309326172,3.09572434425354,5.1,-0.024582862854003906,-0.12939520180225372,-0.0030961427837610245,128158.875,54639.49609375,73519.3828125,128159.234375,54639.83203125,73519.3984375,-2.8041365567332832e-06,-6.148254215077031e-06,-2.1252898818602262e-07,-0.0002804136556733283,10.822111368179321,5.28,0.8618131279945374,5.28,3.09572434425354,1375.1589872837067,1375.1589872837067,greedy,3.09572434425354,0.0,heuristic_recall_pool
449,N55813,observe,-0.24552218616008759,-4.32,-0.24552218616008759,3.0952486991882324,5.1,0.030952486991882324,0.012936882674694061,10.183356285095215,3.0952486991882324,5.1,-0.02458130568265915,-0.1293955147266388,-0.003096511587500572,128159.25,54639.88671875,73519.359375,128159.1328125,54639.7578125,73519.375,9.143897159447079e-07,2.359196969337063e-06,-2.125290592402962e-07,9.143897159447079e-05,10.820474416017532,5.28,0.8615206778049469,5.28,3.0952486991882324,1378.254235982895,1378.254235982895,greedy,3.0952486991882324,0.0,heuristic_recall_pool
450,N54587,observe,-0.24551133811473846,-4.32,-0.24551133811473846,3.0949034690856934,5.1,0.030949034690856934,0.012925885617733002,10.182467460632324,3.0949034690856934,5.1,-0.024579845368862152,-0.1293937712907791,-0.0030968310311436653,128159.078125,54639.6875,73519.390625,128158.921875,54639.53515625,73519.3828125,1.2191878795420052e-06,2.7881519599759486e-06,1.0626447988215659e-07,0.00012191878795420052,10.819386392831802,5.28,0.8613581955432892,5.28,3.0949034690856934,1381.3491394519806,1381.3491394519806,greedy,3.0949034690856934,0.0,heuristic_recall_pool
451,N51591,observe,-0.24550096690654755,-4.32,-0.24550096690654755,3.0946295261383057,5.1,0.030946295261383056,0.012917272746562958,10.181836128234863,3.0946295261383057,5.1,-0.024578601121902466,-0.12939117848873138,-0.003097131848335266,128158.90625,54639.5234375,73519.3828125,128158.671875,54639.30859375,73519.3671875,1.8287843204234377e-06,3.932020717911655e-06,2.1252898818602262e-07,0.00018287843204234377,10.818605542182922,5.28,0.8612563014030457,5.28,3.0946295261383057,1384.443768978119,1384.443768978119,greedy,3.0946295261383057,0.0,heuristic_recall_pool
452,N55359,observe,-0.24549119174480438,-4.32,-0.24549119174480438,3.0944039821624756,5.1,0.030944039821624757,0.012909788638353348,10.181368827819824,3.0944039821624756,5.1,-0.024577446281909943,-0.1293884515762329,-0.003097398206591606,128158.6640625,54639.3046875,73519.359375,128158.53125,54639.1796875,73519.3515625,1.0363130513724172e-06,2.2877304672874743e-06,1.062645296201481e-07,0.00010363130513724172,10.818028181791306,5.28,0.8611985743045807,5.28,3.0944039821624756,1387.5381729602814,1387.5381729602814,greedy,3.0944039821624756,0.0,heuristic_recall_pool
453,N51747,observe,-0.24548213183879852,-4.32,-0.24548213183879852,3.0942130088806152,5.1,0.03094213008880615,0.012903563678264618,10.181007385253906,3.0942130088806152,5.1,-0.024576455354690552,-0.12938590347766876,-0.0030976254492998123,128158.53125,54639.1796875,73519.3515625,128158.375,54639.07421875,73519.296875,1.2191931091365404e-06,1.9302769942441955e-06,7.438517855007376e-07,0.00012191931091365404,10.817574858665466,5.28,0.8611595630645752,5.28,3.0942130088806152,1390.632385969162,1390.632385969162,greedy,3.0942130088806152,0.0,heuristic_recall_pool
454,N54579,observe,-0.24547375738620758,-4.32,-0.24547375738620758,3.0940511226654053,5.1,0.030940511226654054,0.01289777085185051,10.180724143981934,3.0940511226654053,5.1,-0.024575568735599518,-0.12938368320465088,-0.003097821958363056,128158.34375,54639.0625,73519.28125,128158.203125,54638.93359375,73519.2734375,1.0972754580507171e-06,2.359232439630432e-06,1.0626464330698582e-07,0.00010972754580507171,10.817218393087387,5.28,0.8611369431018829,5.28,3.0940511226654053,1393.7264370918274,1393.7264370918274,greedy,3.0940511226654053,0.0,heuristic_recall_pool
455,N54589,observe,-0.24546585977077484,-4.32,-0.24546585977077484,3.0939080715179443,5.1,0.030939080715179444,0.01289243996143341,10.180496215820312,3.0939080715179443,5.1,-0.02457480877637863,-0.1293816715478897,-0.0030979933217167854,128158.21875,54638.93359375,73519.28125,128158.140625,54638.86328125,73519.28125,6.095980324971606e-07,1.2868571275248541e-06,0.0,6.095980324971606e-05,10.816923409700394,5.28,0.861120194196701,5.28,3.0939080715179443,1396.8203451633453,1396.8203451633453,greedy,3.0939080715179443,0.0,heuristic_recall_pool
456,N55351,observe,-0.24545864760875702,-4.32,-0.24545864760875702,3.0937838554382324,5.1,0.030937838554382324,0.012887731194496155,10.180307388305664,3.0937838554382324,5.1,-0.024574123322963715,-0.12937995791435242,-0.0030981414020061493,128158.125,54638.85546875,73519.265625,128158.015625,54638.7578125,73519.2578125,8.534378821423161e-07,1.787304086064978e-06,1.0626466462326789e-07,8.534378821423161e-05,10.816678911447525,5.28,0.8611104786396027,5.28,3.0937838554382324,1399.9141290187836,1399.9141290187836,greedy,3.0937838554382324,0.0,heuristic_recall_pool
457,N51595,observe,-0.24545170366764069,-4.32,-0.24545170366764069,3.0936739444732666,5.1,0.030936739444732665,0.012883603572845459,10.180152893066406,3.0936739444732666,5.1,-0.024573542177677155,-0.12937842309474945,-0.00309827271848917,128158.0234375,54638.7578125,73519.265625,128157.9765625,54638.7265625,73519.25,3.657593765638012e-07,5.719383580071735e-07,2.1252932924653578e-07,3.657593765638012e-05,10.816472619771957,5.28,0.8611024916172028,5.28,3.0936739444732666,1403.0078029632568,1403.0078029632568,greedy,3.0936739444732666,0.0,heuristic_recall_pool
458,N52769,observe,-0.24544553458690643,-4.32,-0.24544553458690643,3.0935771465301514,5.1,0.030935771465301513,0.012879803776741028,10.180025100708008,3.0935771465301514,5.1,-0.024573005735874176,-0.12937715649604797,-0.0030983816832304,128157.96875,54638.72265625,73519.25,128157.9375,54638.69140625,73519.2421875,2.4383970753660833e-07,5.719386990676867e-07,1.0626468593954996e-07,2.4383970753660833e-05,10.816301673650742,5.28,0.8610999882221222,5.28,3.0935771465301514,1406.101380109787,1406.101380109787,greedy,3.0935771465301514,0.0,heuristic_recall_pool
459,N55966,observe,-0.24543945491313934,-4.32,-0.24543945491313934,3.0934903621673584,5.1,0.030934903621673584,0.012876242399215698,10.179923057556152,3.0934903621673584,5.1,-0.024572528898715973,-0.1293759047985077,-0.003098520450294018,128157.984375,54638.765625,73519.21875,128157.90625,54638.71875,73519.1875,6.095991693655378e-07,8.579073664805037e-07,4.2505891428845644e-07,6.095991693655378e-05,10.816160529851913,5.28,0.8611004650592804,5.28,3.0934903621673584,1409.1948704719543,1409.1948704719543,greedy,3.0934903621673584,0.0,heuristic_recall_pool
460,N51968,observe,-0.24543426930904388,-4.32,-0.24543426930904388,3.093416929244995,5.1,0.03093416929244995,0.012873146682977676,10.179827690124512,3.093416929244995,5.1,-0.02457214891910553,-0.12937507033348083,-0.003098607063293457,128157.78125,54638.62890625,73519.15625,128157.765625,54638.60546875,73519.15625,1.2192002429856075e-07,4.289547632652102e-07,0.0,1.2192002429856075e-05,10.816029727458954,5.28,0.8610962629318237,5.28,3.093416929244995,1412.2882874011993,1412.2882874011993,greedy,3.093416929244995,0.0,heuristic_recall_pool
461,N55361,observe,-0.24542967975139618,-4.32,-0.24542967975139618,3.093350648880005,5.1,0.03093350648880005,0.012870393693447113,10.179754257202148,3.093350648880005,5.1,-0.024571828544139862,-0.12937413156032562,-0.003098679706454277,128157.796875,54638.59375,73519.203125,128157.765625,54638.57421875,73519.1875,2.4384002017541206e-07,3.574625395685871e-07,2.1252951398764708e-07,2.4384002017541206e-05,10.815922051668167,5.28,0.8610933721065521,5.28,3.093350648880005,1415.3816380500793,1415.3816380500793,greedy,3.093350648880005,0.0,heuristic_recall_pool
462,N51227,observe,-0.2454255074262619,-4.32,-0.2454255074262619,3.093291997909546,5.1,0.03093291997909546,0.012868102639913559,10.179702758789062,3.093291997909546,5.1,-0.024571500718593597,-0.1293732076883316,-0.003098737448453903,128157.75,54638.546875,73519.203125,128157.7109375,54638.5234375,73519.1875,3.048001246952481e-07,4.289554169645271e-07,2.1252951398764708e-07,3.048001246952481e-05,10.815844684839249,5.28,0.8610986173152924,5.28,3.093291997909546,1418.474930047989,1418.474930047989,greedy,3.093291997909546,0.0,heuristic_recall_pool
463,N53047,observe,-0.24542157351970673,-4.32,-0.24542157351970673,3.0932412147521973,5.1,0.030932412147521973,0.012866046279668808,10.179647445678711,3.0932412147521973,5.1,-0.024571217596530914,-0.1293724924325943,-0.003098797518759966,128157.6953125,54638.5390625,73519.15625,128157.6875,54638.52734375,73519.1640625,6.096005478184452e-08,2.1447773690397298e-07,-1.0626482094266976e-07,6.096005478184452e-06,10.815766900777817,5.28,0.8611004054546356,5.28,3.0932412147521973,1421.568171262741,1421.568171262741,greedy,3.0932412147521973,0.0,heuristic_recall_pool
464,N54772,observe,-0.2454179972410202,-4.32,-0.2454179972410202,3.093196153640747,5.1,0.03093196153640747,0.012864243239164352,10.179601669311523,3.093196153640747,5.1,-0.024570994079113007,-0.12937186658382416,-0.003098846413195133,128157.671875,54638.51953125,73519.15625,128157.578125,54638.453125,73519.125,7.315207994906814e-07,1.2153742545706336e-06,4.2505928377067903e-07,7.315207994906814e-05,10.81569841504097,5.28,0.861100047826767,5.28,3.093196153640747,1424.6613674163818,1424.6613674163818,greedy,3.093196153640747,0.0,heuristic_recall_pool
465,N54591,observe,-0.2454148381948471,-4.32,-0.2454148381948471,3.0931549072265625,5.1,0.030931549072265627,0.012862689793109894,10.179563522338867,3.0931549072265625,5.1,-0.024570763111114502,-0.12937131524085999,-0.003098892979323864,128157.5625,54638.4453125,73519.1171875,128157.5546875,54638.4453125,73519.109375,6.096011873069074e-08,0.0,1.0626487778608862e-07,6.096011873069074e-06,10.81564211845398,5.28,0.8611032962799072,5.28,3.0931549072265625,1427.7545223236084,1427.7545223236084,greedy,3.0931549072265625,0.0,heuristic_recall_pool
466,N54341,observe,-0.2454117387533188,-4.32,-0.2454117387533188,3.09311842918396,5.1,0.030931184291839598,0.01286124438047409,10.17953109741211,3.09311842918396,5.1,-0.02457057684659958,-0.12937085330486298,-0.003098936751484871,128157.546875,54638.4375,73519.109375,128157.53125,54638.42578125,73519.109375,1.219202516722362e-07,2.14478134807905e-07,0.0,1.2192025167223619e-05,10.815591841936111,5.28,0.8611046969890594,5.28,3.09311842918396,1430.8476407527924,1430.8476407527924,greedy,3.09311842918396,0.0,heuristic_recall_pool
467,N55959,observe,-0.24540846049785614,-4.32,-0.24540846049785614,3.0930850505828857,5.1,0.030930850505828857,0.012859620153903961,10.179509162902832,3.0930850505828857,5.1,-0.024570345878601074,-0.12937031686306,-0.003099009394645691,128157.59375,54638.5,73519.09375,128157.640625,54638.53125,73519.109375,-3.657605986973067e-07,-5.7194102964786e-07,-2.125298266264508e-07,-3.657605986973067e-05,10.81555962562561,5.28,0.861113965511322,5.28,3.0930850505828857,1433.9407258033752,1433.9407258033752,greedy,3.0930850505828857,0.0,heuristic_recall_pool
468,N55975,observe,-0.24540595710277557,-4.32,-0.24540595710277557,3.0930583477020264,5.1,0.030930583477020265,0.0128585584461689,10.179486274719238,3.0930583477020264,5.1,-0.024570204317569733,-0.12936992943286896,-0.003099069930613041,128157.6328125,54638.5234375,73519.109375,128157.6640625,54638.546875,73519.1171875,-2.438403328142158e-07,-4.289555874947837e-07,-1.0626489199694333e-07,-2.438403328142158e-05,10.815524190664291,5.28,0.8611157238483429,5.28,3.0930583477020264,1437.0337841510773,1437.0337841510773,greedy,3.0930583477020264,0.0,heuristic_recall_pool
469,N55363,observe,-0.24540404975414276,-4.32,-0.24540404975414276,3.093035936355591,5.1,0.03093035936355591,0.012857399880886078,10.179462432861328,3.093035936355591,5.1,-0.024570100009441376,-0.12936972081661224,-0.0030990825034677982,128157.578125,54638.45703125,73519.125,128157.5546875,54638.4375,73519.1171875,1.8288032777036278e-07,3.5746342064157943e-07,1.062648635752339e-07,1.8288032777036278e-05,10.815488368272781,5.28,0.8611145913600922,5.28,3.093035936355591,1440.1268200874329,1440.1268200874329,greedy,3.093035936355591,0.0,heuristic_recall_pool
470,N55891,observe,-0.24540157616138458,-4.32,-0.24540157616138458,3.093010663986206,5.1,0.03093010663986206,0.012856386601924896,10.179455757141113,3.093010663986206,5.1,-0.024569950997829437,-0.12936924397945404,-0.003099148627370596,128157.75,54638.62109375,73519.1328125,128157.796875,54638.6484375,73519.1484375,-3.6576017237166525e-07,-5.00447299600637e-07,-2.125297129396131e-07,-3.6576017237166525e-05,10.815471321344376,5.28,0.8611215054988861,5.28,3.093010663986206,1443.219830751419,1443.219830751419,greedy,3.093010663986206,0.0,heuristic_recall_pool
471,N55674,observe,-0.24539916217327118,-4.32,-0.24539916217327118,3.0929901599884033,5.1,0.030929901599884034,0.012855257838964462,10.179441452026367,3.0929901599884033,5.1,-0.02456982433795929,-0.1293688416481018,-0.003099198453128338,128157.703125,54638.58984375,73519.109375,128157.734375,54638.6171875,73519.1171875,-2.4384019070566865e-07,-5.004475838177314e-07,-1.0626489199694333e-07,-2.4384019070566865e-05,10.815449178218842,5.28,0.8611254692077637,5.28,3.0929901599884033,1446.3128209114075,1446.3128209114075,greedy,3.0929901599884033,0.0,heuristic_recall_pool
472,N54714,observe,-0.24539832770824432,-4.32,-0.24539832770824432,3.092974901199341,5.1,0.03092974901199341,0.012854434549808502,10.179418563842773,3.092974901199341,5.1,-0.024569742381572723,-0.12936869263648987,-0.0030991998501122,128157.609375,54638.47265625,73519.1328125,128157.578125,54638.453125,73519.125,2.4384038965763466e-07,3.5746333537645114e-07,1.0626485646980655e-07,2.4384038965763466e-05,10.815419226884842,5.28,0.8611241281032562,5.28,3.092974901199341,1449.4057958126068,1449.4057958126068,greedy,3.092974901199341,0.0,heuristic_recall_pool
473,N51749,observe,-0.24539677798748016,-4.32,-0.24539677798748016,3.0929572582244873,5.1,0.030929572582244873,0.01285356655716896,10.179401397705078,3.0929572582244873,5.1,-0.024569682776927948,-0.12936843931674957,-0.0030992073006927967,128157.5546875,54638.4453125,73519.109375,128157.515625,54638.44140625,73519.0703125,3.048006078643084e-07,7.149269976025607e-08,5.313244173521525e-07,3.048006078643084e-05,10.81539037823677,5.28,0.8611213862895966,5.28,3.0929572582244873,1452.4987530708313,1452.4987530708313,greedy,3.0929572582244873,0.0,heuristic_recall_pool
474,N55863,observe,-0.2453947216272354,-4.32,-0.2453947216272354,3.092940092086792,5.1,0.03092940092086792,0.012853167951107025,10.179403305053711,3.092940092086792,5.1,-0.02456957846879959,-0.12936800718307495,-0.0030992552638053894,128157.640625,54638.578125,73519.0625,128157.671875,54638.6015625,73519.0703125,-2.438403328142158e-07,-4.2895516116914223e-07,-1.0626495594578955e-07,-2.438403328142158e-05,10.815385550260544,5.28,0.8611280024051666,5.28,3.092940092086792,1455.591693162918,1455.591693162918,greedy,3.092940092086792,0.0,heuristic_recall_pool
475,N54333,observe,-0.24539409577846527,-4.32,-0.24539409577846527,3.0929315090179443,5.1,0.030929315090179443,0.012852653861045837,10.179391860961914,3.0929315090179443,5.1,-0.02456951141357422,-0.1293679177761078,-0.003099248744547367,128157.5,54638.4453125,73519.0546875,128157.4921875,54638.4375,73519.0546875,6.096014715240017e-08,1.4298539952051215e-07,0.0,6.096014715240017e-06,10.815372228622437,5.28,0.8611297011375427,5.28,3.0929315090179443,1458.684624671936,1458.684624671936,greedy,3.0929315090179443,0.0,heuristic_recall_pool
476,N54343,observe,-0.24539299309253693,-4.32,-0.24539299309253693,3.0929198265075684,5.1,0.030929198265075685,0.01285213977098465,10.17938232421875,3.0929198265075684,5.1,-0.024569451808929443,-0.12936773896217346,-0.0030992510728538036,128157.5078125,54638.4375,73519.0703125,128157.484375,54638.42578125,73519.0546875,1.828804272463458e-07,2.14478134807905e-07,2.125298976807244e-07,1.828804272463458e-05,10.815356969833374,5.28,0.8611303567886353,5.28,3.0929198265075684,1461.7775444984436,1461.7775444984436,greedy,3.0929198265075684,0.0,heuristic_recall_pool
477,N55870,observe,-0.24539141356945038,-4.32,-0.24539141356945038,3.092907667160034,5.1,0.03092907667160034,0.012851618230342865,10.179391860961914,3.092907667160034,5.1,-0.02456936240196228,-0.12936736643314362,-0.003099297173321247,128157.6875,54638.609375,73519.078125,128157.734375,54638.63671875,73519.09375,-3.6576034290192183e-07,-5.004474132874748e-07,-2.1252986925901496e-07,-3.657603429019218e-05,10.81536328792572,5.28,0.861138641834259,5.28,3.092907667160034,1464.8704521656036,1464.8704521656036,greedy,3.092907667160034,0.0,heuristic_recall_pool
478,N55877,observe,-0.24539022147655487,-4.32,-0.24539022147655487,3.092900514602661,5.1,0.03092900514602661,0.012851350009441376,10.179393768310547,3.092900514602661,5.1,-0.024569295346736908,-0.12936709821224213,-0.0030993353575468063,128157.71875,54638.6328125,73519.0859375,128157.75,54638.65234375,73519.09375,-2.438401622839592e-07,-3.574622837732022e-07,-1.0626492041865276e-07,-2.438401622839592e-05,10.815364748239517,5.28,0.8611440360546112,5.28,3.092900514602661,1467.9633526802063,1467.9633526802063,greedy,3.092900514602661,0.0,heuristic_recall_pool
479,N55884,observe,-0.24538926780223846,-4.32,-0.24538926780223846,3.0928919315338135,5.1,0.030928919315338133,0.012850657105445862,10.179391860961914,3.0928919315338135,5.1,-0.024569213390350342,-0.1293669044971466,-0.0030993642285466194,128157.7421875,54638.6484375,73519.09375,128157.765625,54638.6640625,73519.1015625,-1.8288010039668734e-07,-2.8596974743777537e-07,-1.062649133132254e-07,-1.8288010039668734e-05,10.815362453460693,5.28,0.8611496090888977,5.28,3.0928919315338135,1471.05624461174,1471.05624461174,greedy,3.0928919315338135,0.0,heuristic_recall_pool
480,N54345,observe,-0.2453889101743698,-4.32,-0.2453889101743698,3.092885732650757,5.1,0.030928857326507568,0.012849986553192139,10.179372787475586,3.092885732650757,5.1,-0.024569198489189148,-0.12936697900295258,-0.003099345602095127,128157.546875,54638.46875,73519.078125,128157.515625,54638.45703125,73519.0625,2.438405033444724e-07,2.1447800691021257e-07,2.1252986925901496e-07,2.4384050334447238e-05,10.815338671207428,5.28,0.8611447811126709,5.28,3.092885732650757,1474.1491303443909,1474.1491303443909,greedy,3.092885732650757,0.0,heuristic_recall_pool
481,N56532,observe,-0.24538852274417877,-4.32,-0.24538852274417877,3.0928823947906494,5.1,0.030928823947906494,0.012850295752286911,10.179389953613281,3.0928823947906494,5.1,-0.024569153785705566,-0.12936672568321228,-0.0030993609689176083,128157.546875,54638.46875,73519.078125,128157.5703125,54638.484375,73519.0859375,-1.8288037040292693e-07,-2.8597068535418657e-07,-1.0626493462950748e-07,-1.8288037040292693e-05,10.815356969833374,5.28,0.861152708530426,5.28,3.0928823947906494,1477.2420127391815,1477.2420127391815,greedy,3.0928823947906494,0.0,heuristic_recall_pool
482,N55898,observe,-0.2453874796628952,-4.154289644360542,-0.2453874796628952,3.09287428855896,5.4550936192274095,0.0309287428855896,0.012849729508161545,10.179390907287598,3.09287428855896,5.419584257304669,-0.02456909418106079,-0.1293664425611496,-0.003099389374256134,128157.7265625,54638.640625,73519.0859375,128157.75,54638.65625,73519.09375,-1.8288011460754205e-07,-2.859697758594848e-07,-1.0626492041865276e-07,-1.8288011460754205e-05,10.815355777740479,5.516729079484939,0.8611568808555603,5.516729079484939,3.09287428855896,1480.3348870277405,1480.3348870277405,greedy,3.09287428855896,0.0,heuristic_recall_pool
483,N51597,observe,-0.24538736045360565,-4.15429160952568,-0.24538736045360565,3.0928690433502197,5.455089408159256,0.030928690433502198,0.012849316000938416,10.179372787475586,3.0928690433502197,5.41958046734333,-0.024569086730480194,-0.12936650216579437,-0.003099367953836918,128157.546875,54638.47265625,73519.078125,128157.5234375,54638.4609375,73519.0625,1.8288037040292693e-07,2.1447799269935786e-07,2.1252986925901496e-07,1.8288037040292693e-05,10.815333157777786,5.516726272106171,0.861151784658432,5.516726272106171,3.0928690433502197,1483.4277560710907,1483.4277560710907,greedy,3.0928690433502197,0.0,heuristic_recall_pool
484,N52771,observe,-0.24538688361644745,-4.154292606711388,-0.24538688361644745,3.0928614139556885,5.455087271332741,0.030928614139556884,0.012849196791648865,10.179360389709473,3.0928614139556885,5.419578544199467,-0.024569086730480194,-0.1293664574623108,-0.0030993549153208733,128157.515625,54638.45703125,73519.0546875,128157.5,54638.44921875,73519.046875,1.2192028009394562e-07,1.4298537109880272e-07,1.0626497015664427e-07,1.2192028009394562e-05,10.815313130617142,5.51672484755516,0.8611467778682709,5.51672484755516,3.0928614139556885,1486.5206174850464,1486.5206174850464,greedy,3.0928614139556885,0.0,heuristic_recall_pool
485,N51589,observe,-0.2453862875699997,-4.154293766617775,-0.2453862875699997,3.092855215072632,5.455084785819054,0.03092855215072632,0.012849051505327225,10.179354667663574,3.092855215072632,5.419576307237148,-0.024569086730480194,-0.1293664276599884,-0.003099345602095127,128157.4609375,54638.4296875,73519.03125,128157.4609375,54638.4296875,73519.03125,0.0,0.0,0.0,0.0,10.815301209688187,5.516723190546035,0.8611437976360321,5.516723190546035,3.092855215072632,1489.613472700119,1489.613472700119,greedy,3.092855215072632,0.0,heuristic_recall_pool
486,N51599,observe,-0.24538587033748627,-4.154292769432068,-0.24538587033748627,3.09285044670105,5.4550869226455685,0.0309285044670105,0.012848921120166779,10.179352760314941,3.09285044670105,5.419578230381012,-0.02456904947757721,-0.12936638295650482,-0.0030993353575468063,128157.484375,54638.4375,73519.046875,128157.4765625,54638.4296875,73519.046875,6.096015425782753e-08,1.4298542794222158e-07,0.0,6.0960154257827526e-06,10.81529825925827,5.516724615097046,0.8611458539962769,5.516724615097046,3.09285044670105,1492.70632314682,1492.70632314682,greedy,3.09285044670105,0.0,heuristic_recall_pool
487,N53049,observe,-0.24538545310497284,-4.154292744398117,-0.24538545310497284,3.092848062515259,5.455086976289749,0.030928480625152587,0.012848980724811554,10.179353713989258,3.092848062515259,5.419578278660775,-0.024569042026996613,-0.12936629354953766,-0.0030993293039500713,128157.46875,54638.421875,73519.046875,128157.4609375,54638.421875,73519.0390625,6.096016136325488e-08,0.0,1.0626497726207162e-07,6.096016136325488e-06,10.815297573804855,5.516724650859832,0.8611462414264679,5.516724650859832,3.092848062515259,1495.7991712093353,1495.7991712093353,greedy,3.092848062515259,0.0,heuristic_recall_pool
488,N60231,observe,-0.24538423120975494,-4.154289932250977,-0.24538423120975494,3.0928432941436768,5.4550930023193365,0.030928432941436768,0.01284906268119812,10.179367065429688,3.0928432941436768,5.419583702087403,-0.024568982422351837,-0.12936615943908691,-0.003099369816482067,128157.578125,54638.52734375,73519.046875,128157.640625,54638.5625,73519.078125,-4.87680893002107e-07,-6.434333386096114e-07,-4.250599090482865e-07,-4.8768089300210704e-05,10.81531211733818,5.516728668212891,0.8611543476581573,5.516728668212891,3.0928432941436768,1498.892014503479,1498.892014503479,greedy,3.0928432941436768,0.0,heuristic_recall_pool
489,N53103,observe,-0.24538446962833405,-4.154287925362587,-0.24538446962833405,3.0928657054901123,5.4550973027944565,0.030928657054901124,0.012850821018218994,10.179433822631836,3.0928657054901123,5.41958757251501,-0.024568937718868256,-0.1293664276599884,-0.00309938145801425,128157.375,54638.296875,73519.078125,128157.4453125,54638.3515625,73519.09375,-5.486418785949354e-07,-1.0009005109168356e-06,-2.1252986925901496e-07,-5.486418785949354e-05,10.815405756235123,5.516731535196303,0.8611811101436615,5.516731535196303,3.0928657054901123,1501.9848802089691,1501.9848802089691,greedy,3.0928657054901123,0.0,heuristic_recall_pool
490,N51601,observe,-0.24538449943065643,-4.154289777874947,-0.24538449943065643,3.092857837677002,5.455093333125114,0.03092857837677002,0.012849807739257812,10.179410934448242,3.092857837677002,5.419583999812603,-0.024569004774093628,-0.12936638295650482,-0.003099361900240183,128157.5703125,54638.5,73519.0703125,128157.53125,54638.4765625,73519.0546875,3.0480057944259897e-07,4.289557864467497e-07,2.125298976807244e-07,3.0480057944259897e-05,10.815368294715881,5.516728888750076,0.8611667156219482,5.516728888750076,3.092857837677002,1505.0777380466461,1505.0777380466461,greedy,3.092857837677002,0.0,heuristic_recall_pool
491,N54595,observe,-0.24538438022136688,-4.154288601279259,-0.24538438022136688,3.0928499698638916,5.455095854401589,0.030928499698638916,0.012849166989326477,10.179393768310547,3.0928499698638916,5.41958626896143,-0.024569004774093628,-0.12936632335186005,-0.0030993474647402763,128157.515625,54638.46875,73519.046875,128157.4921875,54638.453125,73519.0390625,1.8288041303549107e-07,2.8597068535418657e-07,1.0626497726207162e-07,1.8288041303549107e-05,10.815343260765076,5.516730569601059,0.8611604571342468,5.516730569601059,3.0928499698638916,1508.17058801651,1508.17058801651,greedy,3.0928499698638916,0.0,heuristic_recall_pool
492,N51751,observe,-0.245384082198143,-4.154288108944893,-0.245384082198143,3.0928449630737305,5.4550969094038,0.030928449630737306,0.012849058955907822,10.1793851852417,3.0928449630737305,5.419587218463421,-0.024569004774093628,-0.12936624884605408,-0.0030993386171758175,128157.4921875,54638.453125,73519.0390625,128157.46875,54638.44140625,73519.03125,1.8288045566805522e-07,2.1447806375363143e-07,1.0626499147292634e-07,1.8288045566805522e-05,10.815329670906067,5.516731272935867,0.8611570596694946,5.516731272935867,3.0928449630737305,1511.2634329795837,1511.2634329795837,greedy,3.0928449630737305,0.0,heuristic_recall_pool
493,N55367,observe,-0.2453838437795639,-4.154287145137787,-0.2453838437795639,3.092841386795044,5.455098974704743,0.03092841386795044,0.012848913669586182,10.179378509521484,3.092841386795044,5.419589077234268,-0.024568989872932434,-0.1293662041425705,-0.003099330235272646,128157.4609375,54638.4296875,73519.03125,128157.453125,54638.42578125,73519.03125,6.096016846868224e-08,7.149272107653815e-08,0.0,6.096016846868224e-06,10.815320909023285,5.516732649803162,0.8611559867858887,5.516732649803162,3.092841386795044,1514.3562743663788,1514.3562743663788,greedy,3.092841386795044,0.0,heuristic_recall_pool
494,N52773,observe,-0.2453836053609848,-4.154286352396012,-0.2453836053609848,3.0928385257720947,5.455100673437118,0.030928385257720948,0.012848787009716034,10.179376602172852,3.0928385257720947,5.419590606093407,-0.024568982422351837,-0.12936614453792572,-0.0030993251129984856,128157.453125,54638.42578125,73519.03125,128157.453125,54638.421875,73519.03125,0.0,7.14927281819655e-08,0.0,0.0,10.815316885709763,5.516733782291412,0.8611555397510529,5.516733782291412,3.0928385257720947,1517.4491128921509,1517.4491128921509,greedy,3.0928385257720947,0.0,heuristic_recall_pool
495,N53051,observe,-0.2453833669424057,-4.154285939335823,-0.2453833669424057,3.092836618423462,5.455101558566094,0.03092836618423462,0.01284865289926529,10.179373741149902,3.092836618423462,5.419591402709484,-0.024568982422351837,-0.12936608493328094,-0.0030993232503533363,128157.453125,54638.421875,73519.03125,128157.4375,54638.4140625,73519.0234375,1.2192033693736448e-07,1.42985456363931e-07,1.062649985783537e-07,1.2192033693736448e-05,10.81531211733818,5.516734372377395,0.8611543476581573,5.516734372377395,3.092836618423462,1520.5419495105743,1520.5419495105743,greedy,3.092836618423462,0.0,heuristic_recall_pool
496,N54349,observe,-0.2453830987215042,-4.154283440113067,-0.2453830987215042,3.092834949493408,5.4551069140434265,0.03092834949493408,0.01284860074520111,10.179372787475586,3.092834949493408,5.4195962226390835,-0.024568937718868256,-0.12936609983444214,-0.0030993162654340267,128157.4296875,54638.40625,73519.0234375,128157.4296875,54638.40625,73519.0234375,0.0,0.0,0.0,0.0,10.815313965082169,5.516737942695617,0.861158162355423,5.516737942695617,3.092834949493408,1523.6347844600677,1523.6347844600677,greedy,3.092834949493408,0.0,heuristic_recall_pool
497,N60336,observe,-0.2453831285238266,-4.1542801189422605,-0.2453831285238266,3.0928661823272705,5.455114030838013,0.030928661823272707,0.012851294130086899,10.179483413696289,3.0928661823272705,5.419602627754211,-0.02456887811422348,-0.12936630845069885,-0.0030993721447885036,128157.296875,54638.21875,73519.078125,128157.4375,54638.328125,73519.109375,-1.0972843256240594e-06,-2.001803977691452e-06,-4.250597385180299e-07,-0.00010972843256240594,10.815461784601212,5.516742687225341,0.8611995875835419,5.516742687225341,3.0928661823272705,1526.727650642395,1526.727650642395,greedy,3.0928661823272705,0.0,heuristic_recall_pool
498,N55844,observe,-0.2453828901052475,-4.15427963912487,-0.2453828901052475,3.0928609371185303,5.455115059018135,0.030928609371185304,0.012850485742092133,10.179475784301758,3.0928609371185303,5.419603553116322,-0.024568945169448853,-0.12936614453792572,-0.003099387511610985,128157.7109375,54638.6328125,73519.078125,128157.71875,54638.640625,73519.078125,-6.096004767641716e-08,-1.4298491635145183e-07,0.0,-6.096004767641716e-06,10.815442204475403,5.516743372678756,0.8611896634101868,5.516743372678756,3.0928609371185303,1529.8205115795135,1529.8205115795135,greedy,3.0928609371185303,0.0,heuristic_recall_pool
499,N54716,observe,-0.24538324773311615,-4.15428149163723,-0.24538324773311615,3.0928547382354736,5.455111089348793,0.030928547382354735,0.012849584221839905,10.17944049835205,3.0928547382354736,5.419599980413913,-0.024568982422351837,-0.12936624884605408,-0.0030993660911917686,128157.5546875,54638.5078125,73519.046875,128157.515625,54638.48046875,73519.0390625,3.048006078643084e-07,5.004483227821765e-07,1.0626497726207162e-07,3.048006078643084e-05,10.81539699435234,5.516740726232529,0.8611755669116974,5.516740726232529,3.0928547382354736,1532.913366317749,1532.913366317749,greedy,3.0928547382354736,0.0,heuristic_recall_pool
500,N51753,observe,-0.24538318812847137,-4.15428228020668,-0.24538318812847137,3.092845916748047,5.455109399557114,0.03092845916748047,0.012849073857069016,10.17941665649414,3.092845916748047,5.419598459601403,-0.024569012224674225,-0.1293661743402481,-0.003099355846643448,128157.5078125,54638.4765625,73519.03125,128157.4921875,54638.4609375,73519.03125,1.2192028009394562e-07,2.859706285107677e-07,0.0,1.2192028009394562e-05,10.815361350774765,5.516739599704742,0.8611644208431244,5.516739599704742,3.092845916748047,1536.006212234497,1536.006212234497,greedy,3.092845916748047,0.0,heuristic_recall_pool
501,N54593,observe,-0.24538294970989227,-4.154281082749367,-0.24538294970989227,3.092839479446411,5.455111965537071,0.03092839479446411,0.012848541140556335,10.179400444030762,3.092839479446411,5.419600768983364,-0.024568982422351837,-0.12936611473560333,-0.0030993446707725525,128157.46875,54638.44921875,73519.0234375,128157.46875,54638.44140625,73519.0234375,0.0,1.4298538530965743e-07,0.0,0.0,10.81534168124199,5.5167413103580465,0.8611617386341095,5.5167413103580465,3.092839479446411,1539.0990517139435,1539.0990517139435,greedy,3.092839479446411,0.0,heuristic_recall_pool
502,N51230,observe,-0.24538259208202362,-4.154281232953072,-0.24538259208202362,3.0928356647491455,5.45511164367199,0.030928356647491453,0.012848716229200363,10.179390907287598,3.0928356647491455,5.4196004793047905,-0.024568982422351837,-0.12936607003211975,-0.003099337685853243,128157.4609375,54638.4375,73519.0234375,128157.46875,54638.4375,73519.03125,-6.096016846868224e-08,0.0,-1.0626501278920841e-07,-6.096016846868224e-06,10.81532832980156,5.5167410957813265,0.8611584007740021,5.5167410957813265,3.0928356647491455,1542.1918873786926,1542.1918873786926,greedy,3.0928356647491455,0.0,heuristic_recall_pool
503,N55365,observe,-0.24538247287273407,-4.154279885292054,-0.24538247287273407,3.0928328037261963,5.455114531517029,0.030928328037261962,0.012848515063524246,10.179384231567383,3.0928328037261963,5.419603078365326,-0.02456895262002945,-0.12936602532863617,-0.0030993325635790825,128157.453125,54638.42578125,73519.0234375,128157.4453125,54638.421875,73519.0234375,6.096016846868224e-08,7.14927281819655e-08,0.0,6.096016846868224e-06,10.815321773290634,5.516743021011353,0.8611589968204498,5.516743021011353,3.0928328037261963,1545.2847201824188,1545.2847201824188,greedy,3.0928328037261963,0.0,heuristic_recall_pool
504,N54597,observe,-0.2453824132680893,-4.154279121756554,-0.2453824132680893,3.0928311347961426,5.455116167664528,0.030928311347961427,0.012848436832427979,10.17938232421875,3.0928311347961426,5.419604550898075,-0.024568945169448853,-0.12936599552631378,-0.003099328838288784,128157.4375,54638.41796875,73519.015625,128157.4375,54638.4140625,73519.0234375,0.0,7.149273528739286e-08,-1.0626502700006313e-07,0.0,10.815318942070007,5.516744111776351,0.8611588478088379,5.516744111776351,3.0928311347961426,1548.377551317215,1548.377551317215,greedy,3.0928311347961426,0.0,heuristic_recall_pool
505,N51231,observe,-0.24538229405879974,-4.154279000759125,-0.24538229405879974,3.0928308963775635,5.455116426944732,0.030928308963775634,0.012848541140556335,10.179391860961914,3.0928308963775635,5.419604784250259,-0.024568945169448853,-0.12936589121818542,-0.0030993185937404633,128157.4375,54638.390625,73519.046875,128157.4140625,54638.3828125,73519.03125,1.828805267223288e-07,1.429855416290593e-07,2.1252995452414325e-07,1.828805267223288e-05,10.815328240394592,5.516744284629822,0.8611611723899841,5.516744284629822,3.0928308963775635,1551.4703822135925,1551.4703822135925,greedy,3.0928308963775635,0.0,heuristic_recall_pool
506,N52775,observe,-0.24538211524486542,-4.154278934001923,-0.24538211524486542,3.092829942703247,5.45511656999588,0.03092829942703247,0.012848526239395142,10.179388046264648,3.092829942703247,5.4196049129962915,-0.024568945169448853,-0.12936590611934662,-0.003099316731095314,128157.40625,54638.3984375,73519.0078125,128157.4140625,54638.3984375,73519.015625,-6.096018978496431e-08,0.0,-1.0626503410549049e-07,-6.096018978496431e-06,10.81532347202301,5.516744379997252,0.8611599802970886,5.516744379997252,3.092829942703247,1554.5632121562958,1554.5632121562958,greedy,3.092829942703247,0.0,heuristic_recall_pool
507,N55369,observe,-0.24538205564022064,-4.15427884221077,-0.24538205564022064,3.0928289890289307,5.455116766691208,0.030928289890289305,0.012848533689975739,10.1793851852417,3.0928289890289307,5.419605090022087,-0.02456895262002945,-0.1293659210205078,-0.003099312074482441,128157.40625,54638.390625,73519.015625,128157.4140625,54638.3984375,73519.015625,-6.096018978496431e-08,-1.429855416290593e-07,0.0,-6.096018978496431e-06,10.815318912267685,5.516744511127472,0.8611582815647125,5.516744511127472,3.0928289890289307,1557.6560411453247,1557.6560411453247,greedy,3.0928289890289307,0.0,heuristic_recall_pool
508,N52721,observe,-0.2453819364309311,-4.154277594685555,-0.2453819364309311,3.0928289890289307,5.455119439959526,0.030928289890289305,0.01284860074520111,10.179384231567383,3.0928289890289307,5.419607495963573,-0.02456893026828766,-0.1293659657239914,-0.0030993102118372917,128157.40625,54638.390625,73519.015625,128157.40625,54638.39453125,73519.015625,0.0,-7.149277081452965e-08,0.0,0.0,10.815320193767548,5.51674629330635,0.8611602783203125,5.51674629330635,3.0928289890289307,1560.7488701343536,1560.7488701343536,greedy,3.0928289890289307,0.0,heuristic_recall_pool
509,N54599,observe,-0.24538178741931915,-4.154277398586274,-0.24538178741931915,3.0928289890289307,5.455119860172271,0.030928289890289305,0.01284850761294365,10.179383277893066,3.0928289890289307,5.419607874155044,-0.024568922817707062,-0.1293659806251526,-0.0030993064865469933,128157.40625,54638.38671875,73519.015625,128157.40625,54638.390625,73519.015625,0.0,-7.149277791995701e-08,0.0,0.0,10.815319985151291,5.516746573448181,0.8611607849597931,5.516746573448181,3.0928289890289307,1563.8416991233826,1563.8416991233826,greedy,3.0928289890289307,0.0,heuristic_recall_pool
510,N60234,observe,-0.245392844080925,-4.154303763508797,-0.245392844080925,3.0932106971740723,5.455063363909722,0.030932106971740723,0.012861397117376328,10.180097579956055,3.0932106971740723,5.419557027518749,-0.02456951141357422,-0.1293642222881317,-0.00309908390045166,128157.4921875,54638.4765625,73519.015625,128157.8984375,54638.6796875,73519.21875,-3.1699278224550653e-06,-3.7176182559051085e-06,-2.7628907446342055e-06,-0.00031699278224550653,10.816357135772705,5.516708909273148,0.8613759279251099,5.516708909273148,3.0932106971740723,1566.9349098205566,1566.9349098205566,greedy,3.0932106971740723,0.0,heuristic_recall_pool
511,N51173,observe,-0.24539081752300262,-4.154258548021317,-0.24539081752300262,3.093066453933716,5.4551602542400355,0.03093066453933716,0.012854766100645065,10.17979621887207,3.093066453933716,5.419644228816033,-0.024570338428020477,-0.12936677038669586,-0.0030991495586931705,128157.796875,54638.56640625,73519.2265625,128157.609375,54638.49609375,73519.109375,1.4630401210524724e-06,1.286865767724521e-06,1.5939707509460277e-06,0.00014630401210524724,10.815828830003738,5.51677350282669,0.8611818253993988,5.51677350282669,3.093066453933716,1570.0279762744904,1570.0279762744904,greedy,3.093066453933716,0.0,heuristic_recall_pool
512,N54347,observe,-0.24539022147655487,-4.15426253259182,-0.24539022147655487,3.0930161476135254,5.455151715874672,0.030930161476135254,0.012853309512138367,10.17967700958252,3.0930161476135254,5.419636544287205,-0.024570219218730927,-0.12936720252037048,-0.003099162131547928,128157.578125,54638.5,73519.078125,128157.59375,54638.515625,73519.078125,-1.2192022325052676e-07,-2.8597051482393e-07,0.0,-1.2192022325052676e-05,10.815671235322952,5.516767810583114,0.8611513674259186,5.516767810583114,3.0930161476135254,1573.1209924221039,1573.1209924221039,greedy,3.0930161476135254,0.0,heuristic_recall_pool
513,N19720,observe,-0.245389923453331,-4.154262891411781,-0.245389923453331,3.093000650405884,5.455150946974754,0.03093000650405884,0.012853067368268967,10.179624557495117,3.093000650405884,5.4196358522772785,-0.02456999570131302,-0.12936756014823914,-0.0030991737730801105,128157.4140625,54638.3671875,73519.046875,128157.421875,54638.34765625,73519.078125,-6.096018978496431e-08,3.5746401749747747e-07,-4.250599090482865e-07,-6.096018978496431e-06,10.815625637769699,5.516767297983169,0.8611567318439484,5.516767297983169,3.093000650405884,1576.2139930725098,1576.2139930725098,greedy,3.093000650405884,0.0,heuristic_recall_pool
514,N53053,observe,-0.24538950622081757,-4.154266988635063,-0.24538950622081757,3.092973470687866,5.455142167210579,0.030929734706878664,0.012852564454078674,10.179572105407715,3.092973470687866,5.419627950489521,-0.024569936096668243,-0.12936753034591675,-0.0030991830863058567,128157.6015625,54638.4921875,73519.109375,128157.578125,54638.48046875,73519.09375,1.8288029934865335e-07,2.1447792164508428e-07,2.1252978399388667e-07,1.8288029934865335e-05,10.815551966428757,5.516761444807052,0.8611427843570709,5.516761444807052,3.092973470687866,1579.3069665431976,1579.3069665431976,greedy,3.092973470687866,0.0,heuristic_recall_pool
515,N51605,observe,-0.24538879096508026,-4.154267835617065,-0.24538879096508026,3.0929524898529053,5.4551403522491455,0.030929524898529053,0.012851785868406296,10.17953109741211,3.0929524898529053,5.419626317024231,-0.024569816887378693,-0.129367396235466,-0.003099195659160614,128157.5703125,54638.4765625,73519.09375,128157.515625,54638.45703125,73519.0625,4.26720788482271e-07,3.574633069547417e-07,4.250596532529016e-07,4.26720788482271e-05,10.815501898527145,5.516760234832763,0.8611392080783844,5.516760234832763,3.0929524898529053,1582.3999190330505,1582.3999190330505,greedy,3.0929524898529053,0.0,heuristic_recall_pool
516,N54351,observe,-0.2453879863023758,-4.154266621470452,-0.2453879863023758,3.092935800552368,5.455142953991889,0.030929358005523683,0.01285109668970108,10.179505348205566,3.092935800552368,5.419628658592701,-0.024569682776927948,-0.12936726212501526,-0.0030992035754024982,128157.5,54638.4453125,73519.0546875,128157.484375,54638.44140625,73519.0390625,1.2192029430480034e-07,7.149269976025607e-08,2.1252994031328853e-07,1.2192029430480034e-05,10.81547287106514,5.516761969327926,0.8611420094966888,5.516761969327926,3.092935800552368,1585.492854833603,1585.492854833603,greedy,3.092935800552368,0.0,heuristic_recall_pool
517,N55371,observe,-0.24538742005825043,-4.1542684364318845,-0.24538742005825043,3.092921495437622,5.455139064788819,0.03092921495437622,0.012850910425186157,10.179481506347656,3.092921495437622,5.419625158309936,-0.02456960827112198,-0.12936711311340332,-0.0030992194078862667,128157.484375,54638.44140625,73519.0390625,128157.4765625,54638.4375,73519.0390625,6.096015425782753e-08,7.149270686568343e-08,0.0,6.0960154257827526e-06,10.81544217467308,5.5167593765258784,0.8611399233341217,5.5167593765258784,3.092921495437622,1588.5857763290405,1588.5857763290405,greedy,3.092921495437622,0.0,heuristic_recall_pool
518,N51755,observe,-0.2453867644071579,-4.154270063638688,-0.2453867644071579,3.092909336090088,5.4551355779170985,0.03092909336090088,0.012850906699895859,10.179465293884277,3.092909336090088,5.419622020125389,-0.024569548666477203,-0.1293669492006302,-0.0030992282554507256,128157.4609375,54638.4296875,73519.03125,128157.4609375,54638.4296875,73519.03125,0.0,0.0,0.0,0.0,10.815419763326645,5.516757051944732,0.861138790845871,5.516757051944732,3.092909336090088,1591.6786856651306,1591.6786856651306,greedy,3.092909336090088,0.0,heuristic_recall_pool
519,N51701,observe,-0.24538616836071014,-4.154270021915436,-0.24538616836071014,3.0928988456726074,5.455135667324066,0.030928988456726075,0.01285039633512497,10.179450988769531,3.0928988456726074,5.41962210059166,-0.02456945925951004,-0.12936682999134064,-0.0030992357060313225,128157.453125,54638.41796875,73519.03125,128157.4453125,54638.4140625,73519.03125,6.096016846868224e-08,7.149273528739286e-08,0.0,6.096016846868224e-06,10.815403908491135,5.516757111549377,0.8611415326595306,5.516757111549377,3.0928988456726074,1594.7715845108032,1594.7715845108032,greedy,3.0928988456726074,0.0,heuristic_recall_pool
520,N55828,observe,-0.24538497626781464,-4.154268624186516,-0.24538497626781464,3.092888832092285,5.4551386624574665,0.030928888320922852,0.012850109487771988,10.179450035095215,3.092888832092285,5.419624796211719,-0.024569347500801086,-0.12936663627624512,-0.0030992752872407436,128157.546875,54638.50390625,73519.0390625,128157.6015625,54638.5390625,73519.0625,-4.267208737473993e-07,-6.434336228267057e-07,-3.18794974418779e-07,-4.267208737473993e-05,10.815404117107391,5.516759108304977,0.8611499667167664,5.516759108304977,3.092888832092285,1597.8644733428955,1597.8644733428955,greedy,3.092888832092285,0.0,heuristic_recall_pool
521,N55897,observe,-0.24538449943065643,-4.154068206548691,-0.24538449943065643,3.0928821563720703,5.455568128824234,0.030928821563720704,0.012849800288677216,10.179458618164062,3.0928821563720703,5.420011315941811,-0.024569258093833923,-0.1293661743402481,-0.003099333494901657,128157.7578125,54638.6640625,73519.09375,128157.78125,54638.6796875,73519.1015625,-1.828800719749779e-07,-2.859696621726471e-07,-1.062649133132254e-07,-1.828800719749779e-05,10.81541496515274,5.5170454192161555,0.8611593842506409,5.5170454192161555,3.0928821563720703,1600.9573554992676,1600.9573554992676,greedy,3.0928821563720703,0.0,heuristic_recall_pool
522,N43537,observe,-0.2453877478837967,-4.154081758260727,-0.2453877478837967,3.0930087566375732,5.4555390894413,0.030930087566375733,0.012853123247623444,10.179665565490723,3.0930087566375732,5.41998518049717,-0.02456960827112198,-0.12936553359031677,-0.0030992855317890644,128157.6484375,54638.5625,73519.0859375,128157.890625,54638.69140625,73519.203125,-1.8897623021985055e-06,-2.359254040129599e-06,-1.5939738204906462e-06,-0.00018897623021985055,10.815713495016098,5.517026059627533,0.8612077534198761,5.517026059627533,3.0930087566375732,1604.0503642559052,1604.0503642559052,greedy,3.0930087566375732,0.0,heuristic_recall_pool
523,N55890,observe,-0.24538682401180267,-4.154080665111541,-0.24538682401180267,3.09295654296875,5.455541431903839,0.0309295654296875,0.012850817292928696,10.17957592010498,3.09295654296875,5.419987288713455,-0.02456977218389511,-0.1293659806251526,-0.0030993432737886906,128158.03125,54638.80859375,73519.21875,128157.9140625,54638.7421875,73519.171875,9.143984129877936e-07,1.2153677744208835e-06,6.375884140652488e-07,9.143984129877936e-05,10.81555524468422,5.517027621269225,0.8611558973789215,5.517027621269225,3.09295654296875,1607.143320798874,1607.143320798874,greedy,3.09295654296875,0.0,heuristic_recall_pool
524,N55862,observe,-0.24538640677928925,-4.154106024503708,-0.24538640677928925,3.092932939529419,5.455487090349198,0.030929329395294188,0.012849997729063034,10.179536819458008,3.092932939529419,5.419938381314278,-0.02456963062286377,-0.12936584651470184,-0.0030993809923529625,128157.8671875,54638.7109375,73519.15625,128157.890625,54638.7265625,73519.1640625,-1.8287991565557604e-07,-2.859694063772622e-07,-1.0626482094266976e-07,-1.8287991565557604e-05,10.81550669670105,5.516991393566132,0.8611543774604797,5.516991393566132,3.092932939529419,1610.2362537384033,1610.2362537384033,greedy,3.092932939529419,0.0,heuristic_recall_pool
525,N55824,observe,-0.24539802968502045,-4.1543338459730155,-0.24539802968502045,3.0933244228363037,5.454998901486397,0.030933244228363035,0.012855164706707,10.180030822753906,3.0933244228363037,5.4194990113377575,-0.024573780596256256,-0.12936927378177643,-0.003099110908806324,128157.71875,54638.578125,73519.140625,128158.515625,54639.1015625,73519.4140625,-6.217924237716943e-06,-9.57999873207882e-06,-3.7192694435361773e-06,-0.0006217924237716943,10.815977185964584,5.516665934324265,0.8609607517719269,5.516665934324265,3.0933244228363037,1613.3295781612396,1613.3295781612396,greedy,3.0933244228363037,0.0,heuristic_recall_pool
526,N55825,observe,-0.24541448056697845,-4.153971600532532,-0.24541448056697845,3.0938332080841064,5.455775141716003,0.030938332080841065,0.012864723801612854,10.180869102478027,3.0938332080841064,5.420197627544403,-0.0245765820145607,-0.12936927378177643,-0.0030986927449703217,128158.484375,54639.09375,73519.390625,128158.828125,54639.24609375,73519.578125,-2.682225840544561e-06,-2.7881822006747825e-06,-2.5503475171717582e-06,-0.0002682225840544561,10.817044109106064,5.517183427810668,0.8610173761844635,5.517183427810668,3.0938332080841064,1616.4234113693237,1616.4234113693237,greedy,3.0938332080841064,0.0,heuristic_recall_pool
527,N55876,observe,-0.24541138112545013,-4.153833980560303,-0.24541138112545013,3.0935957431793213,5.456070041656494,0.030935957431793212,0.012856286019086838,10.180485725402832,3.0935957431793213,5.420463037490845,-0.02457600086927414,-0.12936881184577942,-0.0030988436192274094,128159.0625,54639.41796875,73519.640625,128158.5546875,54639.140625,73519.4140625,3.962361006415449e-06,5.075891294836765e-06,3.081659542658599e-06,0.0003962361006415449,10.81648138165474,5.517380027770996,0.8609202802181244,5.517380027770996,3.0935957431793213,1619.517007112503,1619.517007112503,greedy,3.0935957431793213,0.0,heuristic_recall_pool
528,N54353,observe,-0.2454114407300949,-4.154059256911278,-0.2454114407300949,3.0934667587280273,5.45558730661869,0.030934667587280272,0.012853741645812988,10.180257797241211,3.0934667587280273,5.420028575956821,-0.02457515150308609,-0.1293685883283615,-0.003098896238952875,128158.25,54638.88671875,73519.359375,128158.046875,54638.765625,73519.28125,1.5849545889068395e-06,2.2162557797855698e-06,1.0626453104123357e-06,0.00015849545889068395,10.81620940566063,5.51705820441246,0.8609159886837006,5.51705820441246,3.0934667587280273,1622.610473871231,1622.610473871231,greedy,3.0934667587280273,0.0,heuristic_recall_pool
529,N36258,observe,-0.24541015923023224,-4.1542019504308705,-0.24541015923023224,3.093374490737915,5.455281534790992,0.03093374490737915,0.012852586805820465,10.18011474609375,3.093374490737915,5.419753381311893,-0.02457430213689804,-0.1293681412935257,-0.0030989544466137886,128158.0546875,54638.78125,73519.2734375,128157.96875,54638.69921875,73519.265625,6.705587338728947e-07,1.50133746501524e-06,1.0626465041241318e-07,6.705587338728947e-05,10.816059023141861,5.516854356527328,0.8609420955181122,5.516854356527328,3.093374490737915,1625.703848361969,1625.703848361969,greedy,3.093374490737915,0.0,heuristic_recall_pool
530,N54601,observe,-0.24540828168392181,-4.154251742959023,-0.24540828168392181,3.0932977199554443,5.455174836516381,0.030932977199554443,0.012851253151893616,10.1799898147583,3.0932977199554443,5.419657352864743,-0.02457365393638611,-0.12936794757843018,-0.0030989795923233032,128157.953125,54638.68359375,73519.2734375,128157.90625,54638.65234375,73519.25,3.657595755157672e-07,5.719390969716187e-07,3.187939512372395e-07,3.657595755157672e-05,10.815922141075134,5.516783224344254,0.8609564900398254,5.516783224344254,3.0932977199554443,1628.7971460819244,1628.7971460819244,greedy,3.0932977199554443,0.0,heuristic_recall_pool
531,N52723,observe,-0.2454061359167099,-4.154264435172081,-0.2454061359167099,3.093230962753296,5.455147638916969,0.030932309627532958,0.012850385159254074,10.179888725280762,3.093230962753296,5.419632875025272,-0.024573102593421936,-0.1293676793575287,-0.0030990075320005417,128157.875,54638.64453125,73519.234375,128157.75,54638.55859375,73519.1953125,9.753595122674596e-07,1.572833639329474e-06,5.313235647008696e-07,9.753595122674596e-05,10.815809428691864,5.516765092611312,0.8609696626663208,5.516765092611312,3.093230962753296,1631.8903770446777,1631.8903770446777,greedy,3.093230962753296,0.0,heuristic_recall_pool
532,N19719,observe,-0.2454044371843338,-4.154265532493591,-0.2454044371843338,3.0931971073150635,5.455145287513733,0.030931971073150634,0.012851003557443619,10.179845809936523,3.0931971073150635,5.419630758762359,-0.024572573602199554,-0.12936773896217346,-0.003099041059613228,128157.5234375,54638.3515625,73519.171875,128157.5703125,54638.3828125,73519.1875,-3.6576082607098215e-07,-5.719425644201692e-07,-2.1252959925277537e-07,-3.6576082607098215e-05,10.815785557031631,5.516763525009155,0.8610033690929413,5.516763525009155,3.0931971073150635,1634.9835741519928,1634.9835741519928,greedy,3.0931971073150635,0.0,heuristic_recall_pool
533,N55905,observe,-0.24540184438228607,-4.15426549911499,-0.24540184438228607,3.0931427478790283,5.455145359039307,0.030931427478790283,0.012849852442741394,10.17978286743164,3.0931427478790283,5.419630823135376,-0.02457219362258911,-0.12936730682849884,-0.0030991099774837494,128157.9765625,54638.7578125,73519.21875,128157.9765625,54638.7578125,73519.21875,0.0,0.0,0.0,0.0,10.815706253051758,5.51676357269287,0.8610120415687561,5.51676357269287,3.0931427478790283,1638.0767168998718,1638.0767168998718,greedy,3.0931427478790283,0.0,heuristic_recall_pool
534,N53001,observe,-0.24539999663829803,-4.1542703306674955,-0.24539999663829803,3.0931003093719482,5.455135005712509,0.030931003093719482,0.012848988175392151,10.179713249206543,3.0931003093719482,5.419621505141258,-0.02457185834646225,-0.12936723232269287,-0.0030991239473223686,128157.7890625,54638.5859375,73519.203125,128157.6875,54638.5078125,73519.1796875,7.924801366243628e-07,1.429850271961186e-06,3.1879426387604326e-07,7.924801366243628e-05,10.815627723932266,5.516756670475006,0.8610175549983978,5.516756670475006,3.0931003093719482,1641.1698172092438,1641.1698172092438,greedy,3.0931003093719482,0.0,heuristic_recall_pool
535,N22487,observe,-0.24539808928966522,-4.154272354245187,-0.24539808928966522,3.0930612087249756,5.455130669474602,0.030930612087249756,0.012848038226366043,10.179645538330078,3.0930612087249756,5.419617602527142,-0.024571537971496582,-0.12936721742153168,-0.0030991360545158386,128157.5859375,54638.4609375,73519.125,128157.546875,54638.43359375,73519.109375,3.048005225991801e-07,5.004487775295274e-07,2.125297271504678e-07,3.048005225991801e-05,10.815552949905396,5.516753779649735,0.8610228896141052,5.516753779649735,3.0930612087249756,1644.2628784179688,1644.2628784179688,greedy,3.0930612087249756,0.0,heuristic_recall_pool
536,N36254,observe,-0.2453964203596115,-4.154272525310517,-0.2453964203596115,3.093031883239746,5.455130302906036,0.030930318832397462,0.012848224490880966,10.179621696472168,3.093031883239746,5.419617272615433,-0.024571232497692108,-0.12936675548553467,-0.0030991770327091217,128157.6328125,54638.484375,73519.1484375,128157.640625,54638.48046875,73519.15625,-6.096008320355395e-08,7.149265002226457e-08,-1.0626483515352447e-07,-6.096008320355395e-06,10.815530329942703,5.5167535352706905,0.8610401451587677,5.5167535352706905,3.093031883239746,1647.3559103012085,1647.3559103012085,greedy,3.093031883239746,0.0,heuristic_recall_pool
537,N51603,observe,-0.24539493024349213,-4.154276564121247,-0.24539493024349213,3.093005657196045,5.455121648311614,0.03093005657196045,0.012847911566495895,10.179586410522461,3.093005657196045,5.419609483480453,-0.024570979177951813,-0.12936660647392273,-0.0030991858802735806,128157.625,54638.46484375,73519.15625,128157.59375,54638.453125,73519.140625,2.4384036123592523e-07,2.1447802112106729e-07,2.1252964188533952e-07,2.4384036123592523e-05,10.815494149923325,5.516747765541076,0.8610500991344452,5.516747765541076,3.093005657196045,1650.4489159584045,1650.4489159584045,greedy,3.093005657196045,0.0,heuristic_recall_pool
538,N55373,observe,-0.24539373815059662,-4.154279180169105,-0.24539373815059662,3.09298038482666,5.455116042494774,0.0309298038482666,0.01284760981798172,10.179553985595703,3.09298038482666,5.419604438245296,-0.024570785462856293,-0.1293664574623108,-0.0030991998501122,128157.5859375,54638.4453125,73519.140625,128157.5625,54638.4375,73519.125,1.8288031355950807e-07,1.4298539952051215e-07,2.1252968451790366e-07,1.8288031355950807e-05,10.815455824136734,5.516744028329849,0.8610550463199615,5.516744028329849,3.09298038482666,1653.5418963432312,1653.5418963432312,greedy,3.09298038482666,0.0,heuristic_recall_pool
539,N56534,observe,-0.24539245665073395,-4.1542769312858585,-0.24539245665073395,3.092971086502075,5.455120861530304,0.030929710865020752,0.012848235666751862,10.179570198059082,3.092971086502075,5.419608775377274,-0.024570517241954803,-0.12936626374721527,-0.003099247347563505,128157.546875,54638.3984375,73519.1484375,128157.59375,54638.43359375,73519.15625,-3.6576074080585386e-07,-6.434348733819206e-07,-1.0626483515352447e-07,-3.6576074080585386e-05,10.815489560365677,5.516747241020202,0.861083596944809,5.516747241020202,3.092971086502075,1656.6348674297333,1656.6348674297333,greedy,3.092971086502075,0.0,heuristic_recall_pool
540,N54603,observe,-0.2453913539648056,-4.1542801773548135,-0.2453913539648056,3.0929508209228516,5.4551139056682585,0.030929508209228514,0.01284780353307724,10.179533958435059,3.0929508209228516,5.419602515101433,-0.02457038313150406,-0.12936624884605408,-0.003099247347563505,128157.59375,54638.46484375,73519.125,128157.5703125,54638.453125,73519.1171875,1.8288029934865335e-07,2.1447802112106729e-07,1.062648635752339e-07,1.8288029934865335e-05,10.815446466207504,5.516742603778839,0.8610828816890717,5.516742603778839,3.0929508209228516,1659.7278182506561,1659.7278182506561,greedy,3.0929508209228516,0.0,heuristic_recall_pool
541,N51703,observe,-0.24539004266262054,-4.154281620979309,-0.24539004266262054,3.092931032180786,5.455110812187195,0.03092931032180786,0.012847308069467545,10.179503440856934,3.092931032180786,5.419599730968476,-0.024570249021053314,-0.1293662190437317,-0.003099254332482815,128157.5625,54638.44921875,73519.109375,128157.5546875,54638.4453125,73519.109375,6.096011873069074e-08,7.149269265482872e-08,0.0,6.096011873069074e-06,10.815409570932388,5.516740541458129,0.8610837161540985,5.516740541458129,3.092931032180786,1662.820749282837,1662.820749282837,greedy,3.092931032180786,0.0,heuristic_recall_pool
542,N51607,observe,-0.2453892081975937,-4.154283531904221,-0.2453892081975937,3.0929152965545654,5.455106717348099,0.030929152965545655,0.01284720003604889,10.179481506347656,3.0929152965545654,5.4195960456132894,-0.024570144712924957,-0.12936611473560333,-0.003099260851740837,128157.5390625,54638.4375,73519.1015625,128157.53125,54638.43359375,73519.09375,6.09601258361181e-08,7.149271397111079e-08,1.0626489910237069e-07,6.0960125836118095e-06,10.815382331609726,5.516737811565399,0.8610847294330597,5.516737811565399,3.0929152965545654,1665.9136645793915,1665.9136645793915,greedy,3.0929152965545654,0.0,heuristic_recall_pool
543,N54355,observe,-0.24538813531398773,-4.154282017350197,-0.24538813531398773,3.092902183532715,5.455109962821006,0.03092902183532715,0.012847088277339935,10.179463386535645,3.092902183532715,5.419598966538906,-0.024569988250732422,-0.12936605513095856,-0.0030992678366601467,128157.515625,54638.42578125,73519.09375,128157.5,54638.42578125,73519.078125,1.2192028009394562e-07,0.0,2.125298266264508e-07,1.2192028009394562e-05,10.815366744995117,5.516739975214004,0.8610925674438477,5.516739975214004,3.092902183532715,1669.0065667629242,1669.0065667629242,greedy,3.092902183532715,0.0,heuristic_recall_pool
544,N51176,observe,-0.24538730084896088,-4.154282776713371,-0.24538730084896088,3.0928914546966553,5.455108335614204,0.030928914546966554,0.012847021222114563,10.179450988769531,3.0928914546966553,5.419597502052784,-0.024569891393184662,-0.1293659508228302,-0.0030992752872407436,128157.5,54638.421875,73519.078125,128157.46875,54638.421875,73519.046875,2.4384058860960067e-07,0.0,4.250597385180299e-07,2.4384058860960067e-05,10.81535330414772,5.51673889040947,0.8610964715480804,5.51673889040947,3.0928914546966553,1672.0994582176208,1672.0994582176208,greedy,3.0928914546966553,0.0,heuristic_recall_pool
545,N55912,observe,-0.2453860491514206,-4.154281291365623,-0.2453860491514206,3.092880964279175,5.455111518502235,0.03092880964279175,0.012847095727920532,10.179454803466797,3.092880964279175,5.419600366652012,-0.024569764733314514,-0.1293657273054123,-0.003099325578659773,128157.640625,54638.58984375,73519.0546875,128157.703125,54638.625,73519.078125,-4.876806656284316e-07,-6.434325996451662e-07,-3.1879491757536016e-07,-4.876806656284316e-05,10.81535929441452,5.516741012334823,0.8611074686050415,5.516741012334823,3.092880964279175,1675.1923391819,1675.1923391819,greedy,3.092880964279175,0.0,heuristic_recall_pool
546,N55375,observe,-0.24538584053516388,-4.1542837738990785,-0.24538584053516388,3.092876672744751,5.455106198787689,0.03092876672744751,0.012846872210502625,10.179439544677734,3.092876672744751,5.419595578908921,-0.024569697678089142,-0.12936580181121826,-0.003099321387708187,128157.4921875,54638.4375,73519.0546875,128157.484375,54638.43359375,73519.046875,6.096014715240017e-08,7.149271397111079e-08,1.0626497015664427e-07,6.096014715240017e-06,10.815346449613571,5.5167374658584585,0.8611092865467072,5.5167374658584585,3.092876672744751,1678.2852158546448,1678.2852158546448,greedy,3.092876672744751,0.0,heuristic_recall_pool
547,N53547,observe,-0.24538613855838776,-4.154279280304909,-0.24538613855838776,3.092916488647461,5.455115827918053,0.03092916488647461,0.01284816488623619,10.179513931274414,3.092916488647461,5.419604245126248,-0.024569757282733917,-0.12936560809612274,-0.0030993251129984856,128157.5625,54638.53125,73519.03125,128157.6875,54638.5703125,73519.1171875,-9.753618996910518e-07,-7.149258749450382e-07,-1.168914991467318e-06,-9.753618996910518e-05,10.815454691648483,5.516743885278702,0.861131876707077,5.516743885278702,3.092916488647461,1681.3781323432922,1681.3781323432922,greedy,3.092916488647461,0.0,heuristic_recall_pool
548,N53548,observe,-0.24538634717464447,-4.154277369379997,-0.24538634717464447,3.092937707901001,5.455119922757149,0.03092937707901001,0.012848496437072754,10.179548263549805,3.092937707901001,5.419607930481433,-0.024569883942604065,-0.12936577200889587,-0.0030993325635790825,128157.6640625,54638.5546875,73519.109375,128157.71875,54638.59375,73519.125,-4.267204758434673e-07,-7.149255907279439e-07,-2.1252978399388667e-07,-4.267204758434673e-05,10.8154975771904,5.5167466151714315,0.8611330986022949,5.5167466151714315,3.092937707901001,1684.4710700511932,1684.4710700511932,greedy,3.092937707901001,0.0,heuristic_recall_pool
549,N53549,observe,-0.24538551270961761,-4.154269671440124,-0.24538551270961761,3.0929107666015625,5.45513641834259,0.030929107666015625,0.012847885489463806,10.179506301879883,3.0929107666015625,5.419622776508331,-0.024569861590862274,-0.12936607003211975,-0.0030993707478046417,128157.6953125,54638.5703125,73519.125,128157.6953125,54638.578125,73519.1171875,0.0,-1.429850726708537e-07,1.062648635752339e-07,0.0,10.815430909395218,5.516757612228393,0.8611181080341339,5.516757612228393,3.0929107666015625,1687.5639808177948,1687.5639808177948,greedy,3.0929107666015625,0.0,heuristic_recall_pool
550,N55909,observe,-0.24539737403392792,-4.154469363093376,-0.24539737403392792,3.093304395675659,5.454708507657051,0.03093304395675659,0.012853018939495087,10.180011749267578,3.093304395675659,5.419237656891346,-0.02457406371831894,-0.12936946749687195,-0.0030991127714514732,128157.6875,54638.59375,73519.09375,128158.421875,54639.0625,73519.359375,-5.730245447921334e-06,-8.579100722272415e-06,-3.613007038438809e-06,-0.0005730245447921334,10.815909773111343,5.516472338438034,0.8609226644039154,5.516472338438034,3.093304395675659,1690.6572852134705,1690.6572852134705,greedy,3.093304395675659,0.0,heuristic_recall_pool
551,N55910,observe,-0.24703489243984222,-4.1543100595474245,-0.24703489243984222,3.130608081817627,5.4550498723983765,0.03130608081817627,0.014416426420211792,10.26123046875,3.130608081817627,5.4195448851585395,-0.02457352727651596,-0.12920360267162323,-0.0030702175572514534,128158.4453125,54639.078125,73519.3671875,128182.265625,54648.26171875,73534.0078125,-0.00018586611258797348,-0.00016807738575153053,-0.0001991397002711892,-0.018586611258797348,10.93448582291603,5.51669991493225,0.8906069099903107,5.51669991493225,3.130608081817627,1693.787893295288,1693.787893295288,greedy,3.130608081817627,0.0,heuristic_recall_pool
552,N54718,observe,-0.24668924510478973,-4.152378890514374,-0.24668924510478973,3.116844654083252,5.459188091754914,0.03116844654083252,0.01380213350057602,10.228803634643555,3.116844654083252,5.423269282579422,-0.02468496561050415,-0.12948890030384064,-0.003079088870435953,128182.1875,54648.16015625,73534.0234375,128171.96875,54651.2109375,73520.7578125,7.9720513895154e-05,-5.5825872550485656e-05,0.000180401184479706,0.0079720513895154,10.877151727676392,5.519458727836609,0.8679155111312866,5.519458727836609,3.116844654083252,1696.9047379493713,1696.9047379493713,greedy,3.116844654083252,0.0,heuristic_recall_pool
553,N51609,observe,-0.2465411275625229,-4.15240064918995,-0.2465411275625229,3.1120009422302246,5.459141466021538,0.031120009422302246,0.013584461063146591,10.215224266052246,3.1120009422302246,5.423227319419384,-0.024680085480213165,-0.12954001128673553,-0.003080585040152073,128171.953125,54651.203125,73520.75,128171.9375,54651.40625,73520.53125,1.2190653819743602e-07,-3.716752644322696e-06,2.975350525957765e-06,1.2190653819743602e-05,10.859216660261154,5.519427644014359,0.8637977540493011,5.519427644014359,3.1120009422302246,1700.0167388916016,1700.0167388916016,greedy,3.1120009422302246,0.0,heuristic_recall_pool
554,N54357,observe,-0.24644140899181366,-4.15270955145359,-0.24644140899181366,3.109044313430786,5.4584795325994495,0.031090443134307862,0.013468928635120392,10.207056045532227,3.109044313430786,5.4226315793395035,-0.024668671190738678,-0.12954440712928772,-0.003082195296883583,128171.921875,54651.40234375,73520.5234375,128170.1640625,54649.4921875,73520.671875,1.3714489796257112e-05,3.4951641282532364e-05,-2.0189941096759867e-06,0.0013714489796257112,10.849233239889145,5.518986355066299,0.8621579706668854,5.518986355066299,3.109044313430786,1703.1257832050323,1703.1257832050323,greedy,3.109044313430786,0.0,heuristic_recall_pool
555,N37898,observe,-0.2463519424200058,-4.152903631329536,-0.2463519424200058,3.1068217754364014,5.458063647150993,0.031068217754364014,0.01338360458612442,10.201395034790039,3.1068217754364014,5.422257282435893,-0.024657942354679108,-0.12953394651412964,-0.0030839676037430763,128170.25,54649.52734375,73520.71875,128168.3828125,54647.6171875,73520.765625,1.4568026017514057e-05,3.4952841815538704e-05,-6.375753969223297e-07,0.0014568026017514057,10.84242257475853,5.518709098100661,0.8612599670886993,5.518709098100661,3.1068217754364014,1706.2326049804688,1706.2326049804688,greedy,3.1068217754364014,0.0,heuristic_recall_pool
556,N53003,observe,-0.24626962840557098,-4.153046863079071,-0.24626962840557098,3.105051040649414,5.4577567219734195,0.03105051040649414,0.013315163552761078,10.197226524353027,3.105051040649414,5.421981049776077,-0.024648115038871765,-0.12951871752738953,-0.0030856411904096603,128168.2890625,54647.5703125,73520.71875,128166.78125,54646.015625,73520.765625,1.1764317605411634e-05,2.8449343517422676e-05,-6.375753969223297e-07,0.0011764317605411634,10.837466061115265,5.518504481315612,0.8607578873634338,5.518504481315612,3.105051040649414,1709.3376560211182,1709.3376560211182,greedy,3.105051040649414,0.0,heuristic_recall_pool
557,N51500,observe,-0.24619372189044952,-4.1531672888994215,-0.24619372189044952,3.103577136993408,5.4574986666440966,0.031035771369934084,0.01325804740190506,10.194061279296875,3.103577136993408,5.421748799979687,-0.024639301002025604,-0.12950219213962555,-0.0030872123315930367,128166.9921875,54646.1640625,73520.828125,128165.671875,54644.8515625,73520.8203125,1.0301501788489986e-05,2.4018154363147914e-05,1.0626240509736817e-07,0.0010301501788489986,10.833708316087723,5.518332444429397,0.8604795038700104,5.518332444429397,3.103577136993408,1712.4412331581116,1712.4412331581116,greedy,3.103577136993408,0.0,heuristic_recall_pool
558,N51234,observe,-0.24612437188625336,-4.153279507756233,-0.24612437188625336,3.102320909500122,5.457258197665214,0.03102320909500122,0.013208217918872833,10.191523551940918,3.102320909500122,5.421532377898693,-0.024631544947624207,-0.1294870376586914,-0.003088562749326229,128165.4453125,54644.6953125,73520.75,128164.3203125,54643.65625,73520.6640625,8.777717084740289e-06,1.9014883946510963e-05,1.1688877066262648e-06,0.0008777717084740289,10.83068996667862,5.51817213177681,0.8603066205978394,5.51817213177681,3.102320909500122,1715.5435540676117,1715.5435540676117,greedy,3.102320909500122,0.0,heuristic_recall_pool
559,N55883,observe,-0.24605976045131683,0.6185237956047058,-0.24605976045131683,3.1012227535247803,6.2919414848089215,0.031012227535247804,0.013165012001991272,10.189493179321289,3.1012227535247803,6.17274733632803,-0.02462468296289444,-0.12947294116020203,-0.0030898116528987885,128164.609375,54643.89453125,73520.71875,128163.6953125,54643.0546875,73520.640625,7.131941401894437e-06,1.5369398170150816e-05,1.0626256425894098e-06,0.0007131941401894437,10.828247636556625,6.281414217948913,0.8602106869220734,6.281414217948913,3.1012227535247803,1718.6447768211365,1718.6447768211365,greedy,3.1012227535247803,0.0,heuristic_recall_pool
560,N19718,observe,-0.24600152671337128,0.6181476473808287,-0.24600152671337128,3.1002891063690186,6.291671249270439,0.031002891063690186,0.013128295540809631,10.187841415405273,3.1002891063690186,6.172504124343395,-0.024618618190288544,-0.12946133315563202,-0.003090848680585623,128163.171875,54642.60546875,73520.5625,128162.390625,54641.890625,73520.5,6.095744993217522e-06,1.3082168152322993e-05,8.501023103235639e-07,0.0006095744993217522,10.826268702745438,6.2812222623825065,0.8601708114147186,6.2812222623825065,3.1002891063690186,1721.7450659275055,1721.7450659275055,greedy,3.1002891063690186,0.0,heuristic_recall_pool
561,N51611,observe,-0.2459471970796585,0.619269339442253,-0.2459471970796585,3.099436044692993,6.291695460677147,0.030994360446929933,0.013094551861286163,10.186433792114258,3.099436044692993,6.172525914609432,-0.024613410234451294,-0.12945079803466797,-0.0030917664989829063,128162.609375,54642.08984375,73520.515625,128161.921875,54641.51171875,73520.4140625,5.364278877095785e-06,1.0580213711364195e-05,1.3814171779813478e-06,0.0005364278877095785,10.824528813362122,6.281290799379349,0.8601264357566833,6.281290799379349,3.099436044692993,1724.8445019721985,1724.8445019721985,greedy,3.099436044692993,0.0,heuristic_recall_pool
562,N55919,observe,-0.24589656293392181,0.6200470435619352,-0.24589656293392181,3.0986831188201904,6.291680920124054,0.030986831188201905,0.013064872473478317,10.18527889251709,3.0986831188201904,6.172512828111649,-0.024608656764030457,-0.1294412463903427,-0.003092629835009575,128162.1015625,54641.6796875,73520.421875,128161.5625,54641.2109375,73520.3515625,4.2060992200276814e-06,8.57861596159637e-06,9.563668754708488e-07,0.00042060992200276814,10.823096334934235,6.281318123340607,0.8601248264312744,6.281318123340607,3.0986831188201904,1727.9431850910187,1727.9431850910187,greedy,3.0986831188201904,0.0,heuristic_recall_pool
563,N55843,observe,-0.24585099518299103,0.6206940120458599,-0.24585099518299103,3.098026990890503,6.29165717959404,0.03098026990890503,0.013039175420999527,10.184337615966797,3.098026990890503,6.172491461634635,-0.024604380130767822,-0.12943266332149506,-0.0030933888629078865,128161.6171875,54641.21875,73520.3984375,128161.09375,54640.78125,73520.3125,4.084198735654354e-06,8.00677571533015e-06,1.1688932772813132e-06,0.0004084198735654354,10.821926593780518,6.281333347558975,0.8601531386375427,6.281333347558975,3.098026990890503,1731.0412120819092,1731.0412120819092,greedy,3.098026990890503,0.0,heuristic_recall_pool
564,N55904,observe,-0.24580909311771393,0.6212939369678496,-0.24580909311771393,3.0974438190460205,6.291634911298751,0.030974438190460207,0.013016197830438614,10.183531761169434,3.0974438190460205,6.172471420168876,-0.024600602686405182,-0.12942518293857574,-0.0030940715223550797,128161.1171875,54640.8203125,73520.296875,128160.6484375,54640.484375,73520.1640625,3.6575056583387777e-06,6.148105057945941e-06,1.806473960641597e-06,0.00036575056583387777,10.820915311574936,6.281347301006317,0.8601836264133453,6.281347301006317,3.0974438190460205,1734.1386559009552,1734.1386559009552,greedy,3.0974438190460205,0.0,heuristic_recall_pool
565,N52777,observe,-0.24577118456363678,0.6218275326490401,-0.24577118456363678,3.0969278812408447,6.291609853506088,0.03096927881240845,0.012996096163988113,10.182828903198242,3.0969278812408447,6.172448868155479,-0.024597302079200745,-0.1294190138578415,-0.00309462146833539,128160.359375,54640.25,73520.109375,128159.984375,54639.93359375,73520.046875,2.926021807070356e-06,5.790717295894865e-06,8.501075399180991e-07,0.0002926021807070356,10.820026576519012,6.281356326341629,0.8602089881896973,6.281356326341629,3.0969278812408447,1737.235583782196,1737.235583782196,greedy,3.0969278812408447,0.0,heuristic_recall_pool
566,N52779,observe,-0.24573634564876556,0.6223134517669677,-0.24573634564876556,3.0964672565460205,6.291595467925072,0.030964672565460205,0.012978464365005493,10.182245254516602,3.0964672565460205,6.172435921132565,-0.024594329297542572,-0.1294134557247162,-0.003095119260251522,128159.9765625,54639.9296875,73520.046875,128159.6328125,54639.7109375,73519.921875,2.682194690351025e-06,4.003482445114059e-06,1.7002165577650885e-06,0.0002682194690351025,10.819279581308365,6.281369981765748,0.8602451980113983,6.281369981765748,3.0964672565460205,1740.332051038742,1740.332051038742,greedy,3.0964672565460205,0.0,heuristic_recall_pool
567,N55684,observe,-0.24570398032665253,0.622772389054298,-0.24570398032665253,3.096060037612915,6.291590121388435,0.03096060037612915,0.012963380664587021,10.18177604675293,3.096060037612915,6.172431109249592,-0.024591639637947083,-0.12940816581249237,-0.0030956058762967587,128159.8203125,54639.875,73519.9453125,128159.5234375,54639.6484375,73519.875,2.3164436697697965e-06,4.146468199905939e-06,9.563731282469234e-07,0.00023164436697697965,10.818672120571136,6.2813881909847264,0.8602950572967529,6.2813881909847264,3.096060037612915,1743.428111076355,1743.428111076355,greedy,3.096060037612915,0.0,heuristic_recall_pool
568,N52725,observe,-0.2456752508878708,0.6231611073017118,-0.2456752508878708,3.0957038402557373,6.291577872633934,0.030957038402557372,0.012950204312801361,10.181363105773926,3.0957038402557373,6.172420085370541,-0.024589262902736664,-0.12940387427806854,-0.0030959900468587875,128159.3125,54639.46875,73519.84375,128159.1015625,54639.2890625,73519.8125,1.6459007383673452e-06,3.2886025564948795e-06,4.250553047313588e-07,0.00016459007383673452,10.818140655755997,6.281398637294769,0.8603404462337494,6.281398637294769,3.0957038402557373,1746.5238149166107,1746.5238149166107,greedy,3.0957038402557373,0.0,heuristic_recall_pool
569,N51613,observe,-0.24564878642559052,0.6235190033912656,-0.24564878642559052,3.095385789871216,6.291569483280181,0.030953857898712158,0.012938395142555237,10.181018829345703,3.095385789871216,6.172412534952164,-0.02458716183900833,-0.12940004467964172,-0.0030963392928242683,128159.078125,54639.28125,73519.796875,128158.8359375,54639.125,73519.7109375,1.889741270133527e-06,2.8596641641343012e-06,1.1689028269756818e-06,0.0001889741270133527,10.817688435316086,6.281410117149353,0.8603849709033966,6.281410117149353,3.095385789871216,1749.619200706482,1749.619200706482,greedy,3.095385789871216,0.0,heuristic_recall_pool
570,N54609,observe,-0.24562476575374603,0.623836895227432,-0.24562476575374603,3.095104932785034,6.29156568646431,0.030951049327850342,0.01292826235294342,10.180733680725098,3.095104932785034,6.172409117817878,-0.024585269391536713,-0.12939658761024475,-0.003096652217209339,128158.828125,54639.12109375,73519.703125,128158.6328125,54638.9921875,73519.640625,1.5239878621287062e-06,2.359229938520002e-06,8.501122579218645e-07,0.00015239878621287062,10.81731167435646,6.281422669887543,0.8604327142238617,6.281422669887543,3.095104932785034,1752.714305639267,1752.714305639267,greedy,3.095104932785034,0.0,heuristic_recall_pool
571,N55869,observe,-0.2456022948026657,0.624143159985542,-0.2456022948026657,3.0948538780212402,6.291570520401001,0.030948538780212403,0.01291944831609726,10.180514335632324,3.0948538780212402,6.172413468360901,-0.02458353340625763,-0.12939313054084778,-0.0030969902873039246,128158.9140625,54639.2265625,73519.6875,128158.8125,54639.19140625,73519.625,7.924731448838429e-07,6.434250963138766e-07,8.501124284521211e-07,7.924731448838429e-05,10.817014873027802,6.281440237760544,0.8604887127876282,6.281440237760544,3.0948538780212402,1755.8091595172882,1755.8091595172882,greedy,3.0948538780212402,0.0,heuristic_recall_pool
572,N55928,observe,-0.2455822080373764,0.6232693862915037,-0.2455822080373764,3.094636917114258,6.291357615590095,0.030946369171142577,0.01291114091873169,10.180302619934082,3.094636917114258,6.172221854031085,-0.024581968784332275,-0.12939056754112244,-0.003097252920269966,128158.546875,54638.9765625,73519.5703125,128158.453125,54638.89453125,73519.5546875,7.315157972698216e-07,1.501332121733867e-06,2.1252844817354344e-07,7.315157972698216e-05,10.816742658615112,6.281261758804321,0.8605380058288574,6.281261758804321,3.094636917114258,1758.9037964344025,1758.9037964344025,greedy,3.094636917114258,0.0,heuristic_recall_pool
573,N43536,observe,-0.24556376039981842,0.6238846236467359,-0.24556376039981842,3.0944454669952393,6.291433843970299,0.030944454669952392,0.012904752045869827,10.18016242980957,3.0944454669952393,6.172290459573269,-0.024580560624599457,-0.12938810884952545,-0.0030975178815424442,128158.515625,54638.9296875,73519.5859375,128158.5,54638.921875,73519.578125,1.219193279666797e-07,1.429841347544425e-07,1.0626420277048965e-07,1.219193279666797e-05,10.816551834344864,6.281339930295944,0.8605959117412567,6.281339930295944,3.0944454669952393,1761.9982419013977,1761.9982419013977,greedy,3.0944454669952393,0.0,heuristic_recall_pool
574,N51757,observe,-0.24554775655269623,0.6241535270214078,-0.24554775655269623,3.0942740440368652,6.291437673568725,0.03094274044036865,0.012898549437522888,10.180008888244629,3.0942740440368652,6.172293906211853,-0.02457941323518753,-0.1293860375881195,-0.0030976906418800354,128158.390625,54638.84765625,73519.546875,128158.1875,54638.734375,73519.453125,1.584952769917436e-06,2.0732729808514705e-06,1.2751710301017738e-06,0.0001584952769917436,10.816341608762741,6.28135508775711,0.8606294095516205,6.28135508775711,3.0942740440368652,1765.0925159454346,1765.0925159454346,greedy,3.0942740440368652,0.0,heuristic_recall_pool
575,N51759,observe,-0.24553297460079193,0.624381094574928,-0.24553297460079193,3.0941174030303955,6.291445353627205,0.030941174030303956,0.012893110513687134,10.179879188537598,3.0941174030303955,6.172300818264484,-0.024578310549259186,-0.1293841004371643,-0.0030978498980402946,128158.1796875,54638.7265625,73519.453125,128158.0859375,54638.6875,73519.3984375,7.315179004763195e-07,7.149233169911895e-07,7.438507623191981e-07,7.315179004763195e-05,10.816165536642075,6.281370776891708,0.8606680929660797,6.281370776891708,3.0941174030303955,1768.186633348465,1768.186633348465,greedy,3.0941174030303955,0.0,heuristic_recall_pool
576,N53055,observe,-0.24551953375339508,0.6245737642049789,-0.24551953375339508,3.0939784049987793,6.29144769012928,0.030939784049987793,0.012888479977846146,10.17977523803711,3.0939784049987793,6.172302921116351,-0.024577371776103973,-0.12938237190246582,-0.00309799425303936,128158.0859375,54638.6875,73519.3984375,128158.015625,54638.6484375,73519.3671875,5.486388090503169e-07,7.149238285819592e-07,4.2505789110691694e-07,5.486388090503169e-05,10.816016465425491,6.281381374597549,0.8607012331485748,6.281381374597549,3.0939784049987793,1771.2806117534637,1771.2806117534637,greedy,3.0939784049987793,0.0,heuristic_recall_pool
577,N55926,observe,-0.24550648033618927,0.6247874695062636,-0.24550648033618927,3.093853712081909,6.2914681255817415,0.030938537120819093,0.0128842294216156,10.179701805114746,3.093853712081909,6.172321313023567,-0.02457641065120697,-0.12938059866428375,-0.0030981730669736862,128158.1796875,54638.8125,73519.3671875,128158.09375,54638.765625,73519.328125,6.705580517518683e-07,8.579066275160585e-07,5.31322598362749e-07,6.705580517518683e-05,10.815914452075958,6.281404632329941,0.8607478141784668,6.281404632329941,3.093853712081909,1774.3744654655457,1774.3744654655457,greedy,3.093853712081909,0.0,heuristic_recall_pool
578,N51705,observe,-0.24549566209316254,0.6248773294687269,-0.24549566209316254,3.0937490463256836,6.291454949975014,0.030937490463256837,0.012880474328994751,10.17962646484375,3.0937490463256836,6.172309454977513,-0.024575628340244293,-0.12937933206558228,-0.003098280169069767,128157.90625,54638.5859375,73519.3203125,128157.84375,54638.55078125,73519.2890625,4.876796424468921e-07,6.434326564885851e-07,4.2505834585426783e-07,4.876796424468921e-05,10.815812677145004,6.2814003789424895,0.8607810437679291,6.2814003789424895,3.0937490463256836,1777.4682145118713,1777.4682145118713,greedy,3.0937490463256836,0.0,heuristic_recall_pool
579,N53057,observe,-0.2454855889081955,0.6249876511096955,-0.2454855889081955,3.0936522483825684,6.291476941108703,0.030936522483825682,0.012877151370048523,10.1795654296875,3.0936522483825684,6.172329246997833,-0.02457490563392639,-0.12937815487384796,-0.0030983746983110905,128157.84375,54638.546875,73519.296875,128157.8125,54638.53125,73519.28125,2.4383993491028377e-07,2.859702590285451e-07,2.1252922977055277e-07,2.4383993491028377e-05,10.81572711467743,6.281419761180877,0.8608138561248779,6.281419761180877,3.0936522483825684,1780.561866760254,1780.561866760254,greedy,3.0936522483825684,0.0,heuristic_recall_pool
580,N51502,observe,-0.24547599256038666,0.6251980668306347,-0.24547599256038666,3.093566656112671,6.291498303413391,0.030935666561126708,0.012874409556388855,10.179540634155273,3.093566656112671,6.172348473072052,-0.024574272334575653,-0.12937670946121216,-0.0030985120683908463,128158.015625,54638.671875,73519.34375,128158.0234375,54638.6796875,73519.34375,-6.095989846244265e-08,-1.429848026646141e-07,0.0,-6.095989846244265e-06,10.815680056810379,6.281443461179733,0.8608495891094208,6.281443461179733,3.093566656112671,1783.6554334163666,1783.6554334163666,greedy,3.093566656112671,0.0,heuristic_recall_pool
581,N55961,observe,-0.24546708166599274,0.6253763848543163,-0.24546708166599274,3.0934903621673584,6.291513285040855,0.030934903621673584,0.012871529906988144,10.17949390411377,3.0934903621673584,6.17236195653677,-0.02457365393638611,-0.12937584519386292,-0.0030986228957772255,128157.84375,54638.59765625,73519.2421875,128157.859375,54638.609375,73519.25,-1.2191996745514189e-07,-2.1447750953029754e-07,-1.0626470015040468e-07,-1.2191996745514189e-05,10.815618872642517,6.281461533308029,0.8608806729316711,6.281461533308029,3.0934903621673584,1786.748923778534,1786.748923778534,greedy,3.0934903621673584,0.0,heuristic_recall_pool
582,N55963,observe,-0.24698768556118011,0.5782699882984159,-0.24698768556118011,3.1283724308013916,6.283864790201187,0.03128372430801392,0.01435421034693718,10.25609016418457,3.1283724308013916,6.165478311181068,-0.02456582337617874,-0.12921462953090668,-0.0030716145411133766,128157.828125,54638.6015625,73519.2265625,128179.578125,54646.78125,73532.796875,-0.00016971261356957257,-0.00014970528718549758,-0.00018458181875757873,-0.016971261356957257,10.927880257368088,6.274308154582977,0.8895333111286163,6.274308154582977,3.1283724308013916,1789.8772962093353,1789.8772962093353,greedy,3.1283724308013916,0.0,heuristic_recall_pool
583,N55923,observe,-0.24667693674564362,0.6164929723739621,-0.24667693674564362,3.1159424781799316,6.29316162765026,0.031159424781799318,0.013785187155008316,10.226329803466797,3.1159424781799316,6.173845464885234,-0.024677544832229614,-0.1294902116060257,-0.0030796253122389317,128179.6328125,54646.8046875,73532.828125,128171.34375,54650.58203125,73520.765625,6.466754712164402e-05,-6.912286335136741e-05,0.00016404237248934805,0.006466754712164402,10.874517798423767,6.282104949951171,0.8678135871887207,6.282104949951171,3.1159424781799316,1792.9932386875153,1792.9932386875153,greedy,3.1159424781799316,0.0,heuristic_recall_pool
584,N55924,observe,-0.24833108484745026,0.558013930916786,-0.24833108484745026,3.150780439376831,6.281632229685783,0.03150780439376831,0.015278991311788559,10.300971984863281,3.150780439376831,6.163469006717205,-0.024690702557563782,-0.12940657138824463,-0.003050943836569786,128171.359375,54650.58984375,73520.7734375,128198.84375,54662.76171875,73536.0859375,-0.00021443460718728602,-0.0002227217482868582,-0.0002082744613289833,-0.021443460718728602,10.982682168483734,6.271913121938705,0.8938678503036499,6.271913121938705,3.150780439376831,1796.144019126892,1796.144019126892,greedy,3.150780439376831,0.0,heuristic_recall_pool
585,N51177,observe,-0.24785344302654266,0.6336743873357773,-0.24785344302654266,3.1339657306671143,6.29610296189785,0.03133965730667114,0.01452440395951271,10.259668350219727,3.1339657306671143,6.176492665708064,-0.024787411093711853,-0.12967953085899353,-0.003061181865632534,128198.765625,54662.63671875,73536.125,128185.390625,54663.15625,73522.234375,0.00010433017450850457,-9.504321496933699e-06,0.00018889525381382555,0.010433017450850457,10.914892971515656,6.284811807870865,0.8696674108505249,6.284811807870865,3.1339657306671143,1799.2779848575592,1799.2779848575592,greedy,3.1339657306671143,0.0,heuristic_recall_pool
586,N54607,observe,-0.2476055771112442,0.6268489658832548,-0.2476055771112442,3.1267263889312744,6.294791504740714,0.031267263889312745,0.014199700206518173,10.23967456817627,3.1267263889312744,6.1753123542666435,-0.024772241711616516,-0.12971913814544678,-0.003064456395804882,128185.375,54663.171875,73522.203125,128183.296875,54661.3671875,73521.9296875,1.6211872207350098e-05,3.301468677818775e-05,3.7191146020632004e-06,0.0016211872207350098,10.889176785945892,6.28364431142807,0.8643760681152344,6.28364431142807,3.1267263889312744,1802.4047112464905,1802.4047112464905,greedy,3.1267263889312744,0.0,heuristic_recall_pool
587,N55962,observe,-0.24741606414318085,0.6223736232519148,-0.24741606414318085,3.122041940689087,6.293087121844291,0.031220419406890867,0.013990186154842377,10.226588249206543,3.122041940689087,6.173778409659862,-0.024757996201515198,-0.12971432507038116,-0.0030677616596221924,128183.3125,54661.43359375,73521.8828125,128180.859375,54658.58984375,73522.265625,1.913763117045164e-05,5.202479587751441e-05,-5.20678304383182e-06,0.001913763117045164,10.87283056974411,6.282334409952163,0.8613579273223877,6.282334409952163,3.122041940689087,1805.5267531871796,1805.5267531871796,greedy,3.122041940689087,0.0,heuristic_recall_pool
588,N19717,observe,-0.24724270403385162,0.6196368414163587,-0.24724270403385162,3.1182987689971924,6.293184614181518,0.031182987689971922,0.013837181031703949,10.217535018920898,3.1182987689971924,6.173866152763367,-0.02473580837249756,-0.1296822726726532,-0.0030709663406014442,128180.59375,54658.31640625,73522.28125,128176.8828125,54654.546875,73522.3359375,2.8950853447895497e-05,6.896537524880841e-05,-7.438221132360923e-07,0.0028950853447895497,10.862252950668335,6.282268117666244,0.8603776097297668,6.282268117666244,3.1182987689971924,1808.6450519561768,1808.6450519561768,greedy,3.1182987689971924,0.0,heuristic_recall_pool
589,N38608,observe,-0.2470846325159073,0.6171834796667097,-0.2470846325159073,3.1151649951934814,6.292859598994255,0.031151649951934816,0.013711333274841309,10.210610389709473,3.1151649951934814,6.17357363909483,-0.024717479944229126,-0.12965001165866852,-0.003074107225984335,128177.109375,54654.71875,73522.390625,128174.2109375,54651.875,73522.3359375,2.261275403725449e-05,5.203118780627847e-05,7.438210332111339e-07,0.002261275403725449,10.854027390480042,6.281942831277847,0.8596958518028259,6.281942831277847,3.1151649951934814,1811.7602169513702,1811.7602169513702,greedy,3.1151649951934814,0.0,heuristic_recall_pool
590,N56553,observe,-0.24693821370601654,0.6146131807565687,-0.24693821370601654,3.112504243850708,6.29238862991333,0.03112504243850708,0.013603780418634415,10.20515251159668,3.112504243850708,6.173149766921997,-0.02470126748085022,-0.129618838429451,-0.0030769146978855133,128174.3515625,54652.015625,73522.3359375,128171.9375,54649.69921875,73522.234375,1.8834209186024964e-05,4.2384643165860325e-05,1.3813829582431936e-06,0.0018834209186024964,10.847530007362366,6.2815179383754725,0.859287440776825,6.2815179383754725,3.112504243850708,1814.872721195221,1814.872721195221,greedy,3.112504243850708,0.0,heuristic_recall_pool
591,N54363,observe,-0.24680332839488983,0.6130258268117903,-0.24680332839488983,3.1102144718170166,6.292246037721633,0.031102144718170167,0.013511225581169128,10.20076847076416,3.1102144718170166,6.1730214339494704,-0.024686843156814575,-0.12959039211273193,-0.0030793631449341774,128171.78125,54649.578125,73522.203125,128169.7109375,54647.6171875,73522.09375,1.615263863641303e-05,3.588202525861561e-05,1.4876458180879126e-06,0.001615263863641303,10.84229862689972,6.28135111451149,0.8590614199638367,6.28135111451149,3.1102144718170166,1817.982935667038,1817.982935667038,greedy,3.1102144718170166,0.0,heuristic_recall_pool
592,N55379,observe,-0.2466789335012436,0.6117976814508437,-0.2466789335012436,3.108215570449829,6.292092707753182,0.03108215570449829,0.01343097910284996,10.197197914123535,3.108215570449829,6.172883436977863,-0.024674080312252045,-0.12956489622592926,-0.00308153685182333,128169.7109375,54647.6171875,73522.09375,128167.9453125,54646.0546875,73521.890625,1.3775680599792395e-05,2.859227970475331e-05,2.762775011433405e-06,0.0013775680599792395,10.83800545334816,6.281194318532943,0.8589453399181366,6.281194318532943,3.108215570449829,1821.0911512374878,1821.0911512374878,greedy,3.108215570449829,0.0,heuristic_recall_pool
593,N54361,observe,-0.24656455218791962,0.6132291126251219,-0.24656455218791962,3.1064624786376953,6.292020115256309,0.031064624786376952,0.013360876590013504,10.194255828857422,3.1064624786376953,6.172818103730679,-0.02466277778148651,-0.12954246997833252,-0.003083458635956049,128167.9296875,54646.046875,73521.8828125,128166.453125,54644.74609375,73521.703125,1.1520530279085506e-05,2.380375735810958e-05,2.4440003016934497e-06,0.0011520530279085506,10.834440529346466,6.28121506690979,0.8589017987251282,6.28121506690979,3.1064624786376953,1824.1976137161255,1824.1976137161255,greedy,3.1064624786376953,0.0,heuristic_recall_pool
594,N35725,observe,-0.24646098911762238,0.6144808489084241,-0.24646098911762238,3.1049516201019287,6.291952580213547,0.031049516201019287,0.01330215111374855,10.191946029663086,3.1049516201019287,6.172757322192192,-0.024652637541294098,-0.12952245771884918,-0.003085210919380188,128166.3828125,54644.578125,73521.8046875,128165.25,54643.60546875,73521.640625,8.838608664518688e-06,1.7799684428609908e-05,2.231480948466924e-06,0.0008838608664518688,10.831633895635605,6.28123059630394,0.8589606583118439,6.28123059630394,3.1049516201019287,1827.3025653362274,1827.3025653362274,greedy,3.1049516201019287,0.0,heuristic_recall_pool
595,N55377,observe,-0.24636511504650116,0.6156653791666029,-0.24636511504650116,3.1035854816436768,6.291879203915595,0.031035854816436767,0.013247005641460419,10.189870834350586,3.1035854816436768,6.172691283524037,-0.02464381605386734,-0.12950558960437775,-0.0030867019668221474,128165.3046875,54643.765625,73521.5390625,128164.171875,54642.8203125,73521.3515625,8.838683243084233e-06,1.7299549654126167e-05,2.5502731659798883e-06,0.0008838683243084233,10.829074710607529,6.28123918890953,0.8589824736118317,6.28123918890953,3.1035854816436768,1830.406150817871,1830.406150817871,greedy,3.1035854816436768,0.0,heuristic_recall_pool
596,N54611,observe,-0.2462771087884903,0.6167411446571349,-0.2462771087884903,3.102372407913208,6.291822829842567,0.03102372407913208,0.01319919154047966,10.18813705444336,3.102372407913208,6.17264054685831,-0.024635910987854004,-0.12949059903621674,-0.0030880430713295937,128164.15625,54642.8125,73521.34375,128163.234375,54642.1015625,73521.1328125,7.192923931143014e-06,1.3010631846555043e-05,2.8690647013718262e-06,0.0007192923931143014,10.826918363571167,6.281253609657288,0.8590362668037415,6.281253609657288,3.102372407913208,1833.5085232257843,1833.5085232257843,greedy,3.102372407913208,0.0,heuristic_recall_pool
597,N53005,observe,-0.24619661271572113,0.6177115935087203,-0.24619661271572113,3.1013009548187256,6.291768091917038,0.031013009548187257,0.013157539069652557,10.186687469482422,3.1013009548187256,6.172591282725334,-0.024628862738609314,-0.12947730720043182,-0.003089240286499262,128163.2265625,54642.09375,73521.1328125,128162.453125,54641.4609375,73520.9921875,6.034784746589139e-06,1.158104441856267e-05,1.9127153336739866e-06,0.0006034784746589139,10.825102150440216,6.281264115571975,0.8591108322143555,6.281264115571975,3.1013009548187256,1836.609824180603,1836.609824180603,greedy,3.1013009548187256,0.0,heuristic_recall_pool
598,N55827,observe,-0.24612270295619965,0.6186190789937971,-0.24612270295619965,3.1003546714782715,6.2917367786169045,0.031003546714782716,0.013120990246534348,10.185493469238281,3.1003546714782715,6.172563100755214,-0.024622492492198944,-0.12946532666683197,-0.0030903462320566177,128162.609375,54641.58203125,73521.03125,128162.0,54641.109375,73520.890625,4.754701876663603e-06,8.650120435049757e-06,1.912718062158092e-06,0.0004754701876663603,10.823598891496658,6.281286751031875,0.8592127859592438,6.281286751031875,3.1003546714782715,1839.7101788520813,1839.7101788520813,greedy,3.1003546714782715,0.0,heuristic_recall_pool
599,N55381,observe,-0.24605606496334076,0.6194141209125517,-0.24605606496334076,3.0995209217071533,6.2916955828666685,0.030995209217071534,0.013088982552289963,10.184473037719727,3.0995209217071533,6.1725260245800015,-0.024616867303848267,-0.12945501506328583,-0.0030912933871150017,128161.8203125,54640.9765625,73520.84375,128161.203125,54640.515625,73520.6875,4.815689408133039e-06,8.43574798636837e-06,2.1252476472000126e-06,0.0004815689408133039,10.822307229042053,6.281297709941864,0.8593117594718933,6.281297709941864,3.0995209217071533,1842.8096997737885,1842.8096997737885,greedy,3.0995209217071533,0.0,heuristic_recall_pool
600,N54092,observe,-0.24599511921405792,0.620145496726036,-0.24599511921405792,3.0987801551818848,6.291667860746384,0.030987801551818846,0.013061463832855225,10.183618545532227,3.0987801551818848,6.172501074671745,-0.024611860513687134,-0.129445880651474,-0.0030921404249966145,128161.171875,54640.50390625,73520.671875,128160.65625,54640.1640625,73520.4921875,4.023254405183252e-06,6.219630449777469e-06,2.444040546834003e-06,0.0004023254405183252,10.821212649345398,6.281314350366592,0.8594136238098145,6.281314350366592,3.0987801551818848,1845.9084799289703,1845.9084799289703,greedy,3.0987801551818848,0.0,heuristic_recall_pool
601,N54720,observe,-0.2459396868944168,0.6208035111427306,-0.2459396868944168,3.0981247425079346,6.291648319363594,0.030981247425079347,0.01303698867559433,10.182901382446289,3.0981247425079346,6.172483487427234,-0.024607352912425995,-0.12943772971630096,-0.003092898055911064,128160.65625,54640.1640625,73520.4921875,128160.203125,54639.859375,73520.34375,3.5356015359866433e-06,5.576255261985352e-06,2.0189950191706885e-06,0.00035356015359866433,10.820290833711624,6.281332802772521,0.8595212399959564,6.281332802772521,3.0981247425079346,1849.0066046714783,1849.0066046714783,greedy,3.0981247425079346,0.0,heuristic_recall_pool
602,N51617,observe,-0.24588914215564728,0.6213969969749447,-0.24588914215564728,3.0975446701049805,6.291631254553795,0.030975446701049805,0.013015910983085632,10.182302474975586,3.0975446701049805,6.172468129098415,-0.02460332214832306,-0.12943053245544434,-0.003093572799116373,128160.203125,54639.85546875,73520.34375,128159.8203125,54639.5859375,73520.234375,2.986984100061818e-06,4.932869160256814e-06,1.4876834484311985e-06,0.0002986984100061818,10.81951493024826,6.281349806785584,0.8596295714378357,6.281349806785584,3.0975446701049805,1852.1041493415833,1852.1041493415833,greedy,3.0975446701049805,0.0,heuristic_recall_pool
603,N54365,observe,-0.2458430975675583,0.6219338309764861,-0.2458430975675583,3.097032308578491,6.291617593169212,0.03097032308578491,0.012997131794691086,10.181798934936523,3.097032308578491,6.1724558338522915,-0.024599716067314148,-0.1294240951538086,-0.003094174899160862,128159.8125,54639.5859375,73520.2265625,128159.5,54639.40234375,73520.09375,2.4383618892898085e-06,3.3600867936911527e-06,1.8064756659441628e-06,0.00024383618892898085,10.8188596367836,6.281366331577301,0.8597362041473389,6.281366331577301,3.097032308578491,1855.2011816501617,1855.2011816501617,greedy,3.097032308578491,0.0,heuristic_recall_pool
604,N54613,observe,-0.24580155313014984,0.6224022346734999,-0.24580155313014984,3.0965771675109863,6.291605085134506,0.030965771675109863,0.012981265783309937,10.181379318237305,3.0965771675109863,6.172444576621055,-0.024596519768238068,-0.12941838800907135,-0.0030947141349315643,128159.484375,54639.3984375,73520.0859375,128159.28125,54639.234375,73520.046875,1.584939241183747e-06,3.002641051352839e-06,5.313173687682138e-07,0.0001584939241183747,10.818304508924484,6.281380370855331,0.859837144613266,6.281380370855331,3.0965771675109863,1858.2977588176727,1858.2977588176727,greedy,3.0965771675109863,0.0,heuristic_recall_pool
605,N56549,observe,-0.2457634061574936,0.6228374654054638,-0.2457634061574936,3.0961849689483643,6.291602659225464,0.030961849689483643,0.012967541813850403,10.181058883666992,3.0961849689483643,6.1724423933029176,-0.024593591690063477,-0.12941330671310425,-0.0030952300876379013,128159.328125,54639.26171875,73520.0703125,128159.1171875,54639.15625,73519.9609375,1.6459005109936697e-06,1.9302740383864148e-06,1.4876890190862468e-06,0.00016459005109936697,10.817884683609009,6.281399344205855,0.8599517941474915,6.281399344205855,3.0961849689483643,1861.393943786621,1861.393943786621,greedy,3.0961849689483643,0.0,heuristic_recall_pool
606,N51504,observe,-0.24572859704494476,0.6232321208715437,-0.24572859704494476,3.0958263874053955,6.291599848866462,0.030958263874053954,0.012954793870449066,10.180770874023438,3.0958263874053955,6.172439863979816,-0.024591006338596344,-0.1294085830450058,-0.0030956873670220375,128159.2578125,54639.265625,73519.9921875,128159.078125,54639.16015625,73519.9140625,1.4020641856404836e-06,1.9302740383864148e-06,1.0626361017784802e-06,0.00014020641856404836,10.817496627569199,6.281416155099868,0.8600486814975739,6.281416155099868,3.0958263874053955,1864.4897701740265,1864.4897701740265,greedy,3.0958263874053955,0.0,heuristic_recall_pool
607,N54096,observe,-0.24569760262966156,0.6235547071695324,-0.24569760262966156,3.095508337020874,6.291589221358299,0.03095508337020874,0.012943275272846222,10.180500030517578,3.095508337020874,6.172430299222469,-0.02458871155977249,-0.12940473854541779,-0.0030960487201809883,128158.84375,54639.0,73519.84375,128158.671875,54638.87890625,73519.796875,1.3411091686066356e-06,2.216251232312061e-06,6.375829570970382e-07,0.00013411091686066356,10.817137211561203,6.281424525976181,0.8601309359073639,6.281424525976181,3.095508337020874,1867.5852785110474,1867.5852785110474,greedy,3.095508337020874,0.0,heuristic_recall_pool
608,N53550,observe,-0.2456686943769455,0.6238761550188061,-0.2456686943769455,3.0952208042144775,6.291592106223106,0.030952208042144776,0.012933388352394104,10.180291175842285,3.0952208042144775,6.172432895600796,-0.02458661049604416,-0.1294011026620865,-0.0030964044854044914,128158.703125,54638.91796875,73519.78125,128158.59375,54638.88671875,73519.7109375,8.534340167898335e-07,5.719366527046077e-07,9.563752882968402e-07,8.534340167898335e-05,10.816850930452347,6.2814415538311,0.8602169454097748,6.2814415538311,3.0952208042144775,1870.6804993152618,1870.6804993152618,greedy,3.0952208042144775,0.0,heuristic_recall_pool
609,N52727,observe,-0.24564318358898163,0.624127581119537,-0.24564318358898163,3.094968795776367,6.291581004858017,0.03094968795776367,0.0129246786236763,10.180107116699219,3.094968795776367,6.172422904372215,-0.02458477020263672,-0.12939785420894623,-0.003096695989370346,128158.5703125,54638.8359375,73519.734375,128158.390625,54638.734375,73519.65625,1.4020716889717733e-06,1.858796963460918e-06,1.062639853444125e-06,0.00014020716889717733,10.816598892211914,6.281446261405945,0.8602919578552246,6.281446261405945,3.094968795776367,1873.7754681110382,1873.7754681110382,greedy,3.094968795776367,0.0,heuristic_recall_pool
610,N55821,observe,-0.24561919271945953,0.6243924880027767,-0.24561919271945953,3.094743013381958,6.291587296128273,0.03094743013381958,0.012916982173919678,10.179969787597656,3.094743013381958,6.172428566515445,-0.024583078920841217,-0.12939471006393433,-0.00309700146317482,128158.53125,54638.87890625,73519.65625,128158.3984375,54638.8203125,73519.578125,1.0363141882407945e-06,1.0723820196290035e-06,1.0626409903125023e-06,0.00010363141882407945,10.816404908895493,6.281462817192078,0.8603703081607819,6.281462817192078,3.094743013381958,1876.8702111244202,1876.8702111244202,greedy,3.094743013381958,0.0,heuristic_recall_pool
611,N51615,observe,-0.24559836089611053,0.6245876395702359,-0.24559836089611053,3.094545841217041,6.291575714945793,0.03094545841217041,0.012910295277833939,10.179835319519043,3.094545841217041,6.172418143451214,-0.02458161860704422,-0.12939214706420898,-0.003097227308899164,128158.234375,54638.66015625,73519.578125,128158.1640625,54638.6171875,73519.546875,5.486381837727095e-07,7.864165922910615e-07,4.25056839503668e-07,5.4863818377270945e-05,10.816219300031662,6.281464560031891,0.860433429479599,6.281464560031891,3.094545841217041,1879.9647569656372,1879.9647569656372,greedy,3.094545841217041,0.0,heuristic_recall_pool
612,N55383,observe,-0.24557892978191376,0.6247856193780896,-0.24557892978191376,3.094367265701294,6.291578873991966,0.03094367265701294,0.01290411502122879,10.179725646972656,3.094367265701294,6.172420986592769,-0.024580277502536774,-0.12938982248306274,-0.0030974317342042923,128158.15625,54638.609375,73519.546875,128158.0703125,54638.59375,73519.4765625,6.705581654387061e-07,2.859699463897414e-07,9.563783578414586e-07,6.70558165438706e-05,10.816065162420273,6.281475938558578,0.8604954779148102,6.281475938558578,3.094367265701294,1883.0591242313385,1883.0591242313385,greedy,3.094367265701294,0.0,heuristic_recall_pool
613,N55820,observe,-0.2455611675977707,0.6249702888727187,-0.2455611675977707,3.0942091941833496,6.291585180163383,0.030942091941833495,0.012898821383714676,10.179661750793457,3.0942091941833496,6.172426662147045,-0.02457902580499649,-0.12938733398914337,-0.003097662702202797,128158.3359375,54638.8125,73519.5234375,128158.3203125,54638.8046875,73519.515625,1.2191949849693628e-07,1.429844331823915e-07,1.0626428803561794e-07,1.2191949849693628e-05,10.815968364477158,6.281488717794419,0.8605651557445526,6.281488717794419,3.0942091941833496,1886.1533334255219,1886.1533334255219,greedy,3.0942091941833496,0.0,heuristic_recall_pool
614,N19716,observe,-0.2455458790063858,0.6250993239879605,-0.2455458790063858,3.094093084335327,6.2915811181068415,0.03094093084335327,0.012895498424768448,10.17961597442627,3.094093084335327,6.172423006296158,-0.024577923119068146,-0.12938593327999115,-0.0030978191643953323,128157.8125,54638.375,73519.4375,128157.7578125,54638.3515625,73519.40625,4.2671999267440697e-07,4.2895675278487033e-07,4.250576637332415e-07,4.26719992674407e-05,10.815916746854782,6.281492187976837,0.8606349527835846,6.281492187976837,3.094093084335327,1889.2474265098572,1889.2474265098572,greedy,3.094093084335327,0.0,heuristic_recall_pool
615,N51180,observe,-0.2455313354730606,0.6252474665641783,-0.2455313354730606,3.0939595699310303,6.2915783554315565,0.030939595699310304,0.012890733778476715,10.179533004760742,3.0939595699310303,6.172420519888401,-0.024577081203460693,-0.12938439846038818,-0.0030979514122009277,128157.984375,54638.55859375,73519.421875,128157.875,54638.53515625,73519.34375,8.534388484804367e-07,4.289553032776894e-07,1.062644400917634e-06,8.534388484804367e-05,10.815784454345703,6.28149739742279,0.8606650233268738,6.28149739742279,3.0939595699310303,1892.3413860797882,1892.3413860797882,greedy,3.0939595699310303,0.0,heuristic_recall_pool
616,N52781,observe,-0.24551813304424286,0.6253696686029431,-0.24551813304424286,3.093841552734375,6.291578418016433,0.03093841552734375,0.012886732816696167,10.179471015930176,3.093841552734375,6.17242057621479,-0.024576224386692047,-0.12938284873962402,-0.0030980799347162247,128157.8515625,54638.515625,73519.3359375,128157.8125,54638.51171875,73519.296875,3.0479989732157264e-07,7.149260738970042e-08,5.313228257364244e-07,3.0479989732157264e-05,10.815690129995346,6.281503204107285,0.860705703496933,6.281503204107285,3.093841552734375,1895.4352276325226,1895.4352276325226,greedy,3.093841552734375,0.0,heuristic_recall_pool
617,N54367,observe,-0.2455059140920639,0.6254869759082793,-0.2455059140920639,3.093737840652466,6.291579955816268,0.03093737840652466,0.012883368879556656,10.179423332214355,3.093737840652466,6.172421960234642,-0.02457544207572937,-0.1293814331293106,-0.003098190762102604,128157.8046875,54638.5078125,73519.296875,128157.78125,54638.48828125,73519.2890625,1.8288000092070433e-07,3.5746307958106627e-07,1.0626461488527639e-07,1.8288000092070433e-05,10.815616965293884,6.281509730815888,0.8607460856437683,6.281509730815888,3.093737840652466,1898.528965473175,1898.528965473175,greedy,3.093737840652466,0.0,heuristic_recall_pool
618,N43534,observe,-0.24549447000026703,0.6256006222963333,-0.24549447000026703,3.093644857406616,6.2915881931781765,0.03093644857406616,0.0128803551197052,10.179405212402344,3.093644857406616,6.172429373860359,-0.024574704468250275,-0.12937985360622406,-0.0030983509495854378,128157.90625,54638.59765625,73519.3125,128157.9609375,54638.6328125,73519.328125,-4.2671968003560323e-07,-6.434324859583285e-07,-2.1252918713798863e-07,-4.267196800356032e-05,10.815579622983932,6.28152040362358,0.8607920706272125,6.28152040362358,3.093644857406616,1901.6226103305817,1901.6226103305817,greedy,3.093644857406616,0.0,heuristic_recall_pool
619,N55911,observe,-0.24548442661762238,0.6256893759965894,-0.24548442661762238,3.093564748764038,6.291587895154953,0.03093564748764038,0.012877386063337326,10.179391860961914,3.093564748764038,6.172429105639457,-0.024574026465415955,-0.12937839329242706,-0.003098488785326481,128158.1015625,54638.7578125,73519.34375,128158.046875,54638.70703125,73519.3359375,4.2671902633628633e-07,9.293997891290928e-07,1.0626455093643017e-07,4.267190263362863e-05,10.815553963184357,6.2815243995189665,0.8608365058898926,6.2815243995189665,3.093564748764038,1904.7161750793457,1904.7161750793457,greedy,3.093564748764038,0.0,heuristic_recall_pool
620,N51707,observe,-0.245475634932518,0.625762827992439,-0.245475634932518,3.0934932231903076,6.291584131121636,0.030934932231903075,0.012874864041805267,10.179349899291992,3.0934932231903076,6.172425718009472,-0.02457348257303238,-0.1293775588274002,-0.0030985483899712563,128157.734375,54638.4609375,73519.2734375,128157.703125,54638.4375,73519.265625,2.438401338622498e-07,4.28956070663844e-07,1.0626465041241318e-07,2.438401338622498e-05,10.815494865179062,6.281525439023971,0.860862523317337,6.281525439023971,3.0934932231903076,1907.809668302536,1907.809668302536,greedy,3.0934932231903076,0.0,heuristic_recall_pool
621,N53971,observe,-0.2454674392938614,0.6258345311880109,-0.2454674392938614,3.0934252738952637,6.2915836572647095,0.030934252738952638,0.012872502207756042,10.1793212890625,3.0934252738952637,6.1724252915382385,-0.024573005735874176,-0.12937664985656738,-0.003098616376519203,128157.6796875,54638.4296875,73519.25,128157.625,54638.4296875,73519.1953125,4.267204190000484e-07,0.0,7.438528086822771e-07,4.267204190000484e-05,10.815445989370346,6.281528517007827,0.8608860671520233,6.281528517007827,3.0934252738952637,1910.9030935764313,1910.9030935764313,greedy,3.0934252738952637,0.0,heuristic_recall_pool
622,N55234,observe,-0.24546007812023163,0.6258936744928358,-0.24546007812023163,3.093364953994751,6.291581839323044,0.03093364953994751,0.012870542705059052,10.179302215576172,3.093364953994751,6.172423655390739,-0.024572573602199554,-0.12937583029270172,-0.003098673652857542,128157.625,54638.4296875,73519.1953125,128157.609375,54638.421875,73519.1875,1.2192018061796261e-07,1.429854421530763e-07,1.062647640992509e-07,1.2192018061796261e-05,10.815409809350967,6.28153013586998,0.8609094321727753,6.28153013586998,3.093364953994751,1913.996458530426,1913.996458530426,greedy,3.093364953994751,0.0,heuristic_recall_pool
623,N53975,observe,-0.2454531341791153,0.6259553176164627,-0.2454531341791153,3.0933117866516113,6.2915832668542855,0.030933117866516112,0.012868821620941162,10.179290771484375,3.0933117866516113,6.172424940168858,-0.024572178721427917,-0.12937505543231964,-0.003098726272583008,128157.6015625,54638.4140625,73519.1875,128157.578125,54638.40625,73519.171875,1.8288029934865335e-07,1.4298548478564044e-07,2.1252955662021122e-07,1.8288029934865335e-05,10.815384685993195,6.281533964872359,0.8609327673912048,6.281533964872359,3.0933117866516113,1917.0897703170776,1917.0897703170776,greedy,3.0933117866516113,0.0,heuristic_recall_pool
624,N55238,observe,-0.24544690549373627,0.6260130089521407,-0.24544690549373627,3.09326434135437,6.291584905982017,0.030932643413543702,0.01286717876791954,10.17928409576416,3.09326434135437,6.172426415383816,-0.024571813642978668,-0.12937435507774353,-0.003098774701356888,128157.578125,54638.40625,73519.171875,128157.578125,54638.40234375,73519.171875,0.0,7.149274949824758e-08,0.0,0.0,10.815367072820663,6.281537743806839,0.8609557449817657,6.281537743806839,3.09326434135437,1920.183034658432,1920.183034658432,greedy,3.09326434135437,0.0,heuristic_recall_pool
625,N53781,observe,-0.2454412430524826,0.6260589516162869,-0.2454412430524826,3.0932233333587646,6.291583889722824,0.030932233333587647,0.012865904718637466,10.179283142089844,3.0932233333587646,6.172425500750541,-0.024571523070335388,-0.1293737292289734,-0.003098817076534033,128157.5703125,54638.3984375,73519.171875,128157.5546875,54638.3984375,73519.15625,1.2192022325052676e-07,0.0,2.1252959925277537e-07,1.2192022325052676e-05,10.81535416841507,6.2815392565727235,0.8609743118286133,6.2815392565727235,3.0932233333587646,1923.2762579917908,1923.2762579917908,greedy,3.0932233333587646,0.0,heuristic_recall_pool
626,N51761,observe,-0.24543632566928864,0.626096625328064,-0.24543632566928864,3.093187093734741,6.291581106185912,0.03093187093734741,0.012864690274000168,10.179281234741211,3.093187093734741,6.172422995567322,-0.024571239948272705,-0.12937313318252563,-0.0030988603830337524,128157.546875,54638.390625,73519.15625,128157.515625,54638.39453125,73519.125,2.438405033444724e-07,-7.149277081452965e-08,4.2505928377067903e-07,2.4384050334447238e-05,10.815344333648682,6.281539239883422,0.8609930872917175,6.281539239883422,3.093187093734741,1926.3694450855255,1926.3694450855255,greedy,3.093187093734741,0.0,heuristic_recall_pool
627,N55854,observe,-0.24543122947216034,0.6261506789922711,-0.24543122947216034,3.093153715133667,6.291589260101318,0.03093153715133667,0.012863658368587494,10.179298400878906,3.093153715133667,6.172430334091186,-0.024570927023887634,-0.12937231361865997,-0.0030989395454525948,128157.6875,54638.52734375,73519.15625,128157.71875,54638.55078125,73519.171875,-2.438402191273781e-07,-4.2895555907307426e-07,-2.1252964188533952e-07,-2.4384021912737808e-05,10.81535941362381,6.281547046899795,0.8610203266143799,6.281547046899795,3.093153715133667,1929.4625988006592,1929.4625988006592,greedy,3.093153715133667,0.0,heuristic_recall_pool
628,N55958,observe,-0.2454266995191574,0.6261934351921081,-0.2454266995191574,3.093126058578491,6.291590330004692,0.030931260585784912,0.012862220406532288,10.179306030273438,3.093126058578491,6.1724312970042226,-0.02457067370414734,-0.1293717920780182,-0.003099004738032818,128157.71875,54638.5703125,73519.1484375,128157.7578125,54638.6015625,73519.15625,-3.048002099603764e-07,-5.719402906834148e-07,-1.0626483515352447e-07,-3.0480020996037638e-05,10.815364718437195,6.281549754142762,0.8610406517982483,6.281549754142762,3.093126058578491,1932.5557248592377,1932.5557248592377,greedy,3.093126058578491,0.0,heuristic_recall_pool
629,N55855,observe,-0.24542318284511566,0.6262179708480833,-0.24542318284511566,3.093102216720581,6.291591766476631,0.03093102216720581,0.012861479073762894,10.179326057434082,3.093102216720581,6.172432589828968,-0.02457045018672943,-0.1293710470199585,-0.0030990689992904663,128157.859375,54638.640625,73519.21875,128157.875,54638.65625,73519.21875,-1.2191995324428717e-07,-2.859697758594848e-07,0.0,-1.2191995324428717e-05,10.81538325548172,6.281551837921143,0.8610620498657227,6.281551837921143,3.093102216720581,1935.6488270759583,1935.6488270759583,greedy,3.093102216720581,0.0,heuristic_recall_pool
630,N51619,observe,-0.24541990458965302,0.6262412989139554,-0.24541990458965302,3.093078851699829,6.291587096452713,0.030930788516998292,0.012859988957643509,10.179304122924805,3.093078851699829,6.172428386807441,-0.024570271372795105,-0.12937083840370178,-0.00309907179325819,128157.59375,54638.44921875,73519.140625,128157.5546875,54638.4375,73519.1171875,3.048005225991801e-07,2.1447809217534086e-07,3.1879451967142813e-07,3.048005225991801e-05,10.815355837345123,6.2815499281883245,0.861068606376648,6.2815499281883245,3.093078851699829,1938.741905927658,1938.741905927658,greedy,3.093078851699829,0.0,heuristic_recall_pool
631,N53783,observe,-0.2454167753458023,0.6262684100866314,-0.2454167753458023,3.093052625656128,6.291583260893821,0.03093052625656128,0.012859124690294266,10.179289817810059,3.093052625656128,6.1724249348044395,-0.024570144712924957,-0.1293705403804779,-0.0030990829691290855,128157.546875,54638.4296875,73519.1171875,128157.53125,54638.42578125,73519.109375,1.219202516722362e-07,7.149272107653815e-08,1.0626487778608862e-07,1.2192025167223619e-05,10.81532797217369,6.281548734903335,0.8610711395740509,6.281548734903335,3.093052625656128,1941.8349585533142,1941.8349585533142,greedy,3.093052625656128,0.0,heuristic_recall_pool
632,N39589,observe,-0.24541358649730682,0.6263047093152996,-0.24541358649730682,3.0930354595184326,6.29159043431282,0.030930354595184326,0.0128588005900383,10.179320335388184,3.0930354595184326,6.172431390881538,-0.024569950997829437,-0.1293700933456421,-0.003099136520177126,128157.609375,54638.46875,73519.140625,128157.65625,54638.5,73519.15625,-3.657605702755973e-07,-5.719413707083731e-07,-2.1252968451790366e-07,-3.657605702755973e-05,10.815360695123672,6.2815550720691675,0.8610938489437103,6.2815550720691675,3.0930354595184326,1944.9279940128326,1944.9279940128326,greedy,3.0930354595184326,0.0,heuristic_recall_pool
633,N54615,observe,-0.24541126191616058,0.6263153123855589,-0.24541126191616058,3.093018054962158,6.291585943102836,0.030930180549621582,0.01285799965262413,10.179308891296387,3.093018054962158,6.172427348792553,-0.024569861590862274,-0.129369854927063,-0.0030991360545158386,128157.5625,54638.44921875,73519.1171875,128157.5546875,54638.4453125,73519.109375,6.096011873069074e-08,7.149269265482872e-08,1.0626487778608862e-07,6.096011873069074e-06,10.815340787172318,6.28155267715454,0.8610955774784088,6.28155267715454,3.093018054962158,1948.0210120677948,1948.0210120677948,greedy,3.093018054962158,0.0,heuristic_recall_pool
634,N53059,observe,-0.24540869891643524,0.6263431054353714,-0.24540869891643524,3.092999219894409,6.291585445404053,0.03092999219894409,0.012856945395469666,10.179301261901855,3.092999219894409,6.172426900863647,-0.024569764733314514,-0.1293695867061615,-0.0030991421081125736,128157.546875,54638.44140625,73519.109375,128157.5390625,54638.4375,73519.1015625,6.09601258361181e-08,7.149270686568343e-08,1.0626489199694333e-07,6.0960125836118095e-06,10.815324008464813,6.2815536677837365,0.8610986471176147,6.2815536677837365,3.092999219894409,1951.1140112876892,1951.1140112876892,greedy,3.092999219894409,0.0,heuristic_recall_pool
635,N54098,observe,-0.2454064041376114,0.6263584697246549,-0.2454064041376114,3.0929815769195557,6.2915841192007065,0.030929815769195557,0.012856520712375641,10.179298400878906,3.0929815769195557,6.172425707280635,-0.024569667875766754,-0.1293693333864212,-0.0030991509556770325,128157.515625,54638.42578125,73519.09375,128157.515625,54638.42578125,73519.09375,0.0,0.0,0.0,0.0,10.815313190221786,6.281553537845612,0.8611032068729401,6.281553537845612,3.0929815769195557,1954.2069928646088,1954.2069928646088,greedy,3.0929815769195557,0.0,heuristic_recall_pool
636,N40684,observe,-0.24540401995182037,0.6263864475488661,-0.24540401995182037,3.0929696559906006,6.291589647531509,0.030929696559906007,0.01285625621676445,10.179330825805664,3.0929696559906006,6.172430682778359,-0.024569541215896606,-0.129368856549263,-0.0030992147512733936,128157.546875,54638.44140625,73519.109375,128157.5546875,54638.4765625,73519.078125,-6.09601258361181e-08,-6.434343617911509e-07,4.2505956798777333e-07,-6.0960125836118095e-06,10.815346360206604,6.281558421850205,0.8611209988594055,6.281558421850205,3.0929696559906006,1957.2999625205994,1957.2999625205994,greedy,3.0929696559906006,0.0,heuristic_recall_pool
637,N54100,observe,-0.2454025000333786,0.6263896185159681,-0.2454025000333786,3.0929582118988037,6.291586589813233,0.03092958211898804,0.012855637818574905,10.1793212890625,3.0929582118988037,6.172427930831909,-0.024569444358348846,-0.12936866283416748,-0.0030992073006927967,128157.5,54638.4453125,73519.0546875,128157.4765625,54638.4296875,73519.046875,1.828804414572005e-07,2.859707990410243e-07,1.0626497015664427e-07,1.828804414572005e-05,10.815335065126419,6.2815566003322605,0.8611254394054413,6.2815566003322605,3.0929582118988037,1960.3929207324982,1960.3929207324982,greedy,3.0929582118988037,0.0,heuristic_recall_pool
638,N55100,observe,-0.24540092051029205,0.6264011538028715,-0.24540092051029205,3.0929582118988037,6.291587615013122,0.03092958211898804,0.012856274843215942,10.179364204406738,3.0929582118988037,6.17242885351181,-0.024569354951381683,-0.1293686330318451,-0.0030992431566119194,128157.40625,54638.359375,73519.046875,128157.46875,54638.40625,73519.0625,-4.876815182797145e-07,-8.579137329434161e-07,-2.1252995452414325e-07,-4.876815182797145e-05,10.815386921167374,6.281557805538177,0.8611451089382172,6.281557805538177,3.0929582118988037,1963.485878944397,1963.485878944397,greedy,3.0929582118988037,0.0,heuristic_recall_pool
639,N55936,observe,-0.24539880454540253,0.6264352881908413,-0.24539880454540253,3.0929431915283203,6.291589680314064,0.030929431915283204,0.012855347245931625,10.179369926452637,3.0929431915283203,6.172430712282657,-0.024569302797317505,-0.12936805188655853,-0.003099292516708374,128157.8203125,54638.7109375,73519.109375,128157.828125,54638.71875,73519.109375,-6.09599908329983e-08,-1.429847031886311e-07,0.0,-6.09599908329983e-06,10.815382838249207,6.281560747623444,0.8611479997634888,6.281560747623444,3.0929431915283203,1966.5788221359253,1966.5788221359253,greedy,3.0929431915283203,0.0,heuristic_recall_pool
640,N54090,observe,-0.24539773166179657,0.6264342832565306,-0.24539773166179657,3.0929348468780518,6.29158541560173,0.030929348468780517,0.012854419648647308,10.179347038269043,3.0929348468780518,6.172426874041557,-0.024569235742092133,-0.12936805188655853,-0.0030992701649665833,128157.5,54638.4609375,73519.0390625,128157.4921875,54638.453125,73519.0390625,6.096014715240017e-08,1.42985356887948e-07,0.0,6.096014715240017e-06,10.815358310937881,6.281557950973511,0.8611468970775604,6.281557950973511,3.0929348468780518,1969.6717569828033,1969.6717569828033,greedy,3.0929348468780518,0.0,heuristic_recall_pool
641,N43535,observe,-0.24539576470851898,0.626471582651138,-0.24539576470851898,3.0929195880889893,6.291595670580864,0.030929195880889892,0.012853685766458511,10.179351806640625,3.0929195880889893,6.172436103522777,-0.02456912398338318,-0.12936769425868988,-0.00309931393712759,128157.65625,54638.5703125,73519.0859375,128157.703125,54638.6015625,73519.1015625,-3.657604281670501e-07,-5.719402906834148e-07,-2.1252984083730553e-07,-3.657604281670501e-05,10.815358996391296,6.281566321849823,0.8611554503440857,6.281566321849823,3.0929195880889893,1972.7646765708923,1972.7646765708923,greedy,3.0929195880889893,0.0,heuristic_recall_pool
642,N54102,observe,-0.24539493024349213,0.6264623087644576,-0.24539493024349213,3.092912435531616,6.291587996482849,0.03092912435531616,0.01285303384065628,10.179338455200195,3.092912435531616,6.172429196834564,-0.024569086730480194,-0.1293676197528839,-0.0030992962419986725,128157.546875,54638.48046875,73519.0703125,128157.5078125,54638.4609375,73519.046875,3.048006078643084e-07,3.574632785330323e-07,3.1879483231023187e-07,3.048006078643084e-05,10.815342217683792,6.281560937166214,0.8611540496349335,6.281560937166214,3.092912435531616,1975.857589006424,1975.857589006424,greedy,3.092912435531616,0.0,heuristic_recall_pool
643,N55385,observe,-0.24539406597614288,0.626468677520752,-0.24539406597614288,3.0929014682769775,6.291585457324982,0.030929014682769776,0.012852795422077179,10.179327964782715,3.0929014682769775,6.172426911592483,-0.024569071829319,-0.12936745584011078,-0.0030992873944342136,128157.5078125,54638.4609375,73519.046875,128157.5,54638.44921875,73519.046875,6.096014004697281e-08,2.14478035331922e-07,0.0,6.096014004697281e-06,10.815322250127792,6.281559600830078,0.8611501753330231,6.281559600830078,3.0929014682769775,1978.950490474701,1978.950490474701,greedy,3.0929014682769775,0.0,heuristic_recall_pool
644,N51621,observe,-0.24539296329021454,0.6264798951148987,-0.24539296329021454,3.092892646789551,6.291582986712456,0.03092892646789551,0.01285235583782196,10.179323196411133,3.092892646789551,6.17242468804121,-0.024569064378738403,-0.12936732172966003,-0.0030992841348052025,128157.4921875,54638.4453125,73519.046875,128157.4765625,54638.4375,73519.0390625,1.2192029430480034e-07,1.4298539952051215e-07,1.0626497726207162e-07,1.2192029430480034e-05,10.815309405326843,6.281558537483216,0.8611475229263306,6.281558537483216,3.092892646789551,1982.0433831214905,1982.0433831214905,greedy,3.092892646789551,0.0,heuristic_recall_pool
645,N54369,observe,-0.2453920692205429,0.6264880603551861,-0.2453920692205429,3.092885732650757,6.291584062576294,0.030928857326507568,0.012851990759372711,10.1793212890625,3.092885732650757,6.172425656318665,-0.02456902712583542,-0.12936720252037048,-0.003099278546869755,128157.4765625,54638.4375,73519.0390625,128157.46875,54638.43359375,73519.03125,6.096016136325488e-08,7.149271397111079e-08,1.0626499147292634e-07,6.096016136325488e-06,10.815304309129715,6.281559616327286,0.8611490428447723,6.281559616327286,3.092885732650757,1985.1362688541412,1985.1362688541412,greedy,3.092885732650757,0.0,heuristic_recall_pool
646,N54617,observe,-0.24539105594158173,0.626494622826576,-0.24539105594158173,3.0928795337677,6.291582173109054,0.030928795337677003,0.012851573526859283,10.179322242736816,3.0928795337677,6.172423955798148,-0.024569012224674225,-0.12936708331108093,-0.003099278546869755,128157.453125,54638.42578125,73519.03125,128157.453125,54638.421875,73519.03125,0.0,7.14927281819655e-08,0.0,0.0,10.815300554037094,6.281558707952499,0.8611492216587067,6.281558707952499,3.0928795337677,1988.229148387909,1988.229148387909,greedy,3.0928795337677,0.0,heuristic_recall_pool
647,N51506,observe,-0.24539022147655487,0.6265031689405438,-0.24539022147655487,3.092874526977539,6.291588053107262,0.03092874526977539,0.01285146176815033,10.179344177246094,3.092874526977539,6.1724292477965355,-0.024568937718868256,-0.12936663627624512,-0.0030993204563856125,128157.6171875,54638.5234375,73519.09375,128157.65625,54638.546875,73519.109375,-3.0480046575576125e-07,-4.289555874947837e-07,-2.125298266264508e-07,-3.0480046575576125e-05,10.815324932336807,6.281562901735305,0.8611609041690826,6.281562901735305,3.092874526977539,1991.3220229148865,1991.3220229148865,greedy,3.092874526977539,0.0,heuristic_recall_pool
648,N19715,observe,-0.245389923453331,0.6264957094192503,-0.245389923453331,3.0928962230682373,6.291586378216744,0.030928962230682373,0.012852415442466736,10.179373741149902,3.0928962230682373,6.17242774039507,-0.02456887811422348,-0.12936708331108093,-0.0030993083491921425,128157.265625,54638.234375,73519.03125,128157.3125,54638.26953125,73519.046875,-3.657615366137179e-07,-6.434368060581619e-07,-2.125299971567074e-07,-3.657615366137179e-05,10.815382152795792,6.281561470031738,0.8611796796321869,6.281561470031738,3.0928962230682373,1994.4149191379547,1994.4149191379547,greedy,3.0928962230682373,0.0,heuristic_recall_pool
649,N53977,observe,-0.24538926780223846,0.6265073502063747,-0.24538926780223846,3.092884063720703,6.291581764817238,0.030928840637207033,0.0128517746925354,10.17935562133789,3.092884063720703,6.172423588335514,-0.024568967521190643,-0.12936721742153168,-0.0030992943793535233,128157.5234375,54638.4609375,73519.0625,128157.5078125,54638.4609375,73519.046875,1.219202658830909e-07,0.0,2.125299118915791e-07,1.219202658830909e-05,10.81534293293953,6.281559045314789,0.8611631691455841,6.281559045314789,3.092884063720703,1997.5078032016754,1997.5078032016754,greedy,3.092884063720703,0.0,heuristic_recall_pool
650,N55240,observe,-0.24538834393024445,0.6265232777595517,-0.24538834393024445,3.0928752422332764,6.291583287715912,0.030928752422332763,0.012851480394601822,10.179346084594727,3.0928752422332764,6.172424958944321,-0.02456897497177124,-0.1293671876192093,-0.003099287860095501,128157.5,54638.45703125,73519.046875,128157.5,54638.44921875,73519.046875,0.0,1.4298537109880272e-07,0.0,0.0,10.815323829650879,6.281560778617859,0.8611578345298767,6.281560778617859,3.0928752422332764,2000.6006784439087,2000.6006784439087,greedy,3.0928752422332764,0.0,heuristic_recall_pool
651,N53007,observe,-0.24538789689540863,0.6265232789516446,-0.24538789689540863,3.0928685665130615,6.2915823519229885,0.030928685665130615,0.012851111590862274,10.179342269897461,3.0928685665130615,6.17242411673069,-0.02456897497177124,-0.12936706840991974,-0.0030992883257567883,128157.4765625,54638.4453125,73519.03125,128157.46875,54638.4375,73519.03125,6.096016136325488e-08,1.4298539952051215e-07,0.0,6.096016136325488e-06,10.815313339233398,6.2815601754188535,0.8611552119255066,6.2815601754188535,3.0928685665130615,2003.6935470104218,2003.6935470104218,greedy,3.0928685665130615,0.0,heuristic_recall_pool
652,N55965,observe,-0.245387002825737,0.6265338522195816,-0.245387002825737,3.0928685665130615,6.291581550240517,0.030928685665130615,0.012850955128669739,10.179357528686523,3.0928685665130615,6.172423395216464,-0.024568967521190643,-0.12936681509017944,-0.0030993223190307617,128157.5703125,54638.5703125,73519.0,128157.6328125,54638.6015625,73519.03125,-4.87680893002107e-07,-5.719402906834148e-07,-4.250601932653808e-07,-4.8768089300210704e-05,10.81532934308052,6.281560157537459,0.8611597716808319,6.281560157537459,3.0928685665130615,2006.7864155769348,2006.7864155769348,greedy,3.0928685665130615,0.0,heuristic_recall_pool
653,N55974,observe,-0.2453862875699997,0.6265510314702984,-0.2453862875699997,3.0928633213043213,6.2915890395641325,0.030928633213043212,0.012850519269704819,10.179362297058105,3.0928633213043213,6.172430135607719,-0.024568937718868256,-0.12936660647392273,-0.003099357709288597,128157.6796875,54638.6171875,73519.0625,128157.703125,54638.640625,73519.0625,-1.8288018566181563e-07,-4.289548485303385e-07,0.0,-1.8288018566181563e-05,10.815331846475601,6.281565796136856,0.8611626327037811,6.281565796136856,3.0928633213043213,2009.8792788982391,2009.8792788982391,greedy,3.0928633213043213,0.0,heuristic_recall_pool
654,N53785,observe,-0.24538622796535492,0.6265405660867689,-0.24538622796535492,3.0928614139556885,6.291583973169327,0.030928614139556884,0.012850150465965271,10.179352760314941,3.0928614139556885,6.172425575852394,-0.024568937718868256,-0.1293666511774063,-0.0030993400141596794,128157.53125,54638.46484375,73519.0625,128157.4921875,54638.4453125,73519.046875,3.0480066470772726e-07,3.5746336379816057e-07,2.125299118915791e-07,3.0480066470772726e-05,10.815320402383804,6.281562036275863,0.8611597716808319,6.281562036275863,3.0928614139556885,2012.9721403121948,2012.9721403121948,greedy,3.0928614139556885,0.0,heuristic_recall_pool
655,N53979,observe,-0.2453860193490982,0.6265377122163771,-0.2453860193490982,3.0928564071655273,6.291579499840736,0.030928564071655274,0.012850064784288406,10.17934799194336,3.0928564071655273,6.172421549856662,-0.024568960070610046,-0.12936662137508392,-0.003099331632256508,128157.484375,54638.44140625,73519.046875,128157.4765625,54638.4375,73519.0390625,6.096015425782753e-08,7.149270686568343e-08,1.0626497726207162e-07,6.0960154257827526e-06,10.815308392047882,6.281559017896653,0.861155092716217,6.281559017896653,3.0928564071655273,2016.0649967193604,2016.0649967193604,greedy,3.0928564071655273,0.0,heuristic_recall_pool
656,N55242,observe,-0.24538563191890717,0.6265418922901151,-0.24538563191890717,3.0928523540496826,6.291579073667526,0.030928523540496827,0.01284991204738617,10.17934799194336,3.0928523540496826,6.172421166300774,-0.024568967521190643,-0.12936657667160034,-0.0030993232503533363,128157.46875,54638.43359375,73519.03125,128157.46875,54638.4296875,73519.0390625,0.0,7.149271397111079e-08,-1.062649985783537e-07,0.0,10.815303593873978,6.281558940410614,0.8611533343791962,6.281558940410614,3.0928523540496826,2019.15784907341,2019.15784907341,greedy,3.0928523540496826,0.0,heuristic_recall_pool
657,N53969,observe,-0.24538518488407135,0.6265486323833462,-0.24538518488407135,3.0928499698638916,6.291582256555557,0.030928499698638916,0.012849859893321991,10.179349899291992,3.0928499698638916,6.172424030900001,-0.024568922817707062,-0.12936654686927795,-0.0030993176624178886,128157.421875,54638.4140625,73519.0078125,128157.4375,54638.4140625,73519.0234375,-1.219203653590739e-07,0.0,-2.1253006821098097e-07,-1.2192036535907391e-05,10.815307587385178,6.28156131029129,0.8611576855182648,6.28156131029129,3.0928499698638916,2022.250699043274,2022.250699043274,greedy,3.0928499698638916,0.0,heuristic_recall_pool
658,N55232,observe,-0.24538488686084747,0.626549667716026,-0.24538488686084747,3.092848539352417,6.291582363843918,0.03092848539352417,0.012849658727645874,10.179353713989258,3.092848539352417,6.172424127459526,-0.024568907916545868,-0.12936650216579437,-0.003099312074482441,128157.4375,54638.4140625,73519.0234375,128157.4453125,54638.4140625,73519.03125,-6.09601755741096e-08,0.0,-1.0626501278920841e-07,-6.09601755741096e-06,10.815311461687088,6.281561428308487,0.8611597716808319,6.281561428308487,3.092848539352417,2025.3435475826263,2025.3435475826263,greedy,3.092848539352417,0.0,heuristic_recall_pool
659,N55925,observe,-0.24538414180278778,0.6265682566165922,-0.24538414180278778,3.0928454399108887,6.291585132479668,0.030928454399108886,0.012849852442741394,10.179376602172852,3.0928454399108887,6.1724266192317,-0.02456887811422348,-0.12936605513095856,-0.0030993642285466194,128157.75,54638.65625,73519.09375,128157.7890625,54638.6796875,73519.109375,-3.048001246952481e-07,-4.2895453589153476e-07,-2.125298266264508e-07,-3.048001246952481e-05,10.815334230661392,6.281564090251923,0.861167699098587,6.281564090251923,3.0928454399108887,2028.4363930225372,2028.4363930225372,greedy,3.0928454399108887,0.0,heuristic_recall_pool
660,N54565,observe,-0.2453843206167221,0.6265592062473293,-0.2453843206167221,3.0928475856781006,6.291582629084587,0.030928475856781004,0.012849360704421997,10.17936897277832,3.0928475856781006,6.172424366176128,-0.02456885576248169,-0.1293661743402481,-0.003099340945482254,128157.484375,54638.4375,73519.046875,128157.46875,54638.42578125,73519.046875,1.2192030851565505e-07,2.14478134807905e-07,0.0,1.2192030851565505e-05,10.815330982208252,6.281562049388885,0.8611685633659363,6.281562049388885,3.0928475856781006,2031.5292406082153,2031.5292406082153,greedy,3.0928475856781006,0.0,heuristic_recall_pool
661,N54371,observe,-0.24538417160511017,0.6265597450733182,-0.24538417160511017,3.092844247817993,6.291580030322074,0.03092844247817993,0.01284925639629364,10.179363250732422,3.092844247817993,6.172422027289867,-0.024568893015384674,-0.12936623394489288,-0.003099331632256508,128157.4609375,54638.421875,73519.0390625,128157.4609375,54638.421875,73519.0390625,0.0,0.0,0.0,0.0,10.815318197011948,6.281560399532317,0.8611625730991364,6.281560399532317,3.092844247817993,2034.6220848560333,2034.6220848560333,greedy,3.092844247817993,0.0,heuristic_recall_pool
662,N55387,observe,-0.24538390338420868,0.6265589976310726,-0.24538390338420868,3.092841625213623,6.291578897833824,0.03092841625213623,0.012849260121583939,10.179359436035156,3.092841625213623,6.172421008050441,-0.02456890046596527,-0.1293662190437317,-0.0030993251129984856,128157.453125,54638.421875,73519.03125,128157.4609375,54638.421875,73519.0390625,-6.096016846868224e-08,0.0,-1.062649985783537e-07,-6.096016846868224e-06,10.815311014652252,6.281559634208679,0.8611602187156677,6.281559634208679,3.092841625213623,2037.714926481247,2037.714926481247,greedy,3.092841625213623,0.0,heuristic_recall_pool
663,N53787,observe,-0.24538354575634003,0.6265650433301926,-0.24538354575634003,3.092838764190674,6.291582000255584,0.030928387641906738,0.012848954647779465,10.179357528686523,3.092838764190674,6.1724238002300265,-0.02456887811422348,-0.1293662041425705,-0.0030993209220469,128157.4375,54638.40625,73519.03125,128157.4375,54638.41015625,73519.03125,0.0,-7.149274949824758e-08,0.0,0.0,10.81530848145485,6.281561919450759,0.8611612617969513,6.281561919450759,3.092838764190674,2040.8077652454376,2040.8077652454376,greedy,3.092838764190674,0.0,heuristic_recall_pool
664,N53981,observe,-0.2453833669424057,0.626563912630081,-0.2453833669424057,3.09283709526062,6.291579577326774,0.030928370952606202,0.012848976999521255,10.179359436035156,3.09283709526062,6.172421619594097,-0.024568893015384674,-0.12936623394489288,-0.003099314868450165,128157.4375,54638.40625,73519.03125,128157.4375,54638.40625,73519.03125,0.0,0.0,0.0,0.0,10.815307229757309,6.281560304164887,0.8611598312854767,6.281560304164887,3.09283709526062,2043.9006023406982,2043.9006023406982,greedy,3.09283709526062,0.0,heuristic_recall_pool
665,N55244,observe,-0.2453831285238266,0.6265669387578963,-0.2453831285238266,3.092836618423462,6.29158019721508,0.03092836618423462,0.012848988175392151,10.179363250732422,3.092836618423462,6.172422177493572,-0.024568893015384674,-0.1293662190437317,-0.00309931393712759,128157.4375,54638.40625,73519.03125,128157.4375,54638.40234375,73519.03125,0.0,7.149274949824758e-08,0.0,0.0,10.815310567617416,6.281560846567153,0.8611606657505035,6.281560846567153,3.092836618423462,2046.9934389591217,2046.9934389591217,greedy,3.092836618423462,0.0,heuristic_recall_pool
666,N53779,observe,-0.24538306891918182,0.6265636187791823,-0.24538306891918182,3.0928375720977783,6.291580355167389,0.030928375720977782,0.012849055230617523,10.179365158081055,3.0928375720977783,6.17242231965065,-0.024568885564804077,-0.12936623394489288,-0.0030993064865469933,128157.3984375,54638.390625,73519.0078125,128157.4140625,54638.3984375,73519.015625,-1.2192039378078334e-07,-1.429855416290593e-07,-1.0626503410549049e-07,-1.2192039378078334e-05,10.815314173698425,6.281560791730881,0.8611621260643005,6.281560791730881,3.0928375720977783,2050.0862765312195,2050.0862765312195,greedy,3.0928375720977783,0.0,heuristic_recall_pool
667,N54619,observe,-0.24538294970989227,0.6265660119056702,-0.24538294970989227,3.092837333679199,6.291580322384834,0.030928373336791992,0.012849010527133942,10.17936897277832,3.092837333679199,6.172422290146351,-0.024568885564804077,-0.12936623394489288,-0.0030993008986115456,128157.4296875,54638.3984375,73519.03125,128157.4375,54638.40234375,73519.03125,-6.096018267953696e-08,-7.149276370910229e-08,0.0,-6.096018267953696e-06,10.815317749977112,6.281560883522033,0.8611630201339722,6.281560883522033,3.092837333679199,2053.1791138648987,2053.1791138648987,greedy,3.092837333679199,0.0,heuristic_recall_pool
668,N55918,observe,-0.2453823834657669,0.6265825664997098,-0.2453823834657669,3.092834949493408,6.29158553481102,0.03092834949493408,0.012849029153585434,10.179389953613281,3.092834949493408,6.1724269813299175,-0.024568863213062286,-0.12936583161354065,-0.003099356312304735,128157.71875,54638.63671875,73519.078125,128157.7578125,54638.6640625,73519.09375,-3.048002099603764e-07,-5.004471290703805e-07,-2.1252986925901496e-07,-3.0480020996037638e-05,10.81533858180046,6.281565024852752,0.8611699044704437,6.281565024852752,3.092834949493408,2056.271948814392,2056.271948814392,greedy,3.092834949493408,0.0,heuristic_recall_pool
669,N55943,observe,-0.2453819364309311,0.6265904283523558,-0.2453819364309311,3.0928361415863037,6.291588306427002,0.030928361415863036,0.012848824262619019,10.179399490356445,3.0928361415863037,6.172429475784302,-0.024568811058998108,-0.12936563789844513,-0.0030993944965302944,128157.75,54638.66015625,73519.09375,128157.78125,54638.68359375,73519.1015625,-2.4384010544054036e-07,-4.2895450746982533e-07,-1.062649133132254e-07,-2.4384010544054036e-05,10.815354526042938,6.281567182540893,0.8611778020858765,6.281567182540893,3.0928361415863037,2059.3647849559784,2059.3647849559784,greedy,3.0928361415863037,0.0,heuristic_recall_pool
670,N55973,observe,-0.24538181722164154,0.6265896201133727,-0.24538181722164154,3.092836618423462,6.29158727824688,0.03092836618423462,0.01284852996468544,10.179401397705078,3.092836618423462,6.172428550422191,-0.024568796157836914,-0.12936551868915558,-0.0030994266271591187,128157.75,54638.65625,73519.09375,128157.765625,54638.67578125,73519.09375,-1.2192005272027018e-07,-3.5746211324294563e-07,0.0,-1.2192005272027018e-05,10.815358400344849,6.2815664815902705,0.8611798882484436,6.2815664815902705,3.092836618423462,2062.457621574402,2062.457621574402,greedy,3.092836618423462,0.0,heuristic_recall_pool
671,N55980,observe,-0.24538160860538483,0.6265948778390882,-0.24538160860538483,3.092834234237671,6.2915865808725355,0.030928342342376708,0.012848135083913803,10.17939281463623,3.092834234237671,6.172427922785282,-0.024568811058998108,-0.12936556339263916,-0.0030994429253041744,128157.6640625,54638.6015625,73519.0625,128157.6875,54638.609375,73519.078125,-1.8288019987267035e-07,-1.429849874057254e-07,-2.125299118915791e-07,-1.8288019987267035e-05,10.81534594297409,6.2815662801265715,0.8611756563186646,6.2815662801265715,3.092834234237671,2065.5504558086395,2065.5504558086395,greedy,3.092834234237671,0.0,heuristic_recall_pool
672,N53789,observe,-0.2453819364309311,0.6265829002857206,-0.2453819364309311,3.092832088470459,6.291581323742866,0.03092832088470459,0.012847855687141418,10.179370880126953,3.092832088470459,6.17242319136858,-0.024568840861320496,-0.1293657273054123,-0.0030994145199656487,128157.5078125,54638.453125,73519.0546875,128157.4921875,54638.4453125,73519.046875,1.2192028009394562e-07,1.4298538530965743e-07,1.0626497015664427e-07,1.2192028009394562e-05,10.815318882465363,6.281562325954438,0.8611666560173035,6.281562325954438,3.092832088470459,2068.64328789711,2068.64328789711,greedy,3.092832088470459,0.0,heuristic_recall_pool
673,N60327,observe,-0.2453816682100296,0.6265916055440901,-0.2453816682100296,3.09283709526062,6.291582149267196,0.030928370952606202,0.012848027050495148,10.179389953613281,3.09283709526062,6.172423934340476,-0.024568863213062286,-0.12936565279960632,-0.0030994340777397156,128157.609375,54638.546875,73519.0625,128157.6640625,54638.5859375,73519.078125,-4.267206747954333e-07,-7.149256475713628e-07,-2.125299118915791e-07,-4.267206747954333e-05,10.815340727567673,6.281563268899918,0.8611704409122467,6.281563268899918,3.09283709526062,2071.7361249923706,2071.7361249923706,greedy,3.09283709526062,0.0,heuristic_recall_pool
674,N52729,observe,-0.24538187682628632,0.6265814119577404,-0.24538187682628632,3.0928332805633545,6.291580480337143,0.030928332805633545,0.01284770667552948,10.17937183380127,3.0928332805633545,6.172422432303429,-0.024568907916545868,-0.12936578691005707,-0.0030994098633527756,128157.53125,54638.46875,73519.0625,128157.515625,54638.45703125,73519.0546875,1.219202658830909e-07,2.1447800691021257e-07,1.0626495594578955e-07,1.219202658830909e-05,10.815314322710037,6.281561712026596,0.8611604869365692,6.281561712026596,3.0928332805633545,2074.828958272934,2074.828958272934,greedy,3.0928332805633545,0.0,heuristic_recall_pool
675,N54722,observe,-0.24538181722164154,0.6265852022171019,-0.24538181722164154,3.0928289890289307,6.291580626368522,0.030928289890289305,0.012847598642110825,10.179361343383789,3.0928289890289307,6.17242256373167,-0.024568915367126465,-0.12936580181121826,-0.00309939356520772,128157.5,54638.453125,73519.046875,128157.4921875,54638.4453125,73519.046875,6.096014715240017e-08,1.4298538530965743e-07,0.0,6.096014715240017e-06,10.815298795700073,6.281561985015869,0.8611560463905334,6.281561985015869,3.0928289890289307,2077.921787261963,2077.921787261963,greedy,3.0928289890289307,0.0,heuristic_recall_pool
676,N54319,observe,-0.24538187682628632,0.6265803444385527,-0.24538187682628632,3.0928256511688232,6.291579365730286,0.03092825651168823,0.01284760981798172,10.179356575012207,3.0928256511688232,6.172421429157257,-0.02456890046596527,-0.12936578691005707,-0.0030993809923529625,128157.46875,54638.4375,73519.03125,128157.484375,54638.43359375,73519.046875,-1.2192032272650977e-07,7.149271397111079e-08,-2.125299971567074e-07,-1.2192032272650977e-05,10.815292179584503,6.281560943126678,0.8611555099487305,6.281560943126678,3.0928256511688232,2081.0146129131317,2081.0146129131317,greedy,3.0928256511688232,0.0,heuristic_recall_pool
677,N55981,observe,-0.2453813999891281,0.6265988063812256,-0.2453813999891281,3.092822313308716,6.291584911942482,0.030928223133087157,0.01284763589501381,10.179363250732422,3.092822313308716,6.172426420748233,-0.024568870663642883,-0.12936566770076752,-0.003099408932030201,128157.578125,54638.56640625,73519.015625,128157.6328125,54638.59375,73519.0390625,-4.267207600605616e-07,-5.004478111914068e-07,-3.187950596839073e-07,-4.267207600605616e-05,10.81529849767685,6.281565389633179,0.8611593246459961,6.281565389633179,3.092822313308716,2084.1074352264404,2084.1074352264404,greedy,3.092822313308716,0.0,heuristic_recall_pool
678,N51623,observe,-0.24538163840770721,0.6264992421865461,-0.24538163840770721,3.0928239822387695,6.291557118296623,0.030928239822387696,0.01284751296043396,10.179359436035156,3.0928239822387695,6.17240140646696,-0.024568885564804077,-0.1293657422065735,-0.003099389374256134,128157.5,54638.44921875,73519.046875,128157.4765625,54638.4375,73519.0390625,1.828804414572005e-07,2.1447809217534086e-07,1.0626497726207162e-07,1.828804414572005e-05,10.815294861793518,6.281542774438858,0.8611572980880737,6.281542774438858,3.0928239822387695,2087.200259208679,2087.200259208679,greedy,3.0928239822387695,0.0,heuristic_recall_pool
679,N56548,observe,-0.24538163840770721,0.6264396870136257,-0.24538163840770721,3.0928361415863037,6.291581746935845,0.030928361415863036,0.012848738580942154,10.179415702819824,3.0928361415863037,6.17242357224226,-0.024568840861320496,-0.1293654590845108,-0.003099433146417141,128157.703125,54638.546875,73519.15625,128157.765625,54638.59375,73519.171875,-4.876803814113373e-07,-8.579108339290542e-07,-2.1252964188533952e-07,-4.876803814113373e-05,10.815367758274078,6.2815558409690855,0.8611788749694824,6.2815558409690855,3.0928361415863037,2090.2930953502655,2090.2930953502655,greedy,3.0928361415863037,0.0,heuristic_recall_pool
680,N54106,observe,-0.24538199603557587,0.6265273821353912,-0.24538199603557587,3.0928359031677246,6.29159137904644,0.030928359031677247,0.012848272919654846,10.179393768310547,3.0928359031677246,6.172432241141796,-0.02456887811422348,-0.12936578691005707,-0.0030993991531431675,128157.5234375,54638.46875,73519.0546875,128157.5,54638.4609375,73519.0390625,1.8288041303549107e-07,1.4298534267709329e-07,2.1252994031328853e-07,1.8288041303549107e-05,10.815341860055923,6.281566188335418,0.8611696064472198,6.281566188335418,3.0928359031677246,2093.3859312534332,2093.3859312534332,greedy,3.0928359031677246,0.0,heuristic_recall_pool
681,N54567,observe,-0.24538199603557587,0.6265789312124252,-0.24538199603557587,3.0928308963775635,6.291595104336738,0.030928308963775634,0.01284797489643097,10.179375648498535,3.0928308963775635,6.172435593903065,-0.024568915367126465,-0.12936584651470184,-0.003099380526691675,128157.5,54638.4609375,73519.0390625,128157.484375,54638.44921875,73519.0390625,1.2192029430480034e-07,2.14478035331922e-07,0.0,1.2192029430480034e-05,10.815315008163452,6.28157102227211,0.8611600995063782,6.28157102227211,3.0928308963775635,2096.478762149811,2096.478762149811,greedy,3.0928308963775635,0.0,heuristic_recall_pool
682,N55977,observe,-0.24539349973201752,0.6260432565212246,-0.24539349973201752,3.0932328701019287,6.29110923409462,0.030932328701019286,0.01285388320684433,10.17990493774414,3.0932328701019287,6.171998310685158,-0.02457321435213089,-0.12936930358409882,-0.0030991286039352417,128157.5,54638.51171875,73518.9921875,128158.3203125,54639.0,73519.3203125,-6.400815436791163e-06,-8.936576705309562e-06,-4.4631324271904305e-06,-0.0006400815436791163,10.81581637263298,6.281232531070709,0.8609630167484283,6.281232531070709,3.0932328701019287,2099.5719950199127,2099.5719950199127,greedy,3.0932328701019287,0.0,heuristic_recall_pool
683,N55979,observe,-0.24703101813793182,0.5760088908672332,-0.24703101813793182,3.1305415630340576,6.282725584506988,0.031305415630340575,0.014417290687561035,10.261125564575195,3.1305415630340576,6.1644530260562895,-0.0245727077126503,-0.12920346856117249,-0.003070240840315819,128158.2890625,54638.9921875,73519.296875,128182.125,54648.1875,73533.9375,-0.0001859882613644004,-0.00016829212836455554,-0.00019913988944608718,-0.01859882613644004,10.934396356344223,6.273467075824737,0.8906460106372833,6.273467075824737,3.1305415630340576,2102.702536582947,2102.702536582947,greedy,3.1305415630340576,0.0,heuristic_recall_pool
684,N54373,observe,-0.24668578803539276,0.6187680780887603,-0.24668578803539276,3.1167876720428467,6.294048643112182,0.031167876720428467,0.013802606612443924,10.228715896606445,3.1167876720428467,6.174643778800965,-0.02468428760766983,-0.12948881089687347,-0.003079114481806755,128182.125,54648.125,73534.0,128171.8203125,54651.1328125,73520.6875,8.039098611334339e-05,-5.503962893271819e-05,0.00018103870388586074,0.008039098611334339,10.877074807882309,6.282784116268157,0.86794713139534,6.282784116268157,3.1167876720428467,2105.8193242549896,2105.8193242549896,greedy,3.1167876720428467,0.0,heuristic_recall_pool
685,N51181,observe,-0.2465379387140274,0.6149499690532683,-0.2465379387140274,3.111952543258667,6.293331769108772,0.03111952543258667,0.013585511595010757,10.215160369873047,3.111952543258667,6.173998592197894,-0.024679459631443024,-0.1295398622751236,-0.0030806083232164383,128171.8046875,54651.1015625,73520.703125,128171.875,54651.35546875,73520.5234375,-5.485800897986337e-07,-4.645949502446456e-06,2.444039409965626e-06,-5.485800897986337e-05,10.859166949987411,6.28214182138443,0.8638322651386261,6.28214182138443,3.111952543258667,2108.9312767982483,2108.9312767982483,greedy,3.111952543258667,0.0,heuristic_recall_pool
686,N60243,observe,-0.2464378923177719,0.6147984051704403,-0.2464378923177719,3.109004259109497,6.2926851361989975,0.03109004259109497,0.013470504432916641,10.207038879394531,3.109004259109497,6.173416622579097,-0.024668030440807343,-0.12954406440258026,-0.0030822688713669777,128171.984375,54651.453125,73520.53125,128170.3046875,54649.609375,73520.6953125,1.3104950085107703e-05,3.373652361915447e-05,-2.2315196019917494e-06,0.0013104950085107703,10.849240094423294,6.281717820167541,0.8622077405452728,6.281717820167541,3.109004259109497,2112.040281057358,2112.040281057358,greedy,3.109004259109497,0.0,heuristic_recall_pool
687,N55978,observe,-0.24634520709514618,0.6063388061523436,-0.24634520709514618,3.1069042682647705,6.289669039845466,0.031069042682647704,0.013366594910621643,10.200665473937988,3.1069042682647705,6.17070213586092,-0.024667657911777496,-0.12954233586788177,-0.003084239549934864,128170.203125,54649.58203125,73520.6171875,128169.828125,54648.8828125,73520.9453125,2.9257969345053425e-06,1.2794585927622393e-05,-4.463033747015288e-06,0.00029257969345053425,10.84080395102501,6.279374322891235,0.8601266443729401,6.279374322891235,3.1069042682647705,2115.1471853256226,2115.1471853256226,greedy,3.1069042682647705,0.0,heuristic_recall_pool
688,N19714,observe,-0.24626688659191132,0.6079203754663467,-0.24626688659191132,3.105283498764038,6.290570792555809,0.03105283498764038,0.013304255902767181,10.197052001953125,3.105283498764038,6.171513713300228,-0.02465333789587021,-0.1295185536146164,-0.0030856961384415627,128169.59375,54648.609375,73520.984375,128167.34375,54646.31640625,73521.0234375,1.7554864825797267e-05,4.1958410292863846e-05,-5.313108886184637e-07,0.0017554864825797267,10.837001711130142,6.280030263662338,0.8602500855922699,6.280030263662338,3.105283498764038,2118.2524688243866,2118.2524688243866,greedy,3.105283498764038,0.0,heuristic_recall_pool
689,N56374,observe,-0.2461954802274704,0.6087405699491499,-0.2461954802274704,3.1037871837615967,6.290444150567055,0.031037871837615968,0.01324911043047905,10.194025039672852,3.1037871837615967,6.171399735510349,-0.02464362233877182,-0.12950097024440765,-0.003087261226028204,128167.5859375,54646.5546875,73521.03125,128165.984375,54645.0625,73520.921875,1.2495846931415144e-05,2.7306159608997405e-05,1.4876695786369964e-06,0.0012495846931415144,10.833449989557266,6.279987326860428,0.86009082198143,6.279987326860428,3.1037871837615967,2121.356256008148,2121.356256008148,greedy,3.1037871837615967,0.0,heuristic_recall_pool
690,N51709,observe,-0.24612770974636078,0.6095346242189406,-0.24612770974636078,3.1025030612945557,6.2903424263000485,0.031025030612945557,0.013200324028730392,10.191563606262207,3.1025030612945557,6.171308183670044,-0.024635210633277893,-0.12948541343212128,-0.0030885995365679264,128165.9453125,54645.0234375,73520.921875,128164.671875,54643.86328125,73520.8125,9.9358494480839e-06,2.1230776837910526e-05,1.4876717386869132e-06,0.00099358494480839,10.830545604228973,6.279959219694137,0.8599956035614014,6.279959219694137,3.1025030612945557,2124.4587590694427,2124.4587590694427,greedy,3.1025030612945557,0.0,heuristic_recall_pool
691,N60240,observe,-0.24607239663600922,0.6098258990049361,-0.24607239663600922,3.101705312728882,6.289713189005852,0.031017053127288818,0.013159237802028656,10.189836502075195,3.101705312728882,6.1707418701052665,-0.02463296800851822,-0.1294756382703781,-0.0030896449461579323,128164.796875,54643.96875,73520.828125,128164.5859375,54643.6328125,73520.953125,1.6458302525279578e-06,6.1477508097596e-06,-1.7001984815578908e-06,0.00016458302525279578,10.828245013952255,6.279567328691483,0.8595886528491974,6.279567328691483,3.101705312728882,2127.5604643821716,2127.5604643821716,greedy,3.101705312728882,0.0,heuristic_recall_pool
692,N54773,observe,-0.246012881398201,0.61120968401432,-0.246012881398201,3.100712299346924,6.290249764919281,0.03100712299346924,0.013121731579303741,10.188264846801758,3.100712299346924,6.171224788427352,-0.024624958634376526,-0.12946085631847382,-0.0030906731262803078,128164.3125,54643.36328125,73520.953125,128163.078125,54642.30078125,73520.7734375,9.631191460357513e-06,1.9444263671175577e-05,2.44403122451331e-06,0.0009631191460357513,10.826481282711029,6.279978526830673,0.8597484230995178,6.279978526830673,3.100712299346924,2130.6611766815186,2130.6611766815186,greedy,3.100712299346924,0.0,heuristic_recall_pool
693,N54321,observe,-0.24595968425273895,0.6118279010057448,-0.24595968425273895,3.0997965335845947,6.290164414048195,0.030997965335845947,0.013087905943393707,10.186832427978516,3.0997965335845947,6.171147972643375,-0.02461887151002884,-0.12944969534873962,-0.003091614693403244,128163.203125,54642.4453125,73520.7578125,128162.28125,54641.703125,73520.578125,7.1929771365830675e-06,1.3582618521468248e-05,2.4440375909762224e-06,0.0007192977136583067,10.824741810560226,6.279952677488327,0.8597700893878937,6.279952677488327,3.0997965335845947,2133.760973215103,2133.760973215103,greedy,3.0997965335845947,0.0,heuristic_recall_pool
694,N55389,observe,-0.24590982496738434,0.612428994178772,-0.24590982496738434,3.0989930629730225,6.290105238556862,0.030989930629730225,0.013058293610811234,10.185630798339844,3.0989930629730225,6.171094714701176,-0.024613425135612488,-0.12944014370441437,-0.003092440776526928,128162.2734375,54641.6953125,73520.578125,128161.5859375,54641.1171875,73520.46875,5.3642929742636625e-06,1.0580290108919144e-05,1.4876786735840142e-06,0.0005364292974263662,10.823281347751617,6.279942893981934,0.8598134517669678,6.279942893981934,3.0989930629730225,2136.859966278076,2136.859966278076,greedy,3.0989930629730225,0.0,heuristic_recall_pool
695,N55337,observe,-0.2458631843328476,0.6130028277635573,-0.2458631843328476,3.0982868671417236,6.290064594149589,0.030982868671417238,0.013032622635364532,10.184626579284668,3.0982868671417236,6.171058134734631,-0.02460859715938568,-0.12943188846111298,-0.003093174658715725,128161.5703125,54641.109375,73520.4609375,128160.9609375,54640.640625,73520.3203125,4.754740530188428e-06,8.578706001571845e-06,1.9127328414469957e-06,0.0004754740530188428,10.822053730487823,6.279943770170211,0.8598686456680298,6.279943770170211,3.0982868671417236,2139.958253145218,2139.958253145218,greedy,3.0982868671417236,0.0,heuristic_recall_pool
696,N54104,observe,-0.24582035839557648,0.6135332345962523,-0.24582035839557648,3.0976650714874268,6.29003035724163,0.03097665071487427,0.013010308146476746,10.183782577514648,3.0976650714874268,6.171027321517467,-0.02460435777902603,-0.12942463159561157,-0.003093833103775978,128160.9375,54640.625,73520.3125,128160.4921875,54640.28125,73520.2109375,3.474635150269023e-06,6.291106728895102e-06,1.3814209296469926e-06,0.0003474635150269023,10.821011871099472,6.2799467277526855,0.8599261343479156,6.2799467277526855,3.0976650714874268,2143.0559182167053,2143.0559182167053,greedy,3.0976650714874268,0.0,heuristic_recall_pool
697,N53985,observe,-0.24578092992305756,0.6140186530351639,-0.24578092992305756,3.0971169471740723,6.2900050461292265,0.030971169471740723,0.012990809977054596,10.183074951171875,3.0971169471740723,6.171004541516304,-0.02460061013698578,-0.12941831350326538,-0.0030944189056754112,128160.484375,54640.2734375,73520.2109375,128160.0390625,54639.953125,73520.0859375,3.474647428447497e-06,5.862205398443621e-06,1.7002128060994437e-06,0.0003474647428447497,10.82013088464737,6.2799533164501185,0.8599869608879089,6.2799533164501185,3.0971169471740723,2146.1530351638794,2146.1530351638794,greedy,3.0971169471740723,0.0,heuristic_recall_pool
698,N51625,observe,-0.24574501812458038,0.6144524013996122,-0.24574501812458038,3.096633195877075,6.289982318878174,0.030966331958770753,0.012973841279745102,10.182479858398438,3.096633195877075,6.170984086990356,-0.024597272276878357,-0.1294127106666565,-0.0030949441716074944,128160.03125,54639.94921875,73520.078125,128159.703125,54639.671875,73520.03125,2.5602755613363115e-06,5.075842182122869e-06,6.375809107339592e-07,0.00025602755613363115,10.819385826587677,6.279959132671356,0.8600510358810425,6.279959132671356,3.096633195877075,2149.2496683597565,2149.2496683597565,greedy,3.096633195877075,0.0,heuristic_recall_pool
699,N54108,observe,-0.2457122653722763,0.6148409312963483,-0.2457122653722763,3.096205472946167,6.289965209364891,0.03096205472946167,0.01295863464474678,10.181978225708008,3.096205472946167,6.170968688428402,-0.024594277143478394,-0.12940776348114014,-0.00309541542083025,128159.6875,54639.66015625,73520.0234375,128159.375,54639.46875,73519.90625,2.438364163026563e-06,3.5030643630307168e-06,1.593953470546694e-06,0.0002438364163026563,10.818755984306335,6.279966436624527,0.8601182103157043,6.279966436624527,3.096205472946167,2152.3458738327026,2152.3458738327026,greedy,3.096205472946167,0.0,heuristic_recall_pool
700,N56547,observe,-0.24568210542201996,0.6151952499151228,-0.24568210542201996,3.095836877822876,6.289957129955291,0.03095836877822876,0.012946397066116333,10.181591033935547,3.095836877822876,6.170961416959762,-0.024591565132141113,-0.12940332293510437,-0.0030958736315369606,128159.46875,54639.5234375,73519.9453125,128159.25,54639.3671875,73519.8828125,1.7068579154511099e-06,2.859651658582152e-06,8.501094725943403e-07,0.000170685791545111,10.818271398544312,6.279977947473526,0.8602004647254944,6.279977947473526,3.095836877822876,2155.4417107105255,2155.4417107105255,greedy,3.095836877822876,0.0,heuristic_recall_pool
701,N51508,observe,-0.24565480649471283,0.6155084109306332,-0.24565480649471283,3.09550404548645,6.289942726492882,0.030955040454864503,0.012934945523738861,10.181244850158691,3.09550404548645,6.170948453843593,-0.024589218199253082,-0.12939922511577606,-0.0030962759628891945,128159.3203125,54639.421875,73519.8984375,128159.171875,54639.3046875,73519.8671875,1.1582263823584071e-06,2.1447426661325153e-06,4.2505499209255504e-07,0.00011582263823584071,10.817827075719833,6.279983439445495,0.8602654039859772,6.279983439445495,3.09550404548645,2158.537214756012,2158.537214756012,greedy,3.09550404548645,0.0,heuristic_recall_pool
702,N55248,observe,-0.24563007056713104,0.6157812356948851,-0.24563007056713104,3.0952093601226807,6.28993079662323,0.030952093601226808,0.012924261391162872,10.180925369262695,3.0952093601226807,6.170937716960907,-0.024587087333202362,-0.12939603626728058,-0.0030965832993388176,128158.984375,54639.1875,73519.796875,128158.7578125,54639.0546875,73519.703125,1.7678237327345414e-06,2.4307187231897842e-06,1.2751667100019404e-06,0.00017678237327345414,10.81742599606514,6.279988622665405,0.8603249490261078,6.279988622665405,3.0952093601226807,2161.6324241161346,2161.6324241161346,greedy,3.0952093601226807,0.0,heuristic_recall_pool
703,N54110,observe,-0.24560756981372833,0.6160228770971297,-0.24560756981372833,3.094944477081299,6.289918902516365,0.03094944477081299,0.012915551662445068,10.180658340454102,3.094944477081299,6.170927012264729,-0.024585247039794922,-0.1293930858373642,-0.0030968748033046722,128158.75,54639.046875,73519.703125,128158.5625,54638.921875,73519.640625,1.4630292071160511e-06,2.28774115385022e-06,8.501122579218645e-07,0.0001463029207116051,10.817078113555908,6.279992357492446,0.8603760004043579,6.279992357492446,3.094944477081299,2164.727368593216,2164.727368593216,greedy,3.094944477081299,0.0,heuristic_recall_pool
704,N60288,observe,-0.2455863207578659,0.6162641042470929,-0.2455863207578659,3.0947110652923584,6.289918553829193,0.030947110652923583,0.012908142060041428,10.180458068847656,3.0947110652923584,6.170926698446274,-0.02458351105451584,-0.12939026951789856,-0.0030971807427704334,128158.6640625,54639.0078125,73519.65625,128158.5234375,54638.9375,73519.5859375,1.0972727295666118e-06,1.2868553085354506e-06,9.563768799125683e-07,0.00010972727295666118,10.81681802868843,6.280003515481949,0.8604411780834198,6.280003515481949,3.0947110652923584,2167.8220796585083,2167.8220796585083,greedy,3.0947110652923584,0.0,heuristic_recall_pool
705,N53064,observe,-0.24558596312999725,0.6157236123085019,-0.24558596312999725,3.095168352127075,6.289542469382286,0.030951683521270753,0.012919105589389801,10.181304931640625,3.095168352127075,6.170588222444057,-0.024584636092185974,-0.12938570976257324,-0.0030970326624810696,128158.53125,54638.953125,73519.578125,128159.2578125,54639.4140625,73519.84375,-5.669247912010178e-06,-8.436059943051077e-06,-3.6129831642028876e-06,-0.0005669247912010178,10.818009674549103,6.2797355699539175,0.8606547117233276,6.2797355699539175,3.095168352127075,2170.9172480106354,2170.9172480106354,greedy,3.095168352127075,0.0,heuristic_recall_pool
706,N53065,observe,-0.2455826848745346,0.6158777725696563,-0.2455826848745346,3.0953609943389893,6.289622274041175,0.030953609943389894,0.012919392436742783,10.181663513183594,3.0953609943389893,6.1706600466370585,-0.024586357176303864,-0.12938475608825684,-0.0030969870276749134,128159.25,54639.40234375,73519.84375,128159.5078125,54639.6015625,73519.90625,-2.01165744329046e-06,-3.6460637602431234e-06,-8.501106094627175e-07,-0.000201165744329046,10.818388789892197,6.279794290065765,0.8606204092502594,6.279794290065765,3.0953609943389893,2174.0126090049744,2174.0126090049744,greedy,3.0953609943389893,0.0,heuristic_recall_pool
707,N51627,observe,-0.2455643266439438,0.6165659922361373,-0.2455643266439438,3.0948984622955322,6.289963272213936,0.03094898462295532,0.012902747839689255,10.180963516235352,3.0948984622955322,6.170966944992542,-0.024585388600826263,-0.12938648462295532,-0.0030972836539149284,128159.40625,54639.5,73519.90625,128158.859375,54639.2109375,73519.6484375,4.267146778147435e-06,5.290357876219787e-06,3.5067032513325103e-06,0.0004267146778147435,10.817323118448257,6.280046588182449,0.8604266345500946,6.280046588182449,3.0948984622955322,2177.10750746727,2177.10750746727,greedy,3.0948984622955322,0.0,heuristic_recall_pool
708,N53793,observe,-0.24554948508739471,0.6166361075639724,-0.24554948508739471,3.0946238040924072,6.289928430318832,0.03094623804092407,0.01289510726928711,10.180611610412598,3.0946238040924072,6.170935587286949,-0.024583443999290466,-0.12938526272773743,-0.0030974927358329296,128158.84375,54639.19921875,73519.6484375,128158.59375,54639.05859375,73519.53125,1.9507042452460155e-06,2.573701749497559e-06,1.59396165599901e-06,0.00019507042452460155,10.816891014575958,6.28002743601799,0.8604644536972046,6.28002743601799,3.0946238040924072,2180.2021312713623,2180.2021312713623,greedy,3.0946238040924072,0.0,heuristic_recall_pool
709,N60285,observe,-0.24554495513439178,0.6162022185325622,-0.24554495513439178,3.09476637840271,6.289339053630829,0.0309476637840271,0.012892249971628189,10.180728912353516,3.09476637840271,6.170405148267746,-0.024586930871009827,-0.129387766122818,-0.003097512759268284,128158.71875,54639.171875,73519.546875,128159.4453125,54639.65625,73519.7890625,-5.669239726557862e-06,-8.864976734912489e-06,-3.294191856184625e-06,-0.0005669239726557862,10.816802203655243,6.279627022743226,0.8601807355880737,6.279627022743226,3.09476637840271,2183.296897649765,2183.296897649765,greedy,3.09476637840271,0.0,heuristic_recall_pool
710,N55339,observe,-0.24553082883358002,0.6170021373033521,-0.24553082883358002,3.094540596008301,6.289932778477668,0.03094540596008301,0.012885384261608124,10.180541038513184,3.094540596008301,6.170939500629902,-0.024584047496318817,-0.12938335537910461,-0.0030976468697190285,128159.3125,54639.5390625,73519.7734375,128158.6875,54639.078125,73519.609375,4.876742877968354e-06,8.435969903075602e-06,2.231542566732969e-06,0.0004876742877968354,10.816676884889603,6.2800475108623495,0.8603656589984894,6.2800475108623495,3.094540596008301,2186.3914382457733,2186.3914382457733,greedy,3.094540596008301,0.0,heuristic_recall_pool
711,N51575,observe,-0.24551983177661896,0.6170291078090666,-0.24551983177661896,3.0943307876586914,6.289899787306785,0.030943307876586914,0.01288093626499176,10.180353164672852,3.0943307876586914,6.170909808576107,-0.02458225190639496,-0.1293812394142151,-0.0030978331342339516,128158.6875,54639.078125,73519.609375,128158.4609375,54638.9375,73519.5234375,1.7678278254606994e-06,2.573707433839445e-06,1.1689057828334626e-06,0.00017678278254606994,10.816458761692047,6.2800275158882135,0.8604457974433899,6.2800275158882135,3.0943307876586914,2189.485769033432,2189.485769033432,greedy,3.0943307876586914,0.0,heuristic_recall_pool
712,N55250,observe,-0.24550853669643402,0.6170886367559432,-0.24550853669643402,3.0941550731658936,6.28987768292427,0.030941550731658937,0.012877367436885834,10.180198669433594,3.0941550731658936,6.170889914631843,-0.024580709636211395,-0.12937957048416138,-0.003097983542829752,128158.4453125,54638.9296875,73519.515625,128158.2265625,54638.78125,73519.4453125,1.7068715578716365e-06,2.7166984182258602e-06,9.563786989019718e-07,0.00017068715578716365,10.816282778978348,6.2800160753726955,0.8605174720287323,6.2800160753726955,3.0941550731658936,2192.579924106598,2192.579924106598,greedy,3.0941550731658936,0.0,heuristic_recall_pool
713,N55246,observe,-0.24549786746501923,0.6171664488315582,-0.24549786746501923,3.0940020084381104,6.289870125055313,0.030940020084381105,0.012874118983745575,10.180068969726562,3.0940020084381104,6.170883112549782,-0.02457936853170395,-0.12937818467617035,-0.0030981176532804966,128158.2109375,54638.7734375,73519.4375,128158.1484375,54638.7265625,73519.421875,4.87678448735096e-07,8.57907252793666e-07,2.1252883186662075e-07,4.87678448735096e-05,10.816134124994278,6.2800148749351505,0.8605808913707733,6.2800148749351505,3.0940020084381104,2195.673926115036,2195.673926115036,greedy,3.0940020084381104,0.0,heuristic_recall_pool
714,N54995,observe,-0.24551181495189667,0.6161713534593578,-0.24551181495189667,3.094722270965576,6.289035043120384,0.03094722270965576,0.01288699358701706,10.181122779846191,3.094722270965576,6.170131538808345,-0.024585343897342682,-0.12938013672828674,-0.0030977362766861916,128158.234375,54638.828125,73519.40625,128159.5859375,54639.6953125,73519.890625,-1.0546044904913288e-05,-1.587126826052554e-05,-6.588396445295075e-06,-0.0010546044904913288,10.8173106610775,6.279429587125779,0.8604268729686737,6.279429587125779,3.094722270965576,2198.7686483860016,2198.7686483860016,greedy,3.094722270965576,0.0,heuristic_recall_pool
715,N54996,observe,-0.2455291599035263,0.6162080079317092,-0.2455291599035263,3.095425844192505,6.289162382483482,0.03095425844192505,0.012898813933134079,10.182287216186523,3.095425844192505,6.170246144235134,-0.02458970993757248,-0.1293795108795166,-0.0030972384847700596,128159.5546875,54639.6796875,73519.875,128160.203125,54640.0625,73520.140625,-5.059610884927679e-06,-7.006126452324679e-06,-3.612968612287659e-06,-0.0005059610884927679,10.81874206662178,6.279513405561447,0.8604572713375092,6.279513405561447,3.095425844192505,2201.864074230194,2201.864074230194,greedy,3.095425844192505,0.0,heuristic_recall_pool
716,N53983,observe,-0.24551628530025482,0.6174065262079238,-0.24551628530025482,3.094902753829956,6.289987421035766,0.03094902753829956,0.01288115605711937,10.181503295898438,3.094902753829956,6.17098867893219,-0.02458801120519638,-0.12937994301319122,-0.003097514621913433,128160.1015625,54639.9609375,73520.140625,128159.15625,54639.4140625,73519.7421875,7.3760279519774485e-06,1.0008699973695911e-05,5.419433364295401e-06,0.0007376027951977449,10.817604929208755,6.2801018178462975,0.8603003919124603,6.2801018178462975,3.094902753829956,2204.958976984024,2204.958976984024,greedy,3.094902753829956,0.0,heuristic_recall_pool
717,N54112,observe,-0.2455081194639206,0.6172648298740384,-0.2455081194639206,3.0945968627929688,6.289908754825592,0.030945968627929688,0.012875385582447052,10.181090354919434,3.0945968627929688,6.170917879343032,-0.024585671722888947,-0.12937894463539124,-0.0030977167189121246,128159.140625,54639.41015625,73519.734375,128158.734375,54639.13671875,73519.6015625,3.169887122567161e-06,5.004400463803904e-06,1.8064877167489612e-06,0.0003169887122567161,10.817120045423508,6.280044419765472,0.8603546321392059,6.280044419765472,3.0945968627929688,2208.053573846817,2208.053573846817,greedy,3.0945968627929688,0.0,heuristic_recall_pool
718,N54569,observe,-0.24549908936023712,0.6172433888912199,-0.24549908936023712,3.094365119934082,6.2898639827966685,0.03094365119934082,0.012871842831373215,10.18079948425293,3.094365119934082,6.170877584517002,-0.02458363026380539,-0.1293777972459793,-0.003097875975072384,128158.734375,54639.12890625,73519.6015625,128158.484375,54638.96875,73519.515625,1.9507058368617436e-06,2.93116409011418e-06,1.168906010207138e-06,0.00019507058368617436,10.816801577806473,6.280014545917512,0.860428124666214,6.280014545917512,3.094365119934082,2211.147938966751,2211.147938966751,greedy,3.094365119934082,0.0,heuristic_recall_pool
719,N56002,observe,-0.24549005925655365,0.617283387184143,-0.24549005925655365,3.0942046642303467,6.289852574467659,0.030942046642303468,0.012871332466602325,10.180681228637695,3.0942046642303467,6.1708673170208925,-0.02458183467388153,-0.12937675416469574,-0.003098077140748501,128158.4140625,54638.8046875,73519.609375,128158.3984375,54638.7890625,73519.609375,1.219194274426627e-07,2.859689232082019e-07,0.0,1.2191942744266271e-05,10.816702425479889,6.280009078979492,0.8605380058288574,6.280009078979492,3.0942046642303467,2214.2421436309814,2214.2421436309814,greedy,3.0942046642303467,0.0,heuristic_recall_pool
720,N46544,observe,-0.24548153579235077,0.6173459589481352,-0.24548153579235077,3.09405255317688,6.289845904707908,0.0309405255317688,0.012868758291006088,10.180506706237793,3.09405255317688,6.170861314237118,-0.02458041161298752,-0.12937600910663605,-0.0030982056632637978,128158.359375,54638.8203125,73519.5390625,128158.2109375,54638.7421875,73519.46875,1.158235022558074e-06,1.4298442465587868e-06,9.563783578414586e-07,0.0001158235022558074,10.816518098115921,6.2800077319145196,0.8605986535549164,6.2800077319145196,3.09405255317688,2217.3361961841583,2217.3361961841583,greedy,3.09405255317688,0.0,heuristic_recall_pool
721,N38613,observe,-0.24547253549098969,0.617442174553871,-0.24547253549098969,3.093897819519043,6.289850336313247,0.03093897819519043,0.012865342199802399,10.180328369140625,3.093897819519043,6.170865302681923,-0.024579159915447235,-0.12937483191490173,-0.0030983430333435535,128158.4921875,54638.9921875,73519.5,128158.359375,54638.8984375,73519.4609375,1.03631441561447e-06,1.7158076843770687e-06,5.313216320246283e-07,0.00010363144156144699,10.816310197114944,6.280015128850937,0.8606405556201935,6.280015128850937,3.093897819519043,2220.4300940036774,2220.4300940036774,greedy,3.093897819519043,0.0,heuristic_recall_pool
722,N53987,observe,-0.24546454846858978,0.6174967825412749,-0.24546454846858978,3.0937652587890625,6.289845368266105,0.030937652587890625,0.01286250352859497,10.180161476135254,3.0937652587890625,6.170860831439494,-0.024578064680099487,-0.12937407195568085,-0.0030984366312623024,128158.15625,54638.7578125,73519.3984375,128158.078125,54638.703125,73519.375,6.095983735576738e-07,1.0008920980908442e-06,3.1879341122476035e-07,6.095983735576738e-05,10.816120266914368,6.280014503002167,0.8606752157211304,6.280014503002167,3.0937652587890625,2223.5238592624664,2223.5238592624664,greedy,3.0937652587890625,0.0,heuristic_recall_pool
723,N53791,observe,-0.24545679986476898,0.6175588905811309,-0.24545679986476898,3.0936472415924072,6.289848026633262,0.030936472415924073,0.01286022737622261,10.180028915405273,3.0936472415924072,6.170863223969937,-0.024577058851718903,-0.1293732225894928,-0.003098528366535902,128158.0703125,54638.703125,73519.3671875,128157.96875,54638.6640625,73519.3046875,7.924783744783781e-07,7.149236580517027e-07,8.50116123274347e-07,7.924783744783781e-05,10.81597027182579,6.280019147396088,0.8607131540775299,6.280019147396088,3.0936472415924072,2226.617506504059,2226.617506504059,greedy,3.0936472415924072,0.0,heuristic_recall_pool
724,N53009,observe,-0.24544979631900787,0.6176137953996657,-0.24544979631900787,3.0935451984405518,6.289846509695053,0.030935451984405518,0.012858305126428604,10.179920196533203,3.0935451984405518,6.170861858725548,-0.02457621693611145,-0.12937234342098236,-0.0030986201018095016,128157.953125,54638.65625,73519.296875,128157.84375,54638.5625,73519.28125,8.534390190106933e-07,1.715818143566139e-06,2.1252922977055277e-07,8.534390190106933e-05,10.81584370136261,6.280020760297775,0.8607446551322937,6.280020760297775,3.0935451984405518,2229.7110517024994,2229.7110517024994,greedy,3.0935451984405518,0.0,heuristic_recall_pool
725,N54623,observe,-0.24544332921504974,0.6176617580652235,-0.24544332921504974,3.0934579372406006,6.289849352836609,0.030934579372406006,0.012856729328632355,10.179834365844727,3.0934579372406006,6.170864417552948,-0.02457539737224579,-0.12937156856060028,-0.0030986974015831947,128157.8359375,54638.5546875,73519.28125,128157.8046875,54638.5390625,73519.265625,2.4383993491028377e-07,2.859702306068357e-07,2.1252928661397164e-07,2.4383993491028377e-05,10.815752565860748,6.280024856328964,0.8607833385467529,6.280024856328964,3.0934579372406006,2232.80450963974,2232.80450963974,greedy,3.0934579372406006,0.0,heuristic_recall_pool
726,N53795,observe,-0.24543748795986176,0.6177058058977125,-0.24543748795986176,3.093381643295288,6.289851313829422,0.03093381643295288,0.012855291366577148,10.17976188659668,3.093381643295288,6.170866182446479,-0.02457468956708908,-0.12937086820602417,-0.003098767250776291,128157.7890625,54638.53125,73519.2578125,128157.7734375,54638.5234375,73519.25,1.2192002429856075e-07,1.429851721468367e-07,1.0626467172869525e-07,1.2192002429856075e-05,10.81567457318306,6.280028198957442,0.8608169257640839,6.280028198957442,3.093381643295288,2235.8978912830353,2235.8978912830353,greedy,3.093381643295288,0.0,heuristic_recall_pool
727,N53989,observe,-0.24543209373950958,0.6177481329441068,-0.24543209373950958,3.0933163166046143,6.289852637052536,0.030933163166046142,0.012854259461164474,10.179703712463379,3.0933163166046143,6.170867373347282,-0.024574093520641327,-0.1293702870607376,-0.0030988287180662155,128157.765625,54638.515625,73519.25,128157.7421875,54638.5,73519.2421875,1.828800577641232e-07,2.859704295588017e-07,1.0626468593954996e-07,1.828800577641232e-05,10.81561067700386,6.280031049251557,0.8608456552028656,6.280031049251557,3.0933163166046143,2238.99120759964,2238.99120759964,greedy,3.0933163166046143,0.0,heuristic_recall_pool
728,N54621,observe,-0.2454274743795395,0.6177713459730145,-0.2454274743795395,3.093259811401367,6.289851239323616,0.030932598114013672,0.01285349577665329,10.179656028747559,3.093259811401367,6.170866115391254,-0.02457354962825775,-0.12936978042125702,-0.003098884131759405,128157.75,54638.49609375,73519.25,128157.6484375,54638.4609375,73519.1875,7.924803639980382e-07,6.434336796701245e-07,8.501174875163997e-07,7.924803639980382e-05,10.81556087732315,6.280031243562698,0.8608739972114563,6.280031243562698,3.093259811401367,2242.0844674110413,2242.0844674110413,greedy,3.093259811401367,0.0,heuristic_recall_pool
729,N55252,observe,-0.2454230636358261,0.6178036731481551,-0.2454230636358261,3.093209981918335,6.289853185415268,0.03093209981918335,0.01285291463136673,10.17961597442627,3.093209981918335,6.170867866873741,-0.024573087692260742,-0.1293693482875824,-0.0030989330261945724,128157.6484375,54638.4609375,73519.1875,128157.59375,54638.42578125,73519.171875,4.2672053268688614e-07,6.434341344174754e-07,2.1252955662021122e-07,4.2672053268688614e-05,10.81551718711853,6.2800340235233305,0.8608977198600769,6.2800340235233305,3.093209981918335,2245.1776773929596,2245.1776773929596,greedy,3.093209981918335,0.0,heuristic_recall_pool
730,N54114,observe,-0.2454191893339157,0.6178298074007031,-0.2454191893339157,3.0931661128997803,6.289852651953697,0.0309316611289978,0.012852158397436142,10.179580688476562,3.0931661128997803,6.170867386758327,-0.024572648108005524,-0.12936899065971375,-0.00309897493571043,128157.59375,54638.41796875,73519.171875,128157.578125,54638.41796875,73519.1640625,1.2192020903967205e-07,0.0,1.0626479962638768e-07,1.2192020903967205e-05,10.81548199057579,6.280034912824631,0.8609218895435333,6.280034912824631,3.0931661128997803,2248.2708435058594,2248.2708435058594,greedy,3.0931661128997803,0.0,heuristic_recall_pool
731,N54323,observe,-0.24541549384593964,0.6178562563657759,-0.24541549384593964,3.093127965927124,6.289856311678886,0.03093127965927124,0.012851648032665253,10.179551124572754,3.093127965927124,6.170870680510998,-0.024572260677814484,-0.1293686479330063,-0.0030990103259682655,128157.5625,54638.41015625,73519.15625,128157.5625,54638.40234375,73519.15625,0.0,1.4298549899649515e-07,0.0,0.0,10.81545302271843,6.280038520097732,0.8609437048435211,6.280038520097732,3.093127965927124,2251.3639714717865,2251.3639714717865,greedy,3.093127965927124,0.0,heuristic_recall_pool
732,N53797,observe,-0.2454124242067337,0.6178700500726697,-0.2454124242067337,3.0930943489074707,6.289853027462959,0.030930943489074707,0.012851186096668243,10.179527282714844,3.0930943489074707,6.170867724716663,-0.02457193285226822,-0.1293683797121048,-0.0030990424565970898,128157.5546875,54638.3984375,73519.15625,128157.546875,54638.390625,73519.15625,6.096011873069074e-08,1.4298552741820458e-07,0.0,6.096011873069074e-06,10.815428346395493,6.28003705382347,0.8609621226787567,6.28003705382347,3.0930943489074707,2254.457065820694,2254.457065820694,greedy,3.0930943489074707,0.0,heuristic_recall_pool
733,N51184,observe,-0.24540944397449493,0.6178901720046994,-0.24540944397449493,3.093064546585083,6.289854389429093,0.03093064546585083,0.012850746512413025,10.179505348205566,3.093064546585083,6.170868950486183,-0.02457164227962494,-0.1293681412935257,-0.0030990736559033394,128157.5390625,54638.3984375,73519.140625,128157.5078125,54638.3984375,73519.109375,2.438405033444724e-07,0.0,4.250593690358073e-07,2.4384050334447238e-05,10.815405666828156,6.28003888130188,0.8609782457351685,6.28003888130188,3.093064546585083,2257.550130367279,2257.550130367279,greedy,3.093064546585083,0.0,heuristic_recall_pool
734,N19713,observe,-0.24540726840496063,0.6178945761919021,-0.24540726840496063,3.0930607318878174,6.289857023954392,0.030930607318878173,0.012851756066083908,10.179524421691895,3.0930607318878174,6.170871321558953,-0.02457132190465927,-0.12936827540397644,-0.0030991006642580032,128157.28125,54638.18359375,73519.09375,128157.3515625,54638.234375,73519.1171875,-5.486422764988674e-07,-9.294095661971369e-07,-3.187947470451036e-07,-5.486422764988674e-05,10.815452963113785,6.28004078745842,0.8610140979290009,6.28004078745842,3.0930607318878174,2260.643191099167,2260.643191099167,greedy,3.0930607318878174,0.0,heuristic_recall_pool
735,N51577,observe,-0.245404914021492,0.6179159283637998,-0.245404914021492,3.093031644821167,6.289856564998627,0.03093031644821167,0.012850955128669739,10.179494857788086,3.093031644821167,6.170870908498764,-0.024571143090724945,-0.12936817109584808,-0.0030991146340966225,128157.5625,54638.4296875,73519.1328125,128157.546875,54638.4296875,73519.1171875,1.2192023746138148e-07,0.0,2.125297129396131e-07,1.2192023746138148e-05,10.815412193536758,6.280041499137878,0.8610173165798187,6.280041499137878,3.093031644821167,2263.736222743988,2263.736222743988,greedy,3.093031644821167,0.0,heuristic_recall_pool
736,N54377,observe,-0.24540255963802338,0.6179303699731824,-0.24540255963802338,3.0930068492889404,6.289855372905731,0.030930068492889404,0.012850571423768997,10.179473876953125,3.0930068492889404,6.170869835615158,-0.024570949375629425,-0.12936799228191376,-0.0030991332605481148,128157.546875,54638.42578125,73519.1171875,128157.53125,54638.421875,73519.109375,1.219202516722362e-07,7.14927281819655e-08,1.0626487778608862e-07,1.2192025167223619e-05,10.815385788679123,6.2800414121150965,0.8610252439975739,6.2800414121150965,3.0930068492889404,2266.829229593277,2266.829229593277,greedy,3.0930068492889404,0.0,heuristic_recall_pool
737,N54375,observe,-0.24540050327777863,0.6179448401927945,-0.24540050327777863,3.092986822128296,6.289859637618065,0.03092986822128296,0.012850012630224228,10.179458618164062,3.092986822128296,6.170873673856258,-0.024570725858211517,-0.12936776876449585,-0.0030991509556770325,128157.515625,54638.41796875,73519.09375,128157.515625,54638.41796875,73519.09375,0.0,0.0,0.0,0.0,10.815372854471207,6.280044844150543,0.8610387742519379,6.280044844150543,3.092986822128296,2269.9222164154053,2269.9222164154053,greedy,3.092986822128296,0.0,heuristic_recall_pool
738,N53066,observe,-0.24539779126644135,0.6179820817708968,-0.24539779126644135,3.0929677486419678,6.289867657423019,0.030929677486419678,0.012849971652030945,10.179454803466797,3.0929677486419678,6.170880891680717,-0.0245705246925354,-0.1293676197528839,-0.0030992133542895317,128157.5625,54638.484375,73519.078125,128157.640625,54638.52734375,73519.109375,-6.096011588851979e-07,-7.864191502449103e-07,-4.250597385180299e-07,-6.0960115888519795e-05,10.815370082855225,6.280051771402359,0.8610531687736511,6.280051771402359,3.0929677486419678,2273.0151841640472,2273.0151841640472,greedy,3.0929677486419678,0.0,heuristic_recall_pool
739,N53991,observe,-0.24539656937122345,0.6179713261127471,-0.24539656937122345,3.092954397201538,6.289860561490059,0.03092954397201538,0.012849602848291397,10.179442405700684,3.092954397201538,6.170874505341053,-0.024570398032665253,-0.12936750054359436,-0.0030992156825959682,128157.5703125,54638.453125,73519.1171875,128157.546875,54638.4375,73519.109375,1.828803419812175e-07,2.8597077061931486e-07,1.0626487778608862e-07,1.828803419812175e-05,10.815356999635696,6.280046689510345,0.8610593974590302,6.280046689510345,3.092954397201538,2276.108138561249,2276.108138561249,greedy,3.092954397201538,0.0,heuristic_recall_pool
740,N55254,observe,-0.24539531767368317,0.6179722547531126,-0.24539531767368317,3.092940092086792,6.289860674738884,0.03092940092086792,0.012849345803260803,10.17943000793457,3.092940092086792,6.170874607264996,-0.02457025647163391,-0.12936733663082123,-0.0030992194078862667,128157.546875,54638.43359375,73519.109375,128157.5234375,54638.421875,73519.1015625,1.8288037040292693e-07,2.1447814901875972e-07,1.0626489199694333e-07,1.8288037040292693e-05,10.815344452857971,6.280046806335449,0.8610668778419495,6.280046806335449,3.092940092086792,2279.2010786533356,2279.2010786533356,greedy,3.092940092086792,0.0,heuristic_recall_pool
741,N55391,observe,-0.24539391696453094,0.6179844331741333,-0.24539391696453094,3.0929276943206787,6.289860966801643,0.030929276943206786,0.01284918561577797,10.179421424865723,3.0929276943206787,6.170874870121479,-0.024570144712924957,-0.1293671578168869,-0.0030992263928055763,128157.5078125,54638.4140625,73519.09375,128157.5078125,54638.4140625,73519.09375,0.0,0.0,0.0,0.0,10.815334647893906,6.2800475692749025,0.8610728085041046,6.2800475692749025,3.0929276943206787,2282.2940063476562,2282.2940063476562,greedy,3.0929276943206787,0.0,heuristic_recall_pool
742,N55393,observe,-0.245392844080925,0.617982814311981,-0.245392844080925,3.092916965484619,6.289857497811317,0.03092916965484619,0.012849152088165283,10.179414749145508,3.092916965484619,6.170871748030185,-0.024570032954216003,-0.12936703860759735,-0.0030992343090474606,128157.5,54638.41015625,73519.09375,128157.453125,54638.41015625,73519.046875,3.65760882914401e-07,0.0,6.375894940902072e-07,3.65760882914401e-05,10.815328419208527,6.2800452566146845,0.8610796332359314,6.2800452566146845,3.092916965484619,2285.386923313141,2285.386923313141,greedy,3.092916965484619,0.0,heuristic_recall_pool
743,N53799,observe,-0.24539189040660858,0.6179865491390228,-0.24539189040660858,3.092907667160034,6.289861747622489,0.03092907667160034,0.012848891317844391,10.179410934448242,3.092907667160034,6.170875572860241,-0.024569906294345856,-0.1293669193983078,-0.0030992375686764717,128157.4375,54638.40234375,73519.0390625,128157.4375,54638.40625,73519.03125,0.0,-7.149275660367493e-08,1.0626499147292634e-07,0.0,10.81532797217369,6.280048172473907,0.8610890209674835,6.280048172473907,3.092907667160034,2288.479830980301,2288.479830980301,greedy,3.092907667160034,0.0,heuristic_recall_pool
744,N51510,observe,-0.24539057910442352,0.6180031663179395,-0.24539057910442352,3.092900037765503,6.289862167835236,0.03092900037765503,0.012849170714616776,10.179428100585938,3.092900037765503,6.170875951051712,-0.024569816887378693,-0.12936650216579437,-0.0030992869287729263,128157.6015625,54638.5078125,73519.09375,128157.640625,54638.53125,73519.109375,-3.048004941774707e-07,-4.289557011816214e-07,-2.125298266264508e-07,-3.0480049417747068e-05,10.815346449613571,6.28004922747612,0.8611003458499908,6.28004922747612,3.092900037765503,2291.5727310180664,2291.5727310180664,greedy,3.092900037765503,0.0,heuristic_recall_pool
745,N53993,observe,-0.24538986384868622,0.61800331056118,-0.24538986384868622,3.0928955078125,6.289863884449005,0.030928955078125,0.012848783284425735,10.179413795471191,3.0928955078125,6.170877496004104,-0.024569682776927948,-0.12936659157276154,-0.0030992762185633183,128157.46875,54638.41796875,73519.046875,128157.4609375,54638.4140625,73519.046875,6.096016136325488e-08,7.149273528739286e-08,0.0,6.096016136325488e-06,10.815341025590897,6.2800503408908845,0.861109048128128,6.2800503408908845,3.0928955078125,2294.665626525879,2294.665626525879,greedy,3.0928955078125,0.0,heuristic_recall_pool
746,N55256,observe,-0.2453889697790146,0.6180075258016584,-0.2453889697790146,3.0928876399993896,6.289863768219948,0.030928876399993897,0.012848764657974243,10.179403305053711,3.0928876399993896,6.170877391397953,-0.024569638073444366,-0.12936662137508392,-0.0030992748215794563,128157.453125,54638.4140625,73519.0390625,128157.4609375,54638.4140625,73519.046875,-6.096016846868224e-08,0.0,-1.0626499147292634e-07,-6.096016846868224e-06,10.815327137708664,6.280050464868545,0.8611089289188385,6.280050464868545,3.0928876399993896,2297.7585141658783,2297.7585141658783,greedy,3.0928876399993896,0.0,heuristic_recall_pool
747,N56113,observe,-0.24538840353488922,0.6180114239454269,-0.24538840353488922,3.092904806137085,6.289871183037758,0.03092904806137085,0.012850910425186157,10.1795015335083,3.092904806137085,6.170884064733982,-0.02456951141357422,-0.12936654686927795,-0.003099353052675724,128157.53125,54638.41015625,73519.125,128157.671875,54638.515625,73519.15625,-1.0972823929478182e-06,-1.9303040517115733e-06,-4.250594543009356e-07,-0.00010972823929478182,10.815455198287964,6.2800554287433625,0.8611504435539246,6.2800554287433625,3.092904806137085,2300.8514189720154,2300.8514189720154,greedy,3.092904806137085,0.0,heuristic_recall_pool
748,N38465,observe,-0.24653764069080353,0.5829114961624144,-0.24653764069080353,3.1195642948150635,6.285049763321877,0.031195642948150634,0.013984501361846924,10.237360000610352,3.1195642948150635,6.1665447869896886,-0.024554818868637085,-0.12922298908233643,-0.003079075366258621,128157.921875,54638.7734375,73519.1484375,128174.5,54645.02734375,73529.46875,-0.00012935700942762196,-0.00011445912241470069,-0.0001403758506057784,-0.012935700942762196,10.901442408561707,6.275291061401367,0.8837491869926453,6.275291061401367,3.1195642948150635,2303.9709832668304,2303.9709832668304,greedy,3.1195642948150635,0.0,heuristic_recall_pool
749,N56000,observe,-0.24629800021648407,0.6089059817790983,-0.24629800021648407,3.109382152557373,6.291146731376648,0.03109382152557373,0.013533417135477066,10.21346664428711,3.109382152557373,6.172032058238983,-0.02464299649000168,-0.12944817543029785,-0.003085562027990818,128174.203125,54644.76953125,73529.4375,128167.5390625,54647.609375,73519.9296875,5.199222869123332e-05,-5.196917845751159e-05,0.00012930620869155973,0.005199222869123332,10.858549147844315,6.280448048114777,0.8664125502109528,6.280448048114777,3.109382152557373,2307.080365419388,2307.080365419388,greedy,3.109382152557373,0.0,heuristic_recall_pool
750,N53801,observe,-0.2461894005537033,0.5991698229312894,-0.2461894005537033,3.10600209236145,6.289092707633972,0.0310600209236145,0.013378344476222992,10.203805923461914,3.10600209236145,6.170183436870575,-0.024640344083309174,-0.12948882579803467,-0.0030864663422107697,128167.4453125,54647.5859375,73519.859375,128167.71875,54647.828125,73519.890625,-2.1334394659788813e-06,-4.431805791682564e-06,-4.250552194662305e-07,-0.00021334394659788813,10.845773607492447,6.278664510250091,0.8634175956249237,6.278664510250091,3.10600209236145,2310.1863675117493,2310.1863675117493,greedy,3.10600209236145,0.0,heuristic_recall_pool
751,N54997,observe,-0.24611793458461761,0.5897629612684248,-0.24611793458461761,3.1039769649505615,6.286809492111206,0.031039769649505614,0.013297989964485168,10.198108673095703,3.1039769649505615,6.168128542900085,-0.024633079767227173,-0.12949365377426147,-0.0030875937081873417,128167.7578125,54647.890625,73519.8671875,128166.6328125,54646.5859375,73520.046875,8.77755883266218e-06,2.3874434191384353e-05,-2.44406714955403e-06,0.000877755883266218,10.838777661323547,6.27674876332283,0.8622134327888489,6.27674876332283,3.1039769649505615,2313.2903444767,2313.2903444767,greedy,3.1039769649505615,0.0,heuristic_recall_pool
752,N55950,observe,-0.2460557073354721,0.58042602956295,-0.2460557073354721,3.102463960647583,6.284656655788422,0.03102463960647583,0.01323830708861351,10.194195747375488,3.102463960647583,6.1661909902095795,-0.024626217782497406,-0.12948663532733917,-0.003088860772550106,128166.859375,54646.74609375,73520.109375,128165.625,54645.4140625,73520.2109375,9.63099955697544e-06,2.4375307475565933e-05,-1.3814247949994751e-06,0.0009630999556975439,10.83403792977333,6.274920364618302,0.8615431487560272,6.274920364618302,3.102463960647583,2316.3928084373474,2316.3928084373474,greedy,3.102463960647583,0.0,heuristic_recall_pool
753,N55937,observe,-0.245998814702034,0.5707741826772688,-0.245998814702034,3.101261854171753,6.282489597797394,0.03101261854171753,0.013189833611249924,10.19133186340332,3.101261854171753,6.164240638017654,-0.024619869887828827,-0.12947584688663483,-0.0030900537967681885,128165.5,54645.34375,73520.15625,128164.421875,54644.25,73520.171875,8.411974704358727e-06,2.001542816287838e-05,-2.1252675708183233e-07,0.0008411974704358727,10.83060672879219,6.273067938089371,0.8611614406108856,6.273067938089371,3.101261854171753,2319.494070291519,2319.494070291519,greedy,3.101261854171753,0.0,heuristic_recall_pool
754,N55951,observe,-0.24594710767269135,0.5606502479314801,-0.24594710767269135,3.1002604961395264,6.28024340569973,0.031002604961395265,0.01314900815486908,10.18914794921875,3.1002604961395264,6.162219065129756,-0.024614229798316956,-0.1294643133878708,-0.003091131802648306,128164.40625,54644.24609375,73520.1640625,128163.5,54643.30859375,73520.1875,7.070996161928633e-06,1.715642611088697e-05,-3.18790085884757e-07,0.0007070996161928633,10.82798546552658,6.271142221689224,0.8609291315078735,6.271142221689224,3.1002604961395264,2322.5943307876587,2322.5943307876587,greedy,3.1002604961395264,0.0,heuristic_recall_pool
755,N55957,observe,-0.2458997219800949,0.5499978995323178,-0.2458997219800949,3.0994017124176025,6.277897080779075,0.030994017124176026,0.013113562017679214,10.187435150146484,3.0994017124176025,6.160107372701168,-0.02460927516222,-0.12945318222045898,-0.0030920994468033314,128163.578125,54643.3515625,73520.2265625,128162.8125,54642.6171875,73520.1953125,5.973810857540229e-06,1.3439421309158206e-05,4.250530878380232e-07,0.0005973810857540229,10.825909346342087,6.269127020835876,0.8607816994190216,6.269127020835876,3.0994017124176025,2325.6937325000763,2325.6937325000763,greedy,3.0994017124176025,0.0,heuristic_recall_pool
756,N55930,observe,-0.24585555493831635,0.538801719546318,-0.24585555493831635,3.0986549854278564,6.275446438789367,0.030986549854278563,0.013082392513751984,10.18603515625,3.0986549854278564,6.157901794910431,-0.024604834616184235,-0.12944331765174866,-0.0030929259955883026,128162.625,54642.453125,73520.171875,128161.9140625,54641.8125,73520.1015625,5.5471514315286186e-06,1.172394331661053e-05,9.563701723891427e-07,0.0005547151431528619,10.824206680059433,6.2670189106464385,0.8606890738010406,6.2670189106464385,3.0986549854278564,2328.792387485504,2328.792387485504,greedy,3.0986549854278564,0.0,heuristic_recall_pool
757,N55927,observe,-0.24581502377986908,0.526994409561157,-0.24581502377986908,3.0979955196380615,6.272874414920807,0.030979955196380617,0.01305534690618515,10.184898376464844,3.0979955196380615,6.155586973428726,-0.024600960314273834,-0.12943458557128906,-0.003093661740422249,128161.90625,54641.8125,73520.09375,128161.3828125,54641.3046875,73520.078125,4.0841891859599855e-06,9.29347788769519e-06,2.125269276120889e-07,0.00040841891859599855,10.822797864675522,6.264803714752197,0.8606274425983429,6.264803714752197,3.0979955196380615,2331.890383005142,2331.890383005142,greedy,3.0979955196380615,0.0,heuristic_recall_pool
758,N55964,observe,-0.24577777087688446,0.5145412361621855,-0.24577777087688446,3.0974156856536865,6.270177894830704,0.030974156856536865,0.013031117618083954,10.1839599609375,3.0974156856536865,6.153160105347633,-0.02459753304719925,-0.12942679226398468,-0.0030943090096116066,128161.4453125,54641.390625,73520.0546875,128160.953125,54640.98046875,73519.9765625,3.840370936813997e-06,7.5063289841637015e-06,1.0626351922837785e-06,0.0003840370936813997,10.821622341871262,6.262477786540986,0.8605906069278717,6.262477786540986,3.0974156856536865,2334.987798690796,2334.987798690796,greedy,3.0974156856536865,0.0,heuristic_recall_pool
759,N55944,observe,-0.24574322998523712,0.5014174592494964,-0.24574322998523712,3.096903085708618,6.26735500395298,0.03096903085708618,0.013009700924158096,10.18317985534668,3.096903085708618,6.1506195035576825,-0.024594448506832123,-0.12941999733448029,-0.003094881772994995,128160.96875,54640.9921875,73519.9765625,128160.5625,54640.63671875,73519.921875,3.1698418752057478e-06,6.5055323830165435e-06,7.438454758812441e-07,0.0003169841875205748,10.820638090372086,6.2600387501716614,0.8605758845806122,6.2600387501716614,3.096903085708618,2338.0847017765045,2338.0847017765045,greedy,3.096903085708618,0.0,heuristic_recall_pool
760,N55799,observe,-0.24571166932582855,0.48747779190540297,-0.24571166932582855,3.0964479446411133,6.264372164011002,0.030964479446411133,0.012990891933441162,10.182527542114258,3.0964479446411133,6.147934947609902,-0.02459172159433365,-0.12941408157348633,-0.0030953846871852875,128160.5078125,54640.609375,73519.8984375,128160.140625,54640.3125,73519.828125,2.865059741452569e-06,5.433229944173945e-06,9.56373696681112e-07,0.0002865059741452569,10.819803327322006,6.257458103895187,0.8605717122554779,6.257458103895187,3.0964479446411133,2341.1811497211456,2341.1811497211456,greedy,3.0964479446411133,0.0,heuristic_recall_pool
761,N55941,observe,-0.2455732673406601,0.4763261049985885,-0.2455732673406601,3.093304395675659,6.261329290270805,0.03093304395675659,0.01286710798740387,10.175471305847168,3.093304395675659,6.145196361243725,-0.02459520846605301,-0.1294228732585907,-0.0030985698103904724,128160.0546875,54640.2421875,73519.8125,128159.8046875,54640.9140625,73518.890625,1.9506858279783046e-06,-1.2296340173634235e-05,1.2539137060230132e-05,0.00019506858279783046,10.809254854917526,6.254970313310624,0.8576730787754059,6.254970313310624,3.093304395675659,2344.2744541168213,2344.2744541168213,greedy,3.093304395675659,0.0,heuristic_recall_pool
762,N55942,observe,-0.24718986451625824,0.4019596284627911,-0.24718986451625824,3.130154609680176,6.2472043365240095,0.03130154609680176,0.014427967369556427,10.2564697265625,3.130154609680176,6.132483902871608,-0.02458978444337845,-0.12924830615520477,-0.003070518374443054,128159.8359375,54640.9296875,73518.90625,128184.2421875,54650.2265625,73534.015625,-0.00019043602515012026,-0.00017014489276334643,-0.00020551685884129256,-0.019043602515012026,10.927645891904831,6.242355591058731,0.8876776397228241,6.242355591058731,3.130154609680176,2347.4046087265015,2347.4046087265015,greedy,3.130154609680176,0.0,heuristic_recall_pool
763,N7936,observe,-0.24597756564617157,0.4652855795621871,-0.24597756564617157,3.0906641483306885,6.261889064311981,0.030906641483306886,0.01281408965587616,10.17847728729248,3.0906641483306885,6.145700157880783,-0.024701133370399475,-0.12970587611198425,-0.0030942847952246666,128184.3984375,54650.171875,73534.2265625,128160.796875,54649.68359375,73511.109375,0.0001841219636844471,8.934670404414646e-06,0.000314373173750937,0.01841219636844471,10.799028098583221,6.254810200929642,0.8471720218658447,6.254810200929642,3.0906641483306885,2350.495272874832,2350.495272874832,greedy,3.0906641483306885,0.0,heuristic_recall_pool
764,N7937,observe,-0.24505020678043365,0.4748070496320722,-0.24505020678043365,3.068551778793335,6.257168900966644,0.03068551778793335,0.011881962418556213,10.136316299438477,3.068551778793335,6.14145201086998,-0.024627968668937683,-0.12970376014709473,-0.003108656033873558,128160.7734375,54649.671875,73511.1015625,128148.7421875,54640.5703125,73508.171875,9.387623140355572e-05,0.00016654377395752817,3.985367584391497e-05,0.009387623140355572,10.742071211338043,6.252216655015945,0.8384201526641846,6.252216655015945,3.068551778793335,2353.5638246536255,2353.5638246536255,greedy,3.068551778793335,0.0,heuristic_recall_pool
765,N7935,observe,-0.24424032866954803,0.49398789465427373,-0.24424032866954803,3.0522964000701904,6.255287832021713,0.030522964000701903,0.011209681630134583,10.108814239501953,3.0522964000701904,6.139759048819542,-0.024552099406719208,-0.1295919567346573,-0.003122548572719097,128148.71875,54640.5625,73508.15625,128136.7421875,54630.3984375,73506.34375,9.345830767415464e-05,0.00018601679767016321,2.46571271418361e-05,0.009345830767415464,10.705900698900223,6.251909116506576,0.8350677192211151,6.251909116506576,3.0522964000701904,2356.6161210536957,2356.6161210536957,greedy,3.0522964000701904,0.0,heuristic_recall_pool
766,N28160,observe,-0.24349187314510345,0.5152865231037138,-0.24349187314510345,3.039219617843628,6.255256035923957,0.03039219617843628,0.010646931827068329,10.089378356933594,3.039219617843628,6.139730432331562,-0.024486228823661804,-0.1294475942850113,-0.003135833889245987,128136.4140625,54630.2734375,73506.140625,128126.234375,54621.79296875,73504.4375,7.944414392113686e-05,0.00015523386537097394,2.3169832275016233e-05,0.007944414392113686,10.679975092411041,6.252893636226654,0.833526611328125,6.252893636226654,3.039219617843628,2359.6553406715393,2359.6553406715393,greedy,3.039219617843628,0.0,heuristic_recall_pool
767,N28191,observe,-0.2427949160337448,0.5355495756864546,-0.2427949160337448,3.028320789337158,6.25585467517376,0.03028320789337158,0.010149698704481125,10.075296401977539,3.028320789337158,6.140269207656383,-0.024431295692920685,-0.12929579615592957,-0.003148299641907215,128126.21875,54621.78515625,73504.4375,128117.96875,54615.171875,73502.796875,6.438963464461267e-05,0.00012107405927963555,2.2320080461213365e-05,0.006438963464461267,10.660487622022629,6.254235697984695,0.8327747285366058,6.254235697984695,3.028320789337158,2362.6836614608765,2362.6836614608765,greedy,3.028320789337158,0.0,heuristic_recall_pool
768,N19329,observe,-0.2421390861272812,0.5539141553640363,-0.2421390861272812,3.0190227031707764,6.256489020586013,0.030190227031707765,0.009718656539916992,10.06497573852539,3.0190227031707764,6.140840118527413,-0.024387121200561523,-0.1291462481021881,-0.003159890417009592,128118.03125,54615.21484375,73502.8203125,128111.3515625,54610.1328125,73501.21875,5.21369838679675e-05,9.305156709160656e-05,2.1789130187244155e-05,0.00521369838679675,10.645286321640015,6.2555111944675446,0.8322874903678894,6.2555111944675446,3.0190227031707764,2365.7026841640472,2365.7026841640472,greedy,3.0190227031707764,0.0,heuristic_recall_pool
769,N22174,observe,-0.2415122240781784,0.5708643382787701,-0.2415122240781784,3.010932445526123,6.257090535759925,0.03010932445526123,0.009339824318885803,10.057485580444336,3.010932445526123,6.141381482183933,-0.024353310465812683,-0.12900052964687347,-0.003170788288116455,128111.34375,54610.125,73501.21875,128106.09375,54606.28125,73499.8125,4.097997589269653e-05,7.038530020508915e-05,1.913233609229792e-05,0.004097997589269653,10.63308697938919,6.256698786020279,0.8317734599113464,6.256698786020279,3.010932445526123,2368.7136166095734,2368.7136166095734,greedy,3.010932445526123,0.0,heuristic_recall_pool
770,N20155,observe,-0.2409021109342575,0.5868535697460173,-0.2409021109342575,3.0037519931793213,6.2576512545347205,0.030037519931793214,0.008966047316789627,10.05221939086914,3.0037519931793213,6.141886129081249,-0.024329327046871185,-0.1288568079471588,-0.0031812237575650215,128106.09375,54606.27734375,73499.8125,128101.90625,54603.4296875,73498.4765625,3.2687748898752034e-05,5.214888005866669e-05,1.817606607801281e-05,0.0032687748898752034,10.623038679361343,6.257814733982086,0.831060141324997,6.257814733982086,3.0037519931793213,2371.7173686027527,2371.7173686027527,greedy,3.0037519931793213,0.0,heuristic_recall_pool
771,N25621,observe,-0.24029655754566193,0.6023669272661207,-0.24029655754566193,2.9972407817840576,6.25819346010685,0.029972407817840576,0.008584041148424149,10.048776626586914,2.9972407817840576,6.142374114096165,-0.02431463450193405,-0.1287115216255188,-0.003191448748111725,128101.90625,54603.42578125,73498.4765625,128098.609375,54601.30078125,73497.3046875,2.573634628788568e-05,3.8916972698643804e-05,1.5944207916618325e-05,0.002573634628788568,10.614553958177567,6.2588962924480445,0.8300409018993378,6.2588962924480445,2.9972407817840576,2374.7146093845367,2374.7146093845367,greedy,2.9972407817840576,0.0,heuristic_recall_pool
772,N21744,observe,-0.23968331515789032,0.617858587503433,-0.23968331515789032,2.9912025928497314,6.258736088871956,0.029912025928497316,0.008181728422641754,10.046895980834961,2.9912025928497314,6.14286247998476,-0.02430885285139084,-0.12856081128120422,-0.0032017063349485397,128098.6015625,54601.296875,73497.3046875,128096.03125,54599.7734375,73496.2578125,2.0065110220457427e-05,2.79011237580562e-05,1.4243719306250568e-05,0.0020065110220457427,10.607213288545609,6.259977099895478,0.8286393582820892,6.259977099895478,2.9912025928497314,2377.7058119773865,2377.7058119773865,greedy,2.9912025928497314,0.0,heuristic_recall_pool
773,N24690,observe,-0.2390502542257309,0.6337819713354109,-0.2390502542257309,2.985466241836548,6.25931499004364,0.029854662418365478,0.007747530937194824,10.046402931213379,2.985466241836548,6.143383491039276,-0.02431170642375946,-0.12840056419372559,-0.0032122405245900154,128096.03125,54599.7734375,73496.2578125,128094.0390625,54598.6796875,73495.359375,1.5552297554677352e-05,2.0032133761560544e-05,1.2224261809024028e-05,0.0015552297554677352,10.60069853067398,6.261101661920548,0.8267966508865356,6.261101661920548,2.985466241836548,2380.691278219223,2380.691278219223,greedy,2.985466241836548,0.0,heuristic_recall_pool
774,N23737,observe,-0.2383854240179062,0.6505710893869396,-0.2383854240179062,2.9798827171325684,6.259970867633819,0.029798827171325683,0.007270053029060364,10.047197341918945,2.9798827171325684,6.1439737808704376,-0.02432306855916977,-0.12822692096233368,-0.0032232729718089104,128094.0390625,54598.6796875,73495.359375,128092.4375,54597.90234375,73494.53125,1.250302102562273e-05,1.4237409232009668e-05,1.1267718036833685e-05,0.001250302102562273,10.594773203134537,6.262316697835923,0.8244631588459015,6.262316697835923,2.9798827171325684,2383.6711609363556,2383.6711609363556,greedy,2.9798827171325684,0.0,heuristic_recall_pool
775,N24105,observe,-0.23767654597759247,0.6686847943067549,-0.23767654597759247,2.974318265914917,6.260746753215789,0.02974318265914917,0.006738573312759399,10.049213409423828,2.974318265914917,6.14467207789421,-0.024342969059944153,-0.1280360072851181,-0.0032350169494748116,128092.4296875,54597.8984375,73494.53125,128091.2734375,54597.4609375,73493.8125,9.026684892887715e-06,8.013128535822034e-06,9.77963918558089e-06,0.0009026684892887715,10.58923476934433,6.263671599626541,0.821586012840271,6.263671599626541,2.974318265914917,2386.6454792022705,2386.6454792022705,greedy,2.974318265914917,0.0,heuristic_recall_pool
776,N23218,observe,-0.2369173914194107,0.6884119194746017,-0.2369173914194107,2.968682050704956,6.261691763997078,0.02968682050704956,0.006147470325231552,10.052375793457031,2.968682050704956,6.14552258759737,-0.02437116950750351,-0.12782591581344604,-0.003247594926506281,128091.25,54597.45703125,73493.796875,128090.2890625,54597.1328125,73493.15625,7.501976142521016e-06,5.938348749623401e-06,8.716721822565887e-06,0.0007501976142521016,10.583940893411636,6.265211659669876,0.8181475102901459,6.265211659669876,2.968682050704956,2389.6141612529755,2389.6141612529755,greedy,2.968682050704956,0.0,heuristic_recall_pool
777,N24475,observe,-0.2361190766096115,0.7095625746250152,-0.2361190766096115,2.9630022048950195,6.262835323810577,0.029630022048950197,0.005508735775947571,10.05646800994873,2.9630022048950195,6.14655179142952,-0.02440618723630905,-0.1276005357503891,-0.003260816913098097,128090.28125,54597.12890625,73493.15625,128089.640625,54597.01171875,73492.625,5.0013550207950175e-06,2.146404085578979e-06,7.2285643000213895e-06,0.0005001355020795017,10.578851491212845,6.266946885585785,0.8142488300800323,6.266946885585785,2.9630022048950195,2392.5771634578705,2392.5771634578705,greedy,2.9630022048950195,0.0,heuristic_recall_pool
778,N27653,observe,-0.235270693898201,0.7325583374500273,-0.235270693898201,2.9571945667266846,6.264228793978691,0.029571945667266845,0.004814021289348602,10.061582565307617,2.9571945667266846,6.147805914580822,-0.02444835752248764,-0.12735676765441895,-0.0032749390229582787,128089.46875,54596.875,73492.59375,128089.0234375,54596.8828125,73492.140625,3.4765739655995276e-06,-1.430942688784853e-07,6.16558736510342e-06,0.00034765739655995276,10.573941379785538,6.268930280208588,0.8098585307598114,6.268930280208588,2.9571945667266846,2395.534358024597,2395.534358024597,greedy,2.9571945667266846,0.0,heuristic_recall_pool
779,N28139,observe,-0.23482553660869598,0.7439843094348906,-0.23482553660869598,2.9539310932159424,6.265004968643188,0.029539310932159425,0.004489880055189133,10.063196182250977,2.9539310932159424,6.148504471778869,-0.024462968111038208,-0.1272406429052353,-0.0032821609638631344,128089.0546875,54596.953125,73492.1015625,128088.6640625,54597.015625,73491.6484375,3.049636006835499e-06,-1.1447525594121544e-06,6.1656287471123505e-06,0.0003049636006835499,10.570830464363098,6.269969794750214,0.8079850077629089,6.269969794750214,2.9539310932159424,2398.488289117813,2398.488289117813,greedy,2.9539310932159424,0.0,heuristic_recall_pool
780,N14173,observe,-0.23467688262462616,0.7442811906337736,-0.23467688262462616,2.9720852375030518,6.2589615166187285,0.029720852375030516,0.004650905728340149,10.11514663696289,2.9720852375030518,6.143065364956856,-0.024529963731765747,-0.12671047449111938,-0.0032233931124210358,128088.96875,54597.0703125,73491.8984375,128098.4296875,54597.4921875,73500.9375,-7.386223296634853e-05,-7.727063348283991e-06,-0.00012299399531912059,-0.007386223296634853,10.634235501289368,6.266087915897369,0.8188115954399109,6.266087915897369,2.9720852375030518,2401.460374355316,2401.460374355316,greedy,2.9720852375030518,0.0,heuristic_recall_pool
781,N28146,observe,-0.23453699052333832,0.7438767164945601,-0.23453699052333832,2.9624621868133545,6.264630845189094,0.029624621868133545,0.004345603287220001,10.093395233154297,2.9624621868133545,6.1481677606701854,-0.024564780294895172,-0.12704037129878998,-0.00328685250133276,128098.1171875,54597.4140625,73500.703125,128097.109375,54604.03125,73493.078125,7.867504791647661e-06,-0.00012119964958401397,0.00010374050179962069,0.0007867504791647661,10.599379390478134,6.2697235405445095,0.8074863255023956,6.2697235405445095,2.9624621868133545,2404.4228365421295,2404.4228365421295,greedy,2.9624621868133545,0.0,heuristic_recall_pool
782,N23555,observe,-0.23449362814426422,0.7422973394393919,-0.23449362814426422,2.958829164505005,6.264257857203483,0.029588291645050047,0.004294436424970627,10.083370208740234,2.958829164505005,6.147832071483135,-0.024545378983020782,-0.12711547315120697,-0.0032864846289157867,128097.1875,54604.08203125,73493.109375,128096.5859375,54604.1328125,73492.453125,4.696141331805848e-06,-9.299899943471246e-07,8.92940897756489e-06,0.00046961413318058476,10.587661474943161,6.269408569335937,0.8060119450092316,6.269408569335937,2.958829164505005,2407.3816657066345,2407.3816657066345,greedy,2.958829164505005,0.0,heuristic_recall_pool
783,N23037,observe,-0.23447181284427643,0.7423576450347897,-0.23447181284427643,2.956627607345581,6.264199179410934,0.02956627607345581,0.004313379526138306,10.077030181884766,2.956627607345581,6.14777926146984,-0.024524807929992676,-0.12715493142604828,-0.003286156803369522,128096.5859375,54604.1328125,73492.453125,128094.953125,54602.859375,73492.09375,1.2746729225909803e-05,2.3321266780840233e-05,4.889957835985115e-06,0.0012746729225909803,10.581176996231079,6.269373588562011,0.8059336543083191,6.269373588562011,2.956627607345581,2410.33829331398,2410.33829331398,greedy,2.956627607345581,0.0,heuristic_recall_pool
784,N25442,observe,-0.23445002734661102,0.7429847264289853,-0.23445002734661102,2.955044984817505,6.264332926273346,0.02955044984817505,0.004348699003458023,10.072507858276367,2.955044984817505,6.147899633646011,-0.024506904184818268,-0.12718036770820618,-0.003286003600805998,128094.953125,54602.859375,73492.09375,128093.3671875,54601.6640625,73491.703125,1.2380952284729574e-05,2.1891024516662583e-05,5.315197540767258e-06,0.0012380952284729574,10.576862424612045,6.269489398002625,0.8061977922916412,6.269489398002625,2.955044984817505,2413.2933382987976,2413.2933382987976,greedy,2.955044984817505,0.0,heuristic_recall_pool
785,N28132,observe,-0.23442716896533966,0.7436025261878967,-0.23442716896533966,2.9538261890411377,6.264470008015632,0.029538261890411376,0.004385765641927719,10.069137573242188,2.9538261890411377,6.14802300721407,-0.02449144423007965,-0.12719866633415222,-0.003285941667854786,128093.25,54601.60546875,73491.640625,128091.9296875,54600.6640625,73491.265625,1.0307432603440247e-05,1.7241365640074946e-05,5.1026213441218715e-06,0.0010307432603440247,10.57381933927536,6.269606919288636,0.8065965175628662,6.269606919288636,2.9538261890411377,2416.2471644878387,2416.2471644878387,greedy,2.9538261890411377,0.0,heuristic_recall_pool
786,N18628,observe,-0.23440392315387726,0.7440671271085737,-0.23440392315387726,2.9528305530548096,6.264575558900833,0.029528305530548096,0.004419408738613129,10.066566467285156,2.9528305530548096,6.14811800301075,-0.024478085339069366,-0.12721166014671326,-0.0032859151251614094,128091.8515625,54600.5390625,73491.3125,128090.7578125,54599.796875,73490.9609375,8.538794645573944e-06,1.359304314973997e-05,4.783728854818037e-06,0.0008538794645573944,10.57158848643303,6.269696885347367,0.8070407211780548,6.269696885347367,2.9528305530548096,2419.1999950408936,2419.1999950408936,greedy,2.9528305530548096,0.0,heuristic_recall_pool
787,N7950,observe,-0.23437707126140594,0.7444748532772063,-0.23437707126140594,2.951977252960205,6.2646903693675995,0.02951977252960205,0.004446573555469513,10.064537048339844,2.951977252960205,6.14822133243084,-0.02446671575307846,-0.12722110748291016,-0.0032859817147254944,128090.875,54599.90234375,73490.96875,128090.015625,54599.3984375,73490.6171875,6.709104127367027e-06,9.229068382410333e-06,4.78375113743823e-06,0.0006709104127367027,10.569842725992203,6.269790136814118,0.8074570000171661,6.269790136814118,2.951977252960205,2422.1519722938538,2422.1519722938538,greedy,2.951977252960205,0.0,heuristic_recall_pool
788,N21555,observe,-0.2343486100435257,0.7447967720031738,-0.2343486100435257,2.9512345790863037,6.264758774638176,0.029512345790863037,0.004467234015464783,10.06287956237793,2.9512345790863037,6.148282897174359,-0.024457387626171112,-0.12722845375537872,-0.003286052495241165,128090.0625,54599.4453125,73490.6171875,128089.2578125,54598.9921875,73490.265625,6.282200956775341e-06,8.29907730803825e-06,4.7837738748057745e-06,0.0006282200956775341,10.568375378847122,6.269849424362182,0.8077897727489471,6.269849424362182,2.9512345790863037,2425.10320687294,2425.10320687294,greedy,2.9512345790863037,0.0,heuristic_recall_pool
789,N19969,observe,-0.2343185395002365,0.74507049202919,-0.2343185395002365,2.950580358505249,6.2648092865943905,0.02950580358505249,0.004482772201299667,10.061558723449707,2.950580358505249,6.148328357934952,-0.02444976568222046,-0.12723408639431,-0.003286173567175865,128089.25,54598.98828125,73490.265625,128088.671875,54598.703125,73489.96875,4.513454314292176e-06,5.222738764132373e-06,4.039650775666814e-06,0.00045134543142921757,10.56716251373291,6.269894902706145,0.8080582022666931,6.269894902706145,2.950580358505249,2428.0537872314453,2428.0537872314453,greedy,2.950580358505249,0.0,heuristic_recall_pool
790,N23921,observe,-0.23428718745708466,0.7453123515844342,-0.23428718745708466,2.9500057697296143,6.264844542741775,0.029500057697296144,0.004494421184062958,10.060519218444824,2.9500057697296143,6.148360088467598,-0.02444363385438919,-0.12723813951015472,-0.0032863295637071133,128088.671875,54598.69921875,73489.96875,128088.1171875,54598.4296875,73489.6875,4.3304962673573755e-06,4.936587174597662e-06,3.827052751148585e-06,0.00043304962673573755,10.56616160273552,6.269929043054581,0.8082678616046906,6.269929043054581,2.9500057697296143,2431.003793001175,2431.003793001175,greedy,2.9500057697296143,0.0,heuristic_recall_pool
791,N19727,observe,-0.23425517976284027,0.7455152696371077,-0.23425517976284027,2.9495019912719727,6.264872828125953,0.029495019912719727,0.0045019760727882385,10.059708595275879,2.9495019912719727,6.148385545313358,-0.024438686668872833,-0.12724077701568604,-0.003286528866738081,128088.09375,54598.4375,73489.65625,128087.7421875,54598.3203125,73489.421875,2.744693119893782e-06,2.146352699128329e-06,3.189224344168906e-06,0.0002744693119893782,10.565341919660568,6.269956852197647,0.8084339797496796,6.269956852197647,2.9495019912719727,2433.953294992447,2433.953294992447,greedy,2.9495019912719727,0.0,heuristic_recall_pool
792,N19728,observe,-0.23422305285930634,0.7456582599878308,-0.23422305285930634,2.9490644931793213,6.26488975584507,0.029490644931793212,0.004506945610046387,10.059094429016113,2.9490644931793213,6.148400780260563,-0.02443472295999527,-0.12724220752716064,-0.0032867356203496456,128087.75,54598.31640625,73489.4296875,128087.4921875,54598.2109375,73489.28125,2.0127802144997986e-06,1.931721726577962e-06,2.019848352574627e-06,0.00020127802144997986,10.564686626195908,6.2699745118618,0.8085674345493317,6.2699745118618,2.9490644931793213,2436.902359485626,2436.902359485626,greedy,2.9490644931793213,0.0,heuristic_recall_pool
793,N19332,observe,-0.23419104516506195,0.7457583487033843,-0.23419104516506195,2.948678731918335,6.264898264408112,0.02948678731918335,0.0045091137290000916,10.058635711669922,2.948678731918335,6.1484084379673,-0.024431534111499786,-0.1272425651550293,-0.0032869474962353706,128087.5,54598.21484375,73489.28125,128087.2421875,54598.1484375,73489.09375,2.0127843072259566e-06,1.2162714710939326e-06,2.5513925265840953e-06,0.00020127843072259566,10.564161032438278,6.269984719753266,0.8086751997470856,6.269984719753266,2.948678731918335,2439.8510382175446,2439.8510382175446,greedy,2.948678731918335,0.0,heuristic_recall_pool
794,N19729,observe,-0.23415903747081757,0.7458592510223385,-0.23415903747081757,2.9483373165130615,6.26491180062294,0.029483373165130614,0.004508815705776215,10.05829906463623,2.9483373165130615,6.148420620560646,-0.02442898601293564,-0.12724214792251587,-0.0032871761359274387,128087.203125,54598.12890625,73489.0703125,128087.078125,54598.078125,73489.0,9.75897592070396e-07,9.300914030063723e-07,9.567748975314316e-07,9.75897592070396e-05,10.563737779855728,6.269998207092285,0.8087604939937592,6.269998207092285,2.9483373165130615,2442.7993755340576,2442.7993755340576,greedy,2.9483373165130615,0.0,heuristic_recall_pool
795,N19730,observe,-0.23412762582302094,0.7459341484308242,-0.23412762582302094,2.9480321407318115,6.2649162948131565,0.029480321407318114,0.004506785422563553,10.058061599731445,2.9480321407318115,6.14842466533184,-0.024427033960819244,-0.1272410899400711,-0.0032874015159904957,128087.0625,54598.07421875,73488.984375,128086.96875,54598.09375,73488.875,7.3192404670408e-07,-3.577278278044105e-07,1.488318275733036e-06,7.3192404670408e-05,10.563390344381332,6.270004638433456,0.8088200390338898,6.270004638433456,2.9480321407318115,2445.7474076747894,2445.7474076747894,greedy,2.9480321407318115,0.0,heuristic_recall_pool
796,N19333,observe,-0.23409731686115265,0.7459654051065443,-0.23409731686115265,2.9477574825286865,6.264912897348403,0.029477574825286866,0.004503324627876282,10.057907104492188,2.9477574825286865,6.148421607613563,-0.024425648152828217,-0.12723954021930695,-0.003287619911134243,128086.9921875,54598.1015625,73488.890625,128086.8515625,54598.0625,73488.7890625,1.0978866384903085e-06,7.154552577048889e-07,1.3820116464557941e-06,0.00010978866384903085,10.563099771738052,6.270003923177718,0.8088513314723969,6.270003923177718,2.9477574825286865,2448.695165157318,2448.695165157318,greedy,2.9477574825286865,0.0,heuristic_recall_pool
797,N19733,observe,-0.23406730592250824,0.7460176414251325,-0.23406730592250824,2.9475088119506836,6.26491739153862,0.029475088119506835,0.004498254507780075,10.05781364440918,2.9475088119506836,6.148425652384758,-0.02442469447851181,-0.12723775207996368,-0.003287842497229576,128086.8125,54598.04296875,73488.765625,128086.71875,54598.05859375,73488.65625,7.319254677895515e-07,-2.861824270894431e-07,1.4883227095197071e-06,7.319254677895515e-05,10.562853008508682,6.270009285211563,0.8088611662387848,6.270009285211563,2.9475088119506836,2451.642673969269,2451.642673969269,greedy,2.9475088119506836,0.0,heuristic_recall_pool
798,N19732,observe,-0.23403821885585785,0.746057127714157,-0.23403821885585785,2.9472835063934326,6.264913800358772,0.029472835063934326,0.0044924914836883545,10.057784080505371,2.9472835063934326,6.148422420322895,-0.024424217641353607,-0.12723593413829803,-0.003288053907454014,128086.7109375,54598.0546875,73488.65625,128086.6796875,54598.0703125,73488.609375,2.439753359340102e-07,-2.861823702460242e-07,6.378535317708156e-07,2.4397533593401022e-05,10.562645822763443,6.270008833408356,0.8088451325893402,6.270008833408356,2.9472835063934326,2454.5899574756622,2454.5899574756622,greedy,2.9472835063934326,0.0,heuristic_recall_pool
799,N19731,observe,-0.2340102642774582,0.746075665950775,-0.2340102642774582,2.9470839500427246,6.264908719062805,0.029470839500427247,0.004485920071601868,10.057807922363281,2.9470839500427246,6.148417847156525,-0.024424128234386444,-0.12723414599895477,-0.0032882466912269592,128086.6796875,54598.0703125,73488.609375,128086.5859375,54598.078125,73488.5078125,7.319262067539967e-07,-1.4309114249044796e-07,1.3820168760503293e-06,7.319262067539967e-05,10.562479048967361,6.270006432533264,0.8088101446628571,6.270006432533264,2.9470839500427246,2457.537041425705,2457.537041425705,greedy,2.9470839500427246,0.0,heuristic_recall_pool
800,N22341,observe,-0.23398368060588837,0.7460792040824888,-0.23398368060588837,2.94690203666687,6.264891669154167,0.0294690203666687,0.004478834569454193,10.057884216308594,2.94690203666687,6.14840250223875,-0.024424336850643158,-0.1272321194410324,-0.0032884199172258377,128086.59375,54598.08203125,73488.515625,128086.53125,54598.07421875,73488.453125,4.879511266153713e-07,1.4309111406873853e-07,8.504730431013741e-07,4.879511266153713e-05,10.562352567911148,6.269995608329772,0.8087628781795502,6.269995608329772,2.94690203666687,2460.483943462372,2460.483943462372,greedy,2.94690203666687,0.0,heuristic_recall_pool
801,N19721,observe,-0.23395808041095734,0.7461165612936018,-0.23395808041095734,2.9467337131500244,6.264891022443772,0.029467337131500244,0.004470597952604294,10.057973861694336,2.9467337131500244,6.148401920199395,-0.02442464977502823,-0.12722985446453094,-0.0032885828986763954,128086.5078125,54598.0703125,73488.4375,128086.453125,54598.0859375,73488.3671875,4.269575413218263e-07,-2.8618228498089593e-07,9.567831966705853e-07,4.269575413218263e-05,10.562242597341537,6.269996954202652,0.8087119162082672,6.269996954202652,2.9467337131500244,2463.430677175522,2463.430677175522,greedy,2.9467337131500244,0.0,heuristic_recall_pool
802,N19734,observe,-0.2339332550764084,0.7461452567577358,-0.2339332550764084,2.946575403213501,6.264893162250519,0.02946575403213501,0.004461608827114105,10.058082580566406,2.946575403213501,6.148403846025467,-0.024425186216831207,-0.12722758948802948,-0.0032887468114495277,128086.4453125,54598.078125,73488.3671875,128086.3984375,54598.078125,73488.3203125,3.6596378549802466e-07,0.0,6.378560328812455e-07,3.6596378549802466e-05,10.562139362096786,6.26999968767166,0.8086458742618561,6.26999968767166,2.946575403213501,2466.3772525787354,2466.3772525787354,greedy,2.946575403213501,0.0,heuristic_recall_pool
803,N19736,observe,-0.23390896618366241,0.7461894714832302,-0.23390896618366241,2.94642972946167,6.264887270331383,0.0294642972946167,0.004452615976333618,10.058216094970703,2.94642972946167,6.148398543298244,-0.024426013231277466,-0.12722548842430115,-0.0032889004796743393,128086.40625,54598.07421875,73488.328125,128086.3125,54598.07421875,73488.234375,7.319277983697248e-07,0.0,1.2757127478835173e-06,7.319277983697248e-05,10.562044501304626,6.269997975826263,0.8085601329803467,6.269997975826263,2.94642972946167,2469.323682308197,2469.323682308197,greedy,2.94642972946167,0.0,heuristic_recall_pool
804,N19725,observe,-0.23388616740703583,0.74622023999691,-0.23388616740703583,2.946298837661743,6.264877900481224,0.02946298837661743,0.0044434405863285065,10.058374404907227,2.946298837661743,6.148390110433102,-0.024427063763141632,-0.12722353637218475,-0.003289039246737957,128086.28125,54598.046875,73488.234375,128086.21875,54598.03125,73488.1875,4.879523203271674e-07,2.8618239866773365e-07,6.378572265930416e-07,4.879523203271674e-05,10.561966866254807,6.269993387460708,0.8084619343280792,6.269993387460708,2.946298837661743,2472.2699811458588,2472.2699811458588,greedy,2.946298837661743,0.0,heuristic_recall_pool
805,N19735,observe,-0.23386402428150177,0.7444599020481109,-0.23386402428150177,2.9461779594421387,6.267421764135361,0.029461779594421388,0.004433836787939072,10.058551788330078,2.9461779594421387,6.150679587721824,-0.02442821115255356,-0.1272217035293579,-0.0032891565933823586,128086.2421875,54598.0546875,73488.1875,128086.203125,54598.0546875,73488.1484375,3.0497031389131735e-07,0.0,5.315480393619509e-07,3.0497031389131735e-05,10.561908632516861,6.2715502142906185,0.8083613216876984,6.2715502142906185,2.9461779594421387,2475.216159105301,2475.216159105301,greedy,2.9461779594421387,0.0,heuristic_recall_pool
806,N26505,observe,-0.23376934230327606,0.74352157831192,-0.23376934230327606,2.9652011394500732,6.259735241532326,0.029652011394500733,0.00456363707780838,10.112415313720703,2.9652011394500732,6.143761717379093,-0.024527892470359802,-0.1266215741634369,-0.003176884725689888,128086.1328125,54597.8828125,73488.25,128095.828125,54598.16796875,73497.65625,-7.56936933612451e-05,-5.222844265517779e-06,-0.00012799665273632854,-0.00756936933612451,10.624827206134796,6.266550850868224,0.8166148662567139,6.266550850868224,2.9652011394500732,2478.181360244751,2478.181360244751,greedy,2.9652011394500732,0.0,heuristic_recall_pool
807,N27250,observe,-0.23367290198802948,0.7351272028684614,-0.23367290198802948,2.9562265872955322,6.264882484078407,0.029562265872955323,0.004230789840221405,10.092111587524414,2.9562265872955322,6.148394235670566,-0.024560004472732544,-0.1269921511411667,-0.003273727372288704,128095.9296875,54598.375,73497.5546875,128094.9765625,54604.828125,73490.1484375,7.440712579409592e-06,-0.0001181926199933514,0.00010076865873998031,0.0007440712579409592,10.592337727546692,6.269472895860672,0.8060840964317322,6.269472895860672,2.9562265872955322,2481.1375868320465,2481.1375868320465,greedy,2.9562265872955322,0.0,heuristic_recall_pool
808,N19337,observe,-0.23367594182491302,0.7346595340967175,-0.23367594182491302,2.953181743621826,6.265124350786209,0.02953181743621826,0.00415792316198349,10.083333015441895,2.953181743621826,6.148611915707588,-0.024541594088077545,-0.12708812952041626,-0.003291455563157797,128094.9375,54604.78515625,73490.15625,128094.5,54604.734375,73489.765625,3.415435458009597e-06,9.29978000385745e-07,5.315337602951331e-06,0.0003415435458009597,10.582355350255966,6.269606746435165,0.8049692809581757,6.269606746435165,2.953181743621826,2484.0907685756683,2484.0907685756683,greedy,2.953181743621826,0.0,heuristic_recall_pool
809,N19340,observe,-0.23369793593883514,0.7356510013341901,-0.23369793593883514,2.9514944553375244,6.2652260810136795,0.029514944553375243,0.00415656715631485,10.078022003173828,2.9514944553375244,6.148703472912311,-0.024527795612812042,-0.12712322175502777,-0.00329063693061471,128094.5,54604.73046875,73489.765625,128093.0703125,54603.3828125,73489.6875,1.116119346988853e-05,2.4680210117367096e-05,1.0630732276695198e-06,0.001116119346988853,10.576736897230148,6.26971911072731,0.8045995533466339,6.26971911072731,2.9514944553375244,2487.042263031006,2487.042263031006,greedy,2.9514944553375244,0.0,heuristic_recall_pool
810,N19529,observe,-0.23371724784374237,0.7368171578645704,-0.23371724784374237,2.950345516204834,6.2654654473066325,0.02950345516204834,0.004172801971435547,10.07432746887207,2.950345516204834,6.14891890257597,-0.02451498806476593,-0.12714357674121857,-0.0032900995574891567,128093.03125,54603.3671875,73489.6640625,128091.640625,54602.09375,73489.546875,1.0856367225642316e-05,2.3321592379943468e-05,1.5946119447107776e-06,0.0010856367225642316,10.573174178600311,6.269928444623947,0.8046694397926331,6.269928444623947,2.950345516204834,2489.9926085472107,2489.9926085472107,greedy,2.950345516204834,0.0,heuristic_recall_pool
811,N19530,observe,-0.2337312549352646,0.7377524155378339,-0.2337312549352646,2.949488878250122,6.2657308131456375,0.02949488878250122,0.0041931867599487305,10.071617126464844,2.949488878250122,6.149157731831074,-0.02450370043516159,-0.1271565705537796,-0.0032897540368139744,128091.640625,54602.09375,73489.546875,128090.4375,54601.03125,73489.40625,9.392689207743388e-06,1.9458961105556227e-05,1.9135375168843893e-06,0.0009392689207743388,10.570735961198807,6.270143643617629,0.8049064576625824,6.270143643617629,2.949488878250122,2492.942097425461,2492.942097425461,greedy,2.949488878250122,0.0,heuristic_recall_pool
812,N19531,observe,-0.23373936116695404,0.7385264950990675,-0.23373936116695404,2.9488139152526855,6.265945672988892,0.029488139152526856,0.00421268492937088,10.069570541381836,2.9488139152526855,6.149351105690002,-0.024494044482707977,-0.12716564536094666,-0.0032895305193960667,128090.4375,54601.03125,73489.40625,128089.484375,54600.23828125,73489.25,7.441031812049914e-06,1.4522963283525314e-05,2.1261566871544346e-06,0.0007441031812049914,10.568980008363724,6.270318678617477,0.8051916658878326,6.270318678617477,2.9488139152526855,2495.8909113407135,2495.8909113407135,greedy,2.9488139152526855,0.0,heuristic_recall_pool
813,N19523,observe,-0.23374269902706146,0.7391848528385159,-0.23374269902706146,2.9482645988464355,6.26611969769001,0.029482645988464354,0.004229269921779633,10.06800365447998,2.9482645988464355,6.1495077279210095,-0.02448590099811554,-0.1271723508834839,-0.0032893773168325424,128089.484375,54600.23046875,73489.25,128088.6484375,54599.5546875,73489.09375,6.526199285872281e-06,1.2376894119370263e-05,2.1261612346279435e-06,0.0006526199285872281,10.567678153514862,6.270461928844451,0.80547696352005,6.270461928844451,2.9482645988464355,2498.83917593956,2498.83917593956,greedy,2.9482645988464355,0.0,heuristic_recall_pool
814,N19532,observe,-0.23374228179454803,0.7397505742311477,-0.23374228179454803,2.947800874710083,6.266262945532799,0.02947800874710083,0.004242345690727234,10.066797256469727,2.947800874710083,6.149636650979518,-0.024479128420352936,-0.12717731297016144,-0.0032892851158976555,128088.6484375,54599.5546875,73489.09375,128088.015625,54599.078125,73488.9375,4.9404261517338455e-06,8.728322427487e-06,2.1261657821014524e-06,0.0004940426151733845,10.566685289144516,6.270580967664719,0.8057366907596588,6.270580967664719,2.947800874710083,2501.78697681427,2501.78697681427,greedy,2.947800874710083,0.0,heuristic_recall_pool
815,N19533,observe,-0.23373804986476898,0.7402702301740645,-0.23373804986476898,2.947404623031616,6.266390290856362,0.029474046230316162,0.004252023994922638,10.065862655639648,2.947404623031616,6.149751261770725,-0.02447360008955002,-0.12718096375465393,-0.003289247862994671,128088.0078125,54599.078125,73488.9296875,128087.484375,54598.68359375,73488.796875,4.086545686732279e-06,7.2259690568898804e-06,1.807244984775025e-06,0.0004086545686732279,10.565907269716263,6.270687581300736,0.8059568107128143,6.270687581300736,2.947404623031616,2504.7343814373016,2504.7343814373016,greedy,2.947404623031616,0.0,heuristic_recall_pool
816,N19534,observe,-0.23373089730739594,0.7407598441839216,-0.23373089730739594,2.9470584392547607,6.2665018200874325,0.029470584392547607,0.004258733242750168,10.06513786315918,2.9470584392547607,6.149851638078689,-0.02446915954351425,-0.12718358635902405,-0.0032892581075429916,128087.4765625,54598.6796875,73488.796875,128087.03125,54598.390625,73488.640625,3.4766278531606076e-06,5.294312813930446e-06,2.126174422301119e-06,0.00034766278531606076,10.565280348062515,6.270782581567764,0.8061331212520599,6.270782581567764,2.9470584392547607,2507.6814398765564,2507.6814398765564,greedy,2.9470584392547607,0.0,heuristic_recall_pool
817,N19535,observe,-0.2337215393781662,0.7411982053518291,-0.2337215393781662,2.94675612449646,6.266595479846001,0.0294675612449646,0.004262678325176239,10.064581871032715,2.94675612449646,6.149935931861401,-0.024465657770633698,-0.12718522548675537,-0.00328931026160717,128087.03125,54598.390625,73488.640625,128086.6796875,54598.1484375,73488.53125,2.744715857261326e-06,4.435799382918049e-06,1.488325210630137e-06,0.0002744715857261326,10.564772218465805,6.270863643884659,0.806268721818924,6.270863643884659,2.94675612449646,2510.628196001053,2510.628196001053,greedy,2.94675612449646,0.0,heuristic_recall_pool
818,N19536,observe,-0.23371024429798126,0.7415953141450882,-0.23371024429798126,2.946488618850708,6.266680032014847,0.02946488618850708,0.004263971000909805,10.064157485961914,2.946488618850708,6.150012028813362,-0.02446291595697403,-0.12718604505062103,-0.003289391752332449,128086.671875,54598.140625,73488.53125,128086.40625,54597.984375,73488.421875,2.0737911654578056e-06,2.8618189844564768e-06,1.4883274843668914e-06,0.00020737911654578056,10.56435450911522,6.270936888456344,0.8063699305057526,6.270936888456344,2.946488618850708,2513.5746846199036,2513.5746846199036,greedy,2.946488618850708,0.0,heuristic_recall_pool
819,N19537,observe,-0.23369772732257843,0.741955501437187,-0.23369772732257843,2.946251392364502,6.266754904389381,0.02946251392364502,0.004263546317815781,10.0638427734375,2.946251392364502,6.150079413950443,-0.024460799992084503,-0.1271861344575882,-0.00328950397670269,128086.40625,54597.984375,73488.421875,128086.203125,54597.85546875,73488.34375,1.5858435062909848e-06,2.3610075459146174e-06,1.0630926681187702e-06,0.00015858435062909848,10.564014166593552,6.2710021507740015,0.8064435422420502,6.2710021507740015,2.946251392364502,2516.520936012268,2516.520936012268,greedy,2.946251392364502,0.0,heuristic_recall_pool
820,N31050,observe,-0.23368434607982635,0.74227538049221,-0.23368434607982635,2.9460456371307373,6.266820111870765,0.029460456371307373,0.0042622946202754974,10.063645362854004,2.9460456371307373,6.150138100683689,-0.02445925772190094,-0.12718565762043,-0.0032896650955080986,128086.203125,54597.84375,73488.359375,128086.0546875,54597.7734375,73488.28125,1.1588874713197583e-06,1.2878256256954046e-06,1.063093577613472e-06,0.00011588874713197583,10.563765227794647,6.271059280633926,0.8064969778060913,6.271059280633926,2.9460456371307373,2519.466981649399,2519.466981649399,greedy,2.9460456371307373,0.0,heuristic_recall_pool
821,N31051,observe,-0.2336701601743698,0.7425653374195096,-0.2336701601743698,2.945862054824829,6.266880550980568,0.029458620548248292,0.004259239882230759,10.063508987426758,2.945862054824829,6.150192495882512,-0.02445811778306961,-0.1271846890449524,-0.0032898299396038055,128086.046875,54597.76953125,73488.2734375,128085.984375,54597.75,73488.234375,4.879532298218692e-07,3.577298173240706e-07,5.315474140843435e-07,4.879532298218692e-05,10.563559263944626,6.2711119246482845,0.8065309822559357,6.2711119246482845,2.945862054824829,2522.4128437042236,2522.4128437042236,greedy,2.945862054824829,0.0,heuristic_recall_pool
822,N31052,observe,-0.23365546762943268,0.7428304606676099,-0.23365546762943268,2.945695161819458,6.2669337540864944,0.02945695161819458,0.004255209118127823,10.063421249389648,2.945695161819458,6.150240378677845,-0.024457387626171112,-0.12718336284160614,-0.0032900040969252586,128085.9609375,54597.7265625,73488.234375,128085.859375,54597.6640625,73488.1953125,7.929245384730166e-07,1.1447363021943602e-06,5.315476983014378e-07,7.929245384730166e-05,10.563377648591995,6.271158732175826,0.8065403401851654,6.271158732175826,2.945695161819458,2525.358538866043,2525.358538866043,greedy,2.945695161819458,0.0,heuristic_recall_pool
823,N31053,observe,-0.23364101350307465,0.7430427759885787,-0.23364101350307465,2.945542573928833,6.266971385478973,0.02945542573928833,0.004250075668096542,10.063376426696777,2.945542573928833,6.150274246931076,-0.02445697784423828,-0.1271817535161972,-0.0032901731319725513,128085.84375,54597.65625,73488.1875,128085.7578125,54597.65625,73488.1015625,6.70936742608319e-07,0.0,1.1694056638589245e-06,6.70936742608319e-05,10.563221216201782,6.271193009614944,0.8065319657325745,6.271193009614944,2.945542573928833,2528.304081439972,2528.304081439972,greedy,2.945542573928833,0.0,heuristic_recall_pool
824,N19538,observe,-0.23362646996974945,0.7432318973541259,-0.23362646996974945,2.945399522781372,6.267005294561386,0.02945399522781372,0.004243537783622742,10.063333511352539,2.945399522781372,6.150304765105247,-0.024456821382045746,-0.12717990577220917,-0.003290310502052307,128085.75,54597.671875,73488.078125,128085.6796875,54597.625,73488.0546875,5.489486625265272e-07,8.585531077187625e-07,3.189292954175471e-07,5.489486625265272e-05,10.563050895929337,6.271223793029785,0.8065011203289032,6.271223793029785,2.945399522781372,2531.2494809627533,2531.2494809627533,greedy,2.945399522781372,0.0,heuristic_recall_pool
825,N19527,observe,-0.2336120456457138,0.7434023642539975,-0.2336120456457138,2.9452669620513916,6.267040282487869,0.029452669620513915,0.0042362213134765625,10.063328742980957,2.9452669620513916,6.1503362542390825,-0.024456746876239777,-0.12717773020267487,-0.003290445078164339,128085.640625,54597.59375,73488.046875,128085.5390625,54597.546875,73487.9921875,7.929265279926767e-07,8.585543014305586e-07,7.441686307174677e-07,7.929265279926767e-05,10.562921017408371,6.271254391670228,0.8064742386341095,6.271254391670228,2.9452669620513916,2534.1947479248047,2534.1947479248047,greedy,2.9452669620513916,0.0,heuristic_recall_pool
826,N30599,observe,-0.2335980385541916,0.7435384571552275,-0.2335980385541916,2.94515061378479,6.267064246535301,0.029451506137847902,0.0042294226586818695,10.063377380371094,2.94515061378479,6.150357821881771,-0.024456851184368134,-0.12717527151107788,-0.003290605265647173,128085.5703125,54597.5390625,73488.03125,128085.4921875,54597.4921875,73488.0,6.099438110140909e-07,8.585551540818415e-07,4.252393068782112e-07,6.099438110140909e-05,10.56284287571907,6.271276261806488,0.8064468801021576,6.271276261806488,2.94515061378479,2537.1398985385895,2537.1398985385895,greedy,2.94515061378479,0.0,heuristic_recall_pool
827,N27261,observe,-0.2335839420557022,0.7436765569448469,-0.2335839420557022,2.9450409412384033,6.26709086894989,0.029450409412384033,0.004222400486469269,10.06344223022461,2.9450409412384033,6.150381782054901,-0.02445712685585022,-0.12717270851135254,-0.0032907873392105103,128085.578125,54597.5625,73488.015625,128085.515625,54597.5625,73487.953125,4.879549919678539e-07,0.0,8.50478784286679e-07,4.8795499196785386e-05,10.56277048587799,6.271299940347671,0.8064081072807312,6.271299940347671,2.9450409412384033,2540.084939479828,2540.084939479828,greedy,2.9450409412384033,0.0,heuristic_recall_pool
828,N31044,observe,-0.2335696667432785,0.7438184708356856,-0.2335696667432785,2.9449360370635986,6.267116984724998,0.029449360370635988,0.004214465618133545,10.063509941101074,2.9449360370635986,6.150405286252498,-0.02445746213197708,-0.12717020511627197,-0.0032909689471125603,128085.4375,54597.53125,73487.90625,128085.4375,54597.546875,73487.890625,0.0,-2.8618509873012954e-07,2.126200229213282e-07,0.0,10.562699764966965,6.271323472261429,0.8063652813434601,6.271323472261429,2.9449360370635986,2543.0298755168915,2543.0298755168915,greedy,2.9449360370635986,0.0,heuristic_recall_pool
829,N31045,observe,-0.23355601727962494,0.7439266717433928,-0.23355601727962494,2.944838047027588,6.267135369777679,0.02944838047027588,0.004206240177154541,10.063579559326172,2.944838047027588,6.150421832799911,-0.024457931518554688,-0.12716764211654663,-0.003291140776127577,128085.390625,54597.5078125,73487.8828125,128085.390625,54597.5234375,73487.8671875,0.0,-2.8618521241696726e-07,2.1262007976474706e-07,0.0,10.562624454498291,6.271340429782867,0.8063112497329712,6.271340429782867,2.944838047027588,2545.974713563919,2545.974713563919,greedy,2.944838047027588,0.0,heuristic_recall_pool
830,N28623,observe,-0.2335430234670639,0.7440146464109418,-0.2335430234670639,2.944740056991577,6.2671505272388455,0.029447400569915773,0.004197180271148682,10.063629150390625,2.944740056991577,6.1504354745149605,-0.024458475410938263,-0.127164825797081,-0.0032912716269493103,128085.375,54597.515625,73487.859375,128085.328125,54597.48828125,73487.84375,3.659668266209337e-07,5.008240577808465e-07,2.1262015081902064e-07,3.659668266209337e-05,10.562521666288376,6.271354352235793,0.8062447607517242,6.271354352235793,2.944740056991577,2548.9194536209106,2548.9194536209106,greedy,2.944740056991577,0.0,heuristic_recall_pool
831,N22058,observe,-0.23353014886379242,0.7441021823883054,-0.23353014886379242,2.9446561336517334,6.2671652138233185,0.029446561336517334,0.004189744591712952,10.063753128051758,2.9446561336517334,6.150448692440986,-0.02445898950099945,-0.127161905169487,-0.0032914653420448303,128085.375,54597.46484375,73487.90625,128085.390625,54597.4921875,73487.8984375,-1.2198894694392948e-07,-5.008245125281974e-07,1.063100114606641e-07,-1.2198894694392948e-05,10.562510311603546,6.271367950439453,0.8062033653259277,6.271367950439453,2.9446561336517334,2551.8641097545624,2551.8641097545624,greedy,2.9446561336517334,0.0,heuristic_recall_pool
832,N14122,observe,-0.23351792991161346,0.7441600012779235,-0.23351792991161346,2.9445815086364746,6.267178386449814,0.029445815086364745,0.004181176424026489,10.063860893249512,2.9445815086364746,6.150460547804832,-0.024459533393383026,-0.12715907394886017,-0.003291614353656769,128085.25,54597.40625,73487.84375,128085.234375,54597.40625,73487.828125,1.219890606307672e-07,0.0,2.1262019345158478e-07,1.219890606307672e-05,10.562489062547684,6.271379170417786,0.806157261133194,6.271379170417786,2.9445815086364746,2554.808691263199,2554.808691263199,greedy,2.9445815086364746,0.0,heuristic_recall_pool
833,N27253,observe,-0.23350538313388824,0.744248764514923,-0.23350538313388824,2.9444994926452637,6.267191949486732,0.029444994926452635,0.004172716289758682,10.063946723937988,2.9444994926452637,6.150472754538059,-0.024460144340991974,-0.12715615332126617,-0.003291778266429901,128085.3828125,54597.53125,73487.8515625,128085.3828125,54597.5390625,73487.84375,0.0,-1.4309254936506477e-07,1.0631008962036503e-07,0.0,10.562431782484055,6.271392102241516,0.8060971200466156,6.271392102241516,2.9444994926452637,2557.753190755844,2557.753190755844,greedy,2.9444994926452637,0.0,heuristic_recall_pool
834,N27363,observe,-0.23342262208461761,0.7424088978767391,-0.23342262208461761,2.9635231494903564,6.257738932967186,0.029635231494903564,0.0043052807450294495,10.117319107055664,2.9635231494903564,6.141965039670467,-0.024580925703048706,-0.1264902949333191,-0.003127235919237137,128085.21875,54597.23828125,73487.984375,128095.078125,54597.6953125,73497.3828125,-7.697512046433985e-05,-8.370959221792873e-06,-0.0001278908021049574,-0.007697512046433985,10.62274968624115,6.2652114343643195,0.8121179938316345,6.2652114343643195,2.9635231494903564,2560.7167139053345,2560.7167139053345,greedy,2.9635231494903564,0.0,heuristic_recall_pool
835,N27254,observe,-0.23333428800106049,0.7376297760009765,-0.23333428800106049,2.9546217918395996,6.264612710475921,0.029546217918395998,0.003975383937358856,10.097030639648438,2.9546217918395996,6.148151439428329,-0.024611741304397583,-0.12685927748680115,-0.003224452957510948,128095.2421875,54597.9921875,73497.25,128094.3125,54604.41796875,73489.890625,7.2577831815578975e-06,-0.00011769263073801994,0.00010013129940489307,0.0007257783181557897,10.590478301048279,6.26941707611084,0.801738977432251,6.26941707611084,2.9546217918395996,2563.671335697174,2563.671335697174,greedy,2.9546217918395996,0.0,heuristic_recall_pool
836,N27260,observe,-0.23334555327892303,0.7369691812992092,-0.23334555327892303,2.9516232013702393,6.26488429903984,0.029516232013702393,0.003904823213815689,10.088227272033691,2.9516232013702393,6.1483958691358565,-0.024588219821453094,-0.1269688457250595,-0.0032532569020986557,128094.359375,54604.4375,73489.921875,128093.890625,54604.328125,73489.5625,3.6594117318600183e-06,2.003042254727916e-06,4.890126092504943e-06,0.00036594117318600183,10.581028491258621,6.269560983181,0.8011406362056732,6.269560983181,2.9516232013702393,2566.6229588985443,2566.6229588985443,greedy,2.9516232013702393,0.0,heuristic_recall_pool
837,N32139,observe,-0.23337523639202118,0.7378072977066039,-0.23337523639202118,2.9499704837799072,6.265280717611312,0.02949970483779907,0.0039049051702022552,10.082822799682617,2.9499704837799072,6.148752645850181,-0.024566002190113068,-0.12702910602092743,-0.003271843772381544,128093.75,54604.2578125,73489.4921875,128092.390625,54602.93359375,73489.4609375,1.0612344340188429e-05,2.4251199647551402e-05,4.252308656305104e-07,0.0010612344340188429,10.576193064451218,6.269856081008911,0.8015981018543243,6.269856081008911,2.9499704837799072,2569.572929382324,2569.572929382324,greedy,2.9499704837799072,0.0,heuristic_recall_pool
838,N26476,observe,-0.2334020584821701,0.7388573276996611,-0.2334020584821701,2.948854684829712,6.265775603055954,0.029488546848297117,0.003923915326595306,10.079063415527344,2.948854684829712,6.149198042750358,-0.02454637736082077,-0.1270691603422165,-0.003286736086010933,128092.5390625,54603.015625,73489.5234375,128091.109375,54601.70703125,73489.40625,1.1161364454892464e-05,2.3965594664332457e-05,1.594615014255396e-06,0.0011161364454892464,10.573280364274979,6.27022465467453,0.8023417890071869,6.27022465467453,2.948854684829712,2572.521784067154,2572.521784067154,greedy,2.948854684829712,0.0,heuristic_recall_pool
839,N27255,observe,-0.23342286050319672,0.73971017062664,-0.23342286050319672,2.948028802871704,6.266104817390442,0.02948028802871704,0.003946360200643539,10.076261520385742,2.948028802871704,6.149494335651397,-0.024531923234462738,-0.12709000706672668,-0.003292527049779892,128091.0,54601.65625,73489.34375,128089.9140625,54600.6640625,73489.25,8.47785941004986e-06,1.8171380361309275e-05,1.2756951264236704e-06,0.0008477859410049859,10.571097999811172,6.27047712445259,0.8028802573680878,6.27047712445259,2.948028802871704,2575.4698128700256,2575.4698128700256,greedy,2.948028802871704,0.0,heuristic_recall_pool
840,N25241,observe,-0.23343844711780548,0.7403361940383908,-0.23343844711780548,2.94738507270813,6.266271016001701,0.029473850727081297,0.0039688050746917725,10.07414436340332,2.94738507270813,6.149643914401532,-0.024521566927433014,-0.12709876894950867,-0.0032923519611358643,128089.9140625,54600.6015625,73489.3125,128088.953125,54599.8046875,73489.1484375,7.502054359065369e-06,1.4594619642593898e-05,2.232467522844672e-06,0.0007502054359065369,10.569372743368149,6.270613803863525,0.8032256662845612,6.270613803863525,2.94738507270813,2578.4171979427338,2578.4171979427338,greedy,2.94738507270813,0.0,heuristic_recall_pool
841,N14169,observe,-0.23337619006633759,0.7383789753913876,-0.23337619006633759,2.966216802597046,6.255516520142555,0.029662168025970458,0.00414406880736351,10.126856803894043,2.966216802597046,6.139964868128299,-0.02465067058801651,-0.1263662427663803,-0.0030778064392507076,128089.1875,54599.89453125,73489.296875,128098.1171875,54599.4921875,73498.625,-6.971460970817134e-05,7.368947535724146e-06,-0.00012693174357991666,-0.006971460970817134,10.628006547689438,6.2635886049270635,0.8082013428211212,6.2635886049270635,2.966216802597046,2581.383414745331,2581.383414745331,greedy,2.966216802597046,0.0,heuristic_recall_pool
842,N14172,observe,-0.23322103917598724,0.7376498866081236,-0.23322103917598724,2.975830316543579,6.252423742413521,0.02975830316543579,0.003959644585847855,10.158371925354004,2.975830316543579,6.137181368172169,-0.024828992784023285,-0.12599003314971924,-0.0029426421970129013,128098.109375,54599.484375,73498.625,128106.7109375,54606.078125,73500.6328125,-6.714824121445417e-05,-0.00012076579150743783,-2.7317688363837078e-05,-0.006714824121445417,10.651302963495255,6.261560454368591,0.8006512820720673,6.261560454368591,2.975830316543579,2584.3592450618744,2584.3592450618744,greedy,2.975830316543579,0.0,heuristic_recall_pool
843,N19524,observe,-0.23318038880825043,0.7375431710481641,-0.23318038880825043,2.9636785984039307,6.2623383671045305,0.029636785984039307,0.0035823211073875427,10.127914428710938,2.9636785984039307,6.146104530394077,-0.02482432872056961,-0.126496359705925,-0.003079533576965332,128106.421875,54606.0234375,73500.3984375,128104.7734375,54612.1796875,73492.59375,1.2867719306086656e-05,-0.00011273939162492752,0.00010618564556352794,0.0012867719306086656,10.609160155057907,6.267946842908859,0.790465384721756,6.267946842908859,2.9636785984039307,2587.3229236602783,2587.3229236602783,greedy,2.9636785984039307,0.0,heuristic_recall_pool
844,N29526,observe,-0.23324568569660187,0.7357673943042753,-0.23324568569660187,2.9589030742645264,6.262467387318611,0.029589030742645264,0.0035407468676567078,10.112666130065918,2.9589030742645264,6.14622064858675,-0.02476777881383896,-0.12668833136558533,-0.003135334700345993,128104.765625,54612.15625,73492.609375,128102.40625,54610.36328125,73492.046875,1.8417542378301732e-05,3.283094702055678e-05,7.653830834897235e-06,0.0018417542378301732,10.594791322946548,6.26794622182846,0.7911144196987152,6.26794622182846,2.9589030742645264,2590.281826734543,2590.281826734543,greedy,2.9589030742645264,0.0,heuristic_recall_pool
845,N14121,observe,-0.23332439363002777,0.7363834273815155,-0.23332439363002777,2.956035614013672,6.263109502196312,0.029560356140136718,0.0035874098539352417,10.102653503417969,2.956035614013672,6.146798551976681,-0.024717077612876892,-0.1268085539340973,-0.0031759380362927914,128102.3125,54610.25390625,73492.0625,128099.1015625,54607.3203125,73491.78125,2.5065413865377195e-05,5.371873339754529e-05,3.826944066531723e-06,0.0025065413865377195,10.586981356143951,6.26838922739029,0.792964518070221,6.26838922739029,2.956035614013672,2593.2378623485565,2593.2378623485565,greedy,2.956035614013672,0.0,heuristic_recall_pool
846,N29527,observe,-0.23336882889270782,0.7373428857326505,-0.23336882889270782,2.9568369388580322,6.261612901091575,0.02956836938858032,0.0036572106182575226,10.104747772216797,2.9568369388580322,6.145451610982418,-0.02470351755619049,-0.12677264213562012,-0.003166025038808584,128099.1640625,54607.4140625,73491.75,128096.984375,54603.796875,73493.1875,1.7015625417116098e-05,6.623985973419622e-05,-1.9560018699849024e-05,0.0017015625417116098,10.59123295545578,6.2674697232246395,0.7950444221496582,6.2674697232246395,2.9568369388580322,2596.1946992874146,2596.1946992874146,greedy,2.9568369388580322,0.0,heuristic_recall_pool
847,N29528,observe,-0.23341171443462372,0.7387737977504729,-0.23341171443462372,2.954099416732788,6.26435025036335,0.02954099416732788,0.0036858022212982178,10.096393585205078,2.954099416732788,6.147915225327015,-0.024669796228408813,-0.12689156830310822,-0.0032099266536533833,128097.140625,54603.88671875,73493.25,128095.234375,54603.53125,73491.703125,1.4881284187140409e-05,6.509953436761862e-06,2.104785198753234e-05,0.0014881284187140409,10.583513379096985,6.269301865100861,0.7956436276435852,6.269301865100861,2.954099416732788,2599.1487987041473,2599.1487987041473,greedy,2.954099416732788,0.0,heuristic_recall_pool
848,N27252,observe,-0.23345933854579926,0.7393435221910476,-0.23345933854579926,2.9524927139282227,6.265004795789719,0.029524927139282228,0.0037389881908893585,10.090678215026855,2.9524927139282227,6.1485043162107464,-0.024632751941680908,-0.12696155905723572,-0.003238034900277853,128095.09375,54603.44921875,73491.640625,128093.0546875,54601.8984375,73491.15625,1.5918349163257517e-05,2.8400792871252634e-05,6.5908857322938275e-06,0.0015918349163257517,10.579895734786987,6.269750698804855,0.7975175380706787,6.269750698804855,2.9524927139282227,2602.1012914180756,2602.1012914180756,greedy,2.9524927139282227,0.0,heuristic_recall_pool
849,N24290,observe,-0.23349802196025848,0.7401436382532116,-0.23349802196025848,2.951251745223999,6.265604573488235,0.02951251745223999,0.0037928596138954163,10.086236953735352,2.951251745223999,6.149044116139412,-0.024601243436336517,-0.12701554596424103,-0.0032602972351014614,128093.046875,54601.8828125,73491.1640625,128091.234375,54600.49609375,73490.734375,1.4149870366964024e-05,2.5396902856300585e-05,5.846791282237973e-06,0.0014149870366964024,10.577364355325699,6.270175098180771,0.7992478311061859,6.270175098180771,2.951251745223999,2605.0525431632996,2605.0525431632996,greedy,2.951251745223999,0.0,heuristic_recall_pool
850,N29529,observe,-0.23352394998073578,0.7410043561458584,-0.23352394998073578,2.9502384662628174,6.266156160831451,0.029502384662628174,0.003842458128929138,10.082735061645508,2.9502384662628174,6.149540544748306,-0.02457476407289505,-0.1270587146282196,-0.003278444055467844,128091.296875,54600.54296875,73490.75,128089.984375,54599.55859375,73490.421875,1.0246597412333358e-05,1.8028666090685874e-05,4.464847734197974e-06,0.0010246597412333358,10.57549712061882,6.270571291446686,0.8007669746875763,6.270571291446686,2.9502384662628174,2608.0027816295624,2608.0027816295624,greedy,2.9502384662628174,0.0,heuristic_recall_pool
851,N29510,observe,-0.2335405796766281,0.7417168194055554,-0.2335405796766281,2.9493865966796875,6.266555443406105,0.029493865966796876,0.0038843005895614624,10.07988166809082,2.9493865966796875,6.1498998990654945,-0.024554118514060974,-0.12708912789821625,-0.003289827611297369,128089.96875,54599.55078125,73490.421875,128088.8203125,54598.7421875,73490.078125,8.965866072685458e-06,1.4809531421633437e-05,4.677480319514871e-06,0.0008965866072685458,10.57385641336441,6.27086230635643,0.8019052147865295,6.27086230635643,2.9493865966796875,2610.952168226242,2610.952168226242,greedy,2.9493865966796875,0.0,heuristic_recall_pool
852,N27215,observe,-0.23354999721050262,0.7422168010473249,-0.23354999721050262,2.94867205619812,6.266683089733124,0.029486720561981202,0.003920070827007294,10.07757568359375,2.94867205619812,6.150014780759811,-0.024540841579437256,-0.12710151076316833,-0.003289712592959404,128088.46875,54598.4609375,73490.0078125,128087.6171875,54597.8984375,73489.71875,6.648237103945576e-06,1.030248859024141e-05,3.933357675123261e-06,0.0006648237103945576,10.572163581848145,6.270968185663223,0.8024777770042419,6.270968185663223,2.94867205619812,2613.90084028244,2613.90084028244,greedy,2.94867205619812,0.0,heuristic_recall_pool
853,N26506,observe,-0.23347704112529755,0.7402091991901396,-0.23347704112529755,2.9672584533691406,6.255789664387703,0.029672584533691405,0.004099689424037933,10.129408836364746,2.9672584533691406,6.140210697948932,-0.024669304490089417,-0.12637841701507568,-0.003076289314776659,128087.71875,54597.8671875,73489.8515625,128097.140625,54598.046875,73499.09375,-7.355798879871145e-05,-3.2911084417719394e-06,-0.00012576140579767525,-0.007355798879871145,10.629736840724945,6.263851048946381,0.80723637342453,6.263851048946381,2.9672584533691406,2616.8680987358093,2616.8680987358093,greedy,2.9672584533691406,0.0,heuristic_recall_pool
854,N27251,observe,-0.233401820063591,0.7324577021598815,-0.233401820063591,2.95778226852417,6.262480121850967,0.0295778226852417,0.003792092204093933,10.107276916503906,2.95778226852417,6.1462321096658705,-0.0246872678399086,-0.1267741173505783,-0.0031836824491620064,128097.2890625,54598.2890625,73499.0,128095.75,54604.3671875,73491.3828125,1.20147933557746e-05,-0.00011132445797557011,0.00010363661567680538,0.00120147933557746,10.596332401037216,6.267798256874084,0.7975380122661591,6.267798256874084,2.95778226852417,2619.8258810043335,2619.8258810043335,greedy,2.95778226852417,0.0,heuristic_recall_pool
855,N22529,observe,-0.23341791331768036,0.7329425430297849,-0.23341791331768036,2.954362154006958,6.26322020292282,0.02954362154006958,0.003746073693037033,10.097007751464844,2.954362154006958,6.146898182630538,-0.02465231716632843,-0.12690259516239166,-0.003220068756490946,128095.796875,54604.3984375,73491.3984375,128094.875,54604.0390625,73490.8359375,7.196762453531846e-06,6.581429715879494e-06,7.653957254660781e-06,0.0007196762453531846,10.586138188838959,6.268298225402832,0.7976107597351074,6.268298225402832,2.954362154006958,2622.7802431583405,2622.7802431583405,greedy,2.954362154006958,0.0,heuristic_recall_pool
856,N14167,observe,-0.23337267339229584,0.7317702817916869,-0.23337267339229584,2.97187876701355,6.252164795994759,0.0297187876701355,0.003936227411031723,10.144859313964844,2.97187876701355,6.136948316395283,-0.024770662188529968,-0.1261967420578003,-0.0030030393972992897,128095.109375,54604.09765625,73491.0078125,128103.7578125,54603.4921875,73500.265625,-6.751574983354658e-05,1.1088339306297712e-05,-0.00012597204477060586,-0.006751574983354658,10.639671862125397,6.261116085052491,0.8021183013916016,6.261116085052491,2.97187876701355,2625.752121925354,2625.752121925354,greedy,2.97187876701355,0.0,heuristic_recall_pool
857,N14168,observe,-0.23323898017406464,0.7318524229526517,-0.23323898017406464,2.9804909229278564,6.2498459815979,0.029804909229278566,0.0037714391946792603,10.172916412353516,2.9804909229278564,6.1348613834381105,-0.024931542575359344,-0.12585626542568207,-0.002880627289414406,128103.75,54603.484375,73500.265625,128111.3125,54609.18359375,73502.125,-5.903418059460819e-05,-0.00010437463788548484,-2.5297527827206068e-05,-0.005903418059460819,10.660253077745438,6.259625146389007,0.7951975762844086,6.259625146389007,2.9804909229278564,2628.732612848282,2628.732612848282,greedy,2.9804909229278564,0.0,heuristic_recall_pool
858,N14171,observe,-0.23312442004680634,0.7305013608932494,-0.23312442004680634,2.9868600368499756,6.248271572589874,0.029868600368499757,0.003565363585948944,10.193926811218262,2.9868600368499756,6.133444415330887,-0.02506987750530243,-0.12560385465621948,-0.0027827401645481586,128111.296875,54609.1796875,73502.1171875,128119.3125,54615.5703125,73503.7421875,-6.256766937440261e-05,-0.00011702474148478359,-2.2108206394477747e-05,-0.006256766937440261,10.673799097537994,6.258546457290649,0.7882089614868164,6.258546457290649,2.9868600368499756,2631.719472885132,2631.719472885132,greedy,2.9868600368499756,0.0,heuristic_recall_pool
859,N31954,observe,-0.23314838111400604,0.7303477680683133,-0.23314838111400604,2.9724695682525635,6.258569464087486,0.029724695682525636,0.00320347398519516,10.155941009521484,2.9724695682525635,6.142712517678738,-0.025028206408023834,-0.12620913982391357,-0.0029517514631152153,128118.9609375,54615.4453125,73503.515625,128114.765625,54619.3125,73495.453125,3.274544724263251e-05,-7.080758223310113e-05,0.00010968863352900371,0.003274544724263251,10.625589936971664,6.2651777052879325,0.7792820036411285,6.2651777052879325,2.9724695682525635,2634.6919424533844,2634.6919424533844,greedy,2.9724695682525635,0.0,heuristic_recall_pool
860,N8083,observe,-0.233170285820961,0.7273492145538327,-0.233170285820961,2.9861161708831787,6.247810000181198,0.029861161708831786,0.003412734717130661,10.19070053100586,2.9861161708831787,6.133029000163078,-0.025089100003242493,-0.12565696239471436,-0.002783181145787239,128114.9375,54619.37890625,73495.5625,128121.546875,54617.33203125,73504.21875,-5.15894171257969e-05,3.747525261132978e-05,-0.00011777922190958634,-0.00515894171257969,10.667906701564789,6.2581001663208005,0.7852941751480103,6.2581001663208005,2.9861161708831787,2637.6780586242676,2637.6780586242676,greedy,2.9861161708831787,0.0,heuristic_recall_pool
861,N14119,observe,-0.23323063552379608,0.7293470537662503,-0.23323063552379608,2.972615957260132,6.2581138670444485,0.02972615957260132,0.003133077174425125,10.154790878295898,2.972615957260132,6.142302480340003,-0.025042541325092316,-0.12623608112335205,-0.002950526773929596,128121.3046875,54617.171875,73504.1328125,128115.0,54618.90625,73496.09375,4.9208734708372504e-05,-3.1755123927723616e-05,0.00010936884791590273,0.00492087347083725,10.623152703046799,6.264836785793305,0.777597576379776,6.264836785793305,2.972615957260132,2640.6506745815277,2640.6506745815277,greedy,2.972615957260132,0.0,heuristic_recall_pool
862,N18629,observe,-0.23334799706935883,0.7293470442295074,-0.23334799706935883,2.9667012691497803,6.259121397137641,0.029667012691497803,0.003174819052219391,10.134883880615234,2.9667012691497803,6.1432092574238775,-0.02494814246892929,-0.12648725509643555,-0.0030327546410262585,128115.0390625,54618.9140625,73496.125,128110.1328125,54614.9453125,73495.1875,3.8295660488074645e-05,7.266255852300674e-05,1.2755774150718935e-05,0.0038295660488074645,10.606770902872086,6.265486285686492,0.7805820405483246,6.265486285686492,2.9667012691497803,2643.6173758506775,2643.6173758506775,greedy,2.9667012691497803,0.0,heuristic_recall_pool
863,N14107,observe,-0.2334633618593216,0.7310511130094526,-0.2334633618593216,2.962843179702759,6.260420301556588,0.029628431797027587,0.003291010856628418,10.121015548706055,2.962843179702759,6.144378271400929,-0.02486545592546463,-0.12665575742721558,-0.0030953576788306236,128110.0546875,54614.9296875,73495.125,128105.0078125,54610.5390625,73494.46875,3.9394839404849336e-05,8.039239764912054e-05,8.929163413995411e-06,0.0039394839404849336,10.59731313586235,6.2664040291309355,0.7844190895557404,6.2664040291309355,2.962843179702759,2646.5802190303802,2646.5802190303802,greedy,2.962843179702759,0.0,heuristic_recall_pool
864,N14109,observe,-0.23355646431446075,0.7330994141101836,-0.23355646431446075,2.9599552154541016,6.261799299716949,0.029599552154541017,0.003415733575820923,10.110565185546875,2.9599552154541016,6.145619369745254,-0.024794645607471466,-0.1267821490764618,-0.003146594390273094,128105.0,54610.53125,73494.46875,128100.7421875,54606.90625,73493.8359375,3.3236894523724914e-05,6.637913611484692e-05,8.610341865278315e-06,0.0033236894523724914,10.59105584025383,6.267389647960663,0.7881655395030975,6.267389647960663,2.9599552154541016,2649.5401742458344,2649.5401742458344,greedy,2.9599552154541016,0.0,heuristic_recall_pool
865,N14111,observe,-0.23362676799297333,0.7349644279479979,-0.23362676799297333,2.957664728164673,6.263039362430572,0.029576647281646728,0.0035317428410053253,10.1024169921875,2.957664728164673,6.146735426187515,-0.02473459392786026,-0.12688106298446655,-0.0031887246295809746,128100.734375,54606.90234375,73493.8359375,128097.265625,54604.078125,73493.1875,2.7078298444394022e-05,5.1719078328460455e-05,8.823019015835598e-06,0.0027078298444394022,10.586622327566147,6.268277053833007,0.7915610373020172,6.268277053833007,2.957664728164673,2652.497838973999,2652.497838973999,greedy,2.957664728164673,0.0,heuristic_recall_pool
866,N14113,observe,-0.2336769849061966,0.736577134132385,-0.2336769849061966,2.955789804458618,6.2640958070755,0.02955789804458618,0.003633834421634674,10.095949172973633,2.955789804458618,6.14768622636795,-0.02468414604663849,-0.12696018815040588,-0.0032232142984867096,128097.2578125,54604.0703125,73493.1875,128094.515625,54601.91796875,73492.59375,2.140707329090219e-05,3.941727845813148e-05,8.078980499703903e-06,0.002140707329090219,10.583324372768402,6.269034185409545,0.7945201396942139,6.269034185409545,2.955789804458618,2655.4536287784576,2655.4536287784576,greedy,2.955789804458618,0.0,heuristic_recall_pool
867,N14115,observe,-0.2337103635072708,0.7379393047094343,-0.2337103635072708,2.954223394393921,6.264976653456688,0.02954223394393921,0.0037213005125522614,10.090751647949219,2.954223394393921,6.148478988111019,-0.024642065167427063,-0.12702392041683197,-0.0032512396574020386,128094.5078125,54601.9140625,73492.59375,128092.3046875,54600.3125,73491.9921875,1.719921601761598e-05,2.9331618861760944e-05,8.185348633560352e-06,0.0017199216017615981,10.580768525600433,6.269666296243667,0.7970372438430786,6.269666296243667,2.954223394393921,2658.4078521728516,2658.4078521728516,greedy,2.954223394393921,0.0,heuristic_recall_pool
868,N14117,observe,-0.2337300032377243,0.739091565608978,-0.2337300032377243,2.9529006481170654,6.265699988603592,0.029529006481170655,0.003794237971305847,10.086540222167969,2.9529006481170654,6.1491299897432325,-0.024607188999652863,-0.1270752102136612,-0.00327385775744915,128092.3046875,54600.3046875,73492.0,128090.609375,54599.125,73491.484375,1.3235085134510882e-05,2.160587791877333e-05,7.0160699578991625e-06,0.0013235085134510882,10.578721970319748,6.27018696308136,0.7991413176059723,6.27018696308136,2.9529006481170654,2661.3607528209686,2661.3607528209686,greedy,2.9529006481170654,0.0,heuristic_recall_pool
869,N19327,observe,-0.23373852670192719,0.740023744702339,-0.23373852670192719,2.9517600536346436,6.266186541318893,0.029517600536346434,0.003853771835565567,10.083073616027832,2.9517600536346436,6.149567887187004,-0.024580635130405426,-0.12710902094841003,-0.0032865330576896667,128090.7109375,54599.2265625,73491.484375,128089.2578125,54598.25,73491.0078125,1.1344499398546759e-05,1.7886013665702194e-05,6.484594905487029e-06,0.001134449939854676,10.576770156621933,6.2705446040630335,0.8006449043750763,6.2705446040630335,2.9517600536346436,2664.3125128746033,2664.3125128746033,greedy,2.9517600536346436,0.0,heuristic_recall_pool
870,N14166,observe,-0.23365966975688934,0.7383065819740293,-0.23365966975688934,2.970083713531494,6.255206564068794,0.02970083713531494,0.004057824611663818,10.134443283081055,2.970083713531494,6.139685907661915,-0.024704597890377045,-0.12637528777122498,-0.0030662259086966515,128089.546875,54598.37109375,73491.171875,128098.453125,54598.203125,73500.25,-6.953143747523427e-05,3.076442453675554e-06,-0.0001235267409356311,-0.006953143747523427,10.634067207574844,6.263385376930237,0.8056719601154327,6.263385376930237,2.970083713531494,2667.2825965881348,2667.2825965881348,greedy,2.970083713531494,0.0,heuristic_recall_pool
871,N19335,observe,-0.2335817664861679,0.7402092409133911,-0.2335817664861679,2.960240125656128,6.26453069448471,0.02960240125656128,0.0037626102566719055,10.11135482788086,2.960240125656128,6.1480776250362394,-0.024715907871723175,-0.1267840713262558,-0.003178585320711136,128098.15625,54598.09765625,73500.0625,128096.3828125,54604.109375,73492.2734375,1.3844363820680883e-05,-0.00011010857269866392,0.0001059735513990745,0.0013844363820680883,10.60000416636467,6.269485921859742,0.7963079512119293,6.269485921859742,2.960240125656128,2670.242836713791,2670.242836713791,greedy,2.960240125656128,0.0,heuristic_recall_pool
872,N27256,observe,-0.23359210789203644,0.7388736343383786,-0.23359210789203644,2.956561803817749,6.2646929740905755,0.02956561803817749,0.0037306882441043854,10.100404739379883,2.956561803817749,6.148223676681519,-0.024674922227859497,-0.12692128121852875,-0.003218521364033222,128096.3828125,54604.1015625,73492.28125,128095.3671875,54603.7421875,73491.625,7.928600098239258e-06,6.5814651861728635e-06,8.929509021982085e-06,0.0007928600098239258,10.589474320411682,6.26952751159668,0.7967494130134583,6.26952751159668,2.956561803817749,2673.1993985176086,2673.1993985176086,greedy,2.956561803817749,0.0,heuristic_recall_pool
873,N19330,observe,-0.23361878097057343,0.739240128993988,-0.23361878097057343,2.954338312149048,6.265133711695671,0.029543383121490477,0.0037656202912330627,10.093277931213379,2.954338312149048,6.1486203405261035,-0.024638302624225616,-0.12700310349464417,-0.003246015403419733,128095.2734375,54603.6796875,73491.59375,128093.25,54602.03515625,73491.2109375,1.5796347724972293e-05,3.011758963111788e-05,5.208928996580653e-06,0.0015796347724972293,10.583785980939865,6.269828925132751,0.798073798418045,6.269828925132751,2.954338312149048,2676.1537368297577,2676.1537368297577,greedy,2.954338312149048,0.0,heuristic_recall_pool
874,N30476,observe,-0.23363898694515228,0.7401428794860838,-0.23363898694515228,2.9527385234832764,6.265730562806129,0.029527385234832764,0.003814559429883957,10.088107109069824,2.9527385234832764,6.149157506525516,-0.024606697261333466,-0.12706023454666138,-0.003268062137067318,128093.234375,54602.01953125,73491.21875,128091.484375,54600.59375,73490.890625,1.3661923730978742e-05,2.611224408610724e-05,4.464819085114868e-06,0.0013661923730978742,10.580175906419754,6.270256280899048,0.7995416820049286,6.270256280899048,2.9527385234832764,2679.106475353241,2679.106475353241,greedy,2.9527385234832764,0.0,heuristic_recall_pool
875,N19334,observe,-0.23365212976932526,0.7410172224044798,-0.23365212976932526,2.9514858722686768,6.266284838318824,0.029514858722686766,0.0038610361516475677,10.08407974243164,2.9514858722686768,6.149656354486942,-0.02457970380783081,-0.12710270285606384,-0.0032859742641448975,128091.53125,54600.65625,73490.875,128090.0625,54599.5078125,73490.5546875,1.1466409887361806e-05,2.1033401935710572e-05,4.358534170023631e-06,0.0011466409887361806,10.577595233917236,6.270654850006103,0.8009210228919983,6.270654850006103,2.9514858722686768,2682.0579612255096,2682.0579612255096,greedy,2.9514858722686768,0.0,heuristic_recall_pool
876,N14094,observe,-0.23365841805934906,0.7416404902935028,-0.23365841805934906,2.950479030609131,6.26647609770298,0.029504790306091308,0.003903985023498535,10.080940246582031,2.950479030609131,6.149828487932682,-0.024562038481235504,-0.12711840867996216,-0.0032878206111490726,128089.9140625,54599.3671875,73490.546875,128088.7421875,54598.5234375,73490.21875,9.148846402240451e-06,1.5453475498361513e-05,4.464860012376448e-06,0.0009148846402240451,10.575215429067612,6.2708075547218325,0.8016509711742401,6.2708075547218325,2.950479030609131,2685.008440256119,2685.008440256119,greedy,2.950479030609131,0.0,heuristic_recall_pool
877,N19336,observe,-0.2336585968732834,0.7421640360355375,-0.2336585968732834,2.9496257305145264,6.266630545258522,0.029496257305145265,0.003939874470233917,10.078378677368164,2.9496257305145264,6.14996749073267,-0.024547681212425232,-0.12712834775447845,-0.003287889063358307,128088.8671875,54598.6484375,73490.21875,128087.921875,54598.0078125,73489.9140625,7.380130227829795e-06,1.1733349310816266e-05,4.145959792367648e-06,0.0007380130227829795,10.573236286640167,6.2709318232536315,0.8022329807281494,6.2709318232536315,2.9496257305145264,2687.9580659866333,2687.9580659866333,greedy,2.9496257305145264,0.0,heuristic_recall_pool
878,N19722,observe,-0.2336537092924118,0.7426169693469999,-0.2336537092924118,2.948899507522583,6.2667092174291605,0.02948899507522583,0.003969695419073105,10.076297760009766,2.948899507522583,6.150038295686245,-0.02453557401895523,-0.12713590264320374,-0.003288028761744499,128087.8828125,54598.0,73489.8828125,128087.140625,54597.53125,73489.609375,5.794361641164869e-06,8.585479008615948e-06,3.720750328284339e-06,0.0005794361641164869,10.571639865636826,6.2710039114952085,0.8027419149875641,6.2710039114952085,2.948899507522583,2690.906965494156,2690.906965494156,greedy,2.948899507522583,0.0,heuristic_recall_pool
879,N30479,observe,-0.23364444077014923,0.7429975247383116,-0.23364444077014923,2.9482853412628174,6.266830316185951,0.029482853412628175,0.003995154052972794,10.074657440185547,2.9482853412628174,6.150147284567356,-0.024525374174118042,-0.12714168429374695,-0.0032882606610655785,128087.140625,54597.48828125,73489.65625,128086.5625,54597.15234375,73489.4140625,4.513528892857721e-06,6.152984497020952e-06,3.295531769254012e-06,0.0004513528892857721,10.57040536403656,6.271099934577942,0.8031982779502869,6.271099934577942,2.9482853412628174,2693.8552508354187,2693.8552508354187,greedy,2.9482853412628174,0.0,heuristic_recall_pool
880,N30480,observe,-0.2336328774690628,0.7433007442951198,-0.2336328774690628,2.947754144668579,6.266920113563538,0.029477541446685792,0.004015691578388214,10.073308944702148,2.947754144668579,6.150228102207184,-0.02451697736978531,-0.12714597582817078,-0.0032885177060961723,128086.546875,54597.14453125,73489.40625,128086.15625,54596.96875,73489.1875,3.0496958061121404e-06,3.219605105186929e-06,2.9766194984404137e-06,0.00030496958061121404,10.569365352392197,6.27117213010788,0.803568035364151,6.27117213010788,2.947754144668579,2696.8030049800873,2696.8030049800873,greedy,2.947754144668579,0.0,heuristic_recall_pool
881,N30481,observe,-0.23361913859844208,0.7435662662982938,-0.23361913859844208,2.947289228439331,6.2669936418533325,0.02947289228439331,0.004031382501125336,10.072200775146484,2.947289228439331,6.150294277667999,-0.024510003626346588,-0.12714883685112,-0.0032887952402234077,128086.1875,54596.96875,73489.21875,128085.859375,54596.828125,73489.03125,2.561751671237289e-06,2.5756924060260644e-06,2.5513945729471743e-06,0.0002561751671237289,10.568489640951157,6.271232059001923,0.803872138261795,6.271232059001923,2.947289228439331,2699.7502942085266,2699.7502942085266,greedy,2.947289228439331,0.0,heuristic_recall_pool
882,N30482,observe,-0.23360387980937958,0.7437782275676725,-0.23360387980937958,2.9468843936920166,6.267056319117546,0.029468843936920164,0.004043750464916229,10.0712890625,2.9468843936920166,6.150350687205791,-0.024504192173480988,-0.12715059518814087,-0.0032890778966248035,128085.84375,54596.81640625,73489.0234375,128085.609375,54596.7421875,73488.8671875,1.8298275108463713e-06,1.3593970606962102e-06,2.1261678284645313e-06,0.00018298275108463713,10.567754238843918,6.271282465457917,0.8041241466999054,6.271282465457917,2.9468843936920166,2702.6971786022186,2702.6971786022186,greedy,2.9468843936920166,0.0,heuristic_recall_pool
883,N30484,observe,-0.23358742892742157,0.7439810681343078,-0.23358742892742157,2.946523904800415,6.267109304666519,0.02946523904800415,0.004052396863698959,10.070524215698242,2.946523904800415,6.150398374199867,-0.02449939399957657,-0.12715160846710205,-0.003289368934929371,128085.59375,54596.73828125,73488.8515625,128085.390625,54596.70703125,73488.6796875,1.585853624419542e-06,5.723784965994128e-07,2.338790181966033e-06,0.0001585853624419542,10.567108720541,6.271326193809509,0.8043226301670074,6.271326193809509,2.946523904800415,2705.643702507019,2705.643702507019,greedy,2.946523904800415,0.0,heuristic_recall_pool
884,N30485,observe,-0.23357073962688446,0.744133738875389,-0.23357073962688446,2.9462034702301025,6.2671481490135195,0.029462034702301024,0.004058800637722015,10.069896697998047,2.9462034702301025,6.150433334112167,-0.02449546754360199,-0.12715168297290802,-0.003289666958153248,128085.40625,54596.703125,73488.703125,128085.2578125,54596.6796875,73488.578125,1.1588947472773725e-06,4.292841708775086e-07,1.700941652416077e-06,0.00011588947472773725,10.56655341386795,6.271358438730239,0.8044782876968384,6.271358438730239,2.9462034702301025,2708.589905977249,2708.589905977249,greedy,2.9462034702301025,0.0,heuristic_recall_pool
885,N30486,observe,-0.23355384171009064,0.7442607325315476,-0.23355384171009064,2.9459221363067627,6.267180061340332,0.029459221363067625,0.004062909632921219,10.069377899169922,2.9459221363067627,6.150462055206299,-0.024492211639881134,-0.12715110182762146,-0.0032899584621191025,128085.25,54596.66796875,73488.578125,128085.1015625,54596.6484375,73488.453125,1.1588961115194252e-06,3.5773703643826593e-07,1.7009446082738577e-06,0.00011588961115194252,10.566078871488571,6.271385003328323,0.8046038448810577,6.271385003328323,2.9459221363067627,2711.535828113556,2711.535828113556,greedy,2.9459221363067627,0.0,heuristic_recall_pool
886,N30489,observe,-0.23353688418865204,0.7443777203559874,-0.23353688418865204,2.945668935775757,6.267209064960479,0.029456689357757568,0.004065088927745819,10.068939208984375,2.945668935775757,6.150488158464432,-0.024489544332027435,-0.12715013325214386,-0.0032902401871979237,128085.1171875,54596.671875,73488.4453125,128085.0546875,54596.703125,73488.3515625,4.879567541138385e-07,-5.723792355638579e-07,1.2757107015204383e-06,4.8795675411383854e-05,10.565653711557388,6.271409220695495,0.8046976029872894,6.271409220695495,2.945668935775757,2714.4814970493317,2714.4814970493317,greedy,2.945668935775757,0.0,heuristic_recall_pool
887,N30490,observe,-0.23352019488811493,0.7444664895534514,-0.23352019488811493,2.945441484451294,6.2672310858964915,0.02945441484451294,0.004065714776515961,10.068580627441406,2.945441484451294,6.150507977306843,-0.024487338960170746,-0.12714871764183044,-0.003290519118309021,128085.046875,54596.69140625,73488.359375,128084.96875,54596.69140625,73488.2734375,6.099463121245208e-07,0.0,1.1694029353748192e-06,6.099463121245208e-05,10.565288215875626,6.27142760515213,0.8047716319561005,6.27142760515213,2.945441484451294,2717.426938533783,2717.426938533783,greedy,2.945441484451294,0.0,heuristic_recall_pool
888,N14170,observe,-0.23343400657176971,0.7424594891071319,-0.23343400657176971,2.9644336700439453,6.257466608285904,0.029644336700439453,0.0042115747928619385,10.122135162353516,2.9644336700439453,6.141719947457313,-0.02460969239473343,-0.12645931541919708,-0.003111346624791622,128085.234375,54596.81640625,73488.4140625,128094.71875,54596.921875,73497.796875,-7.404736970784143e-05,-1.93177470464434e-06,-0.0001276774419238791,-0.007404736970784143,10.625599592924118,6.265038268566132,0.8106729686260223,6.265038268566132,2.9644336700439453,2720.391372203827,2720.391372203827,greedy,2.9644336700439453,0.0,heuristic_recall_pool
889,N26512,observe,-0.23326008021831512,0.7410247933864593,-0.23326008021831512,2.974266290664673,6.25367137491703,0.02974266290664673,0.004016365855932236,10.154178619384766,2.974266290664673,6.138304237425327,-0.024795636534690857,-0.12607616186141968,-0.0029719024896621704,128094.1328125,54596.3515625,73497.78125,128103.46875,54603.640625,73499.828125,-7.288341294042766e-05,-0.00013350823428481817,-2.784948082990013e-05,-0.007288341294042766,10.648881256580353,6.2625239872932426,0.8025475740432739,6.2625239872932426,2.974266290664673,2723.3656384944916,2723.3656384944916,greedy,2.974266290664673,0.0,heuristic_recall_pool
890,N26518,observe,-0.2330636829137802,0.7317508363723753,-0.2330636829137802,2.980790376663208,6.250230011343955,0.02980790376663208,0.0037920698523521423,10.177034378051758,2.980790376663208,6.135207010209561,-0.024944879114627838,-0.1257869303226471,-0.0028639966621994972,128103.4375,54603.6171875,73499.8203125,128113.03125,54611.59765625,73501.4375,-7.489065319532529e-05,-0.0001461527426727116,-2.2002604964654893e-05,-0.0074890653195325285,10.663336843252182,6.2598679161071775,0.7949682772159576,6.2598679161071775,2.980790376663208,2726.346428871155,2726.346428871155,greedy,2.980790376663208,0.0,heuristic_recall_pool
891,N26519,observe,-0.23291419446468353,0.7298901176452635,-0.23291419446468353,2.986070394515991,6.24811264872551,0.02986070394515991,0.003574661910533905,10.195165634155273,2.986070394515991,6.133301383852959,-0.02507193386554718,-0.12555453181266785,-0.002773162443190813,128112.921875,54611.53515625,73501.3828125,128121.171875,54618.23046875,73502.9453125,-6.439631397370249e-05,-0.00012259886716492474,-2.1258103515719995e-05,-0.006439631397370249,10.674042642116547,6.25841516494751,0.7881156206130981,6.25841516494751,2.986070394515991,2729.332499265671,2729.332499265671,greedy,2.986070394515991,0.0,heuristic_recall_pool
892,N8089,observe,-0.23285804688930511,0.7274710774421691,-0.23285804688930511,2.9911949634552,6.246018734574317,0.029911949634552,0.00336349755525589,10.21098518371582,2.9911949634552,6.131416861116886,-0.025189943611621857,-0.125364750623703,-0.0026923250406980515,128121.703125,54618.70703125,73503.0,128128.3125,54623.6640625,73504.6484375,-5.158669227967039e-05,-9.075702109839767e-05,-2.242680602648761e-05,-0.005158669227967039,10.683185786008835,6.256951184272767,0.7815506756305695,6.256951184272767,2.9911949634552,2732.323694229126,2732.323694229126,greedy,2.9911949634552,0.0,heuristic_recall_pool
893,N26509,observe,-0.23283948004245758,0.726699157953262,-0.23283948004245758,2.995581865310669,6.245036008954048,0.02995581865310669,0.0031876638531684875,10.224106788635254,2.995581865310669,6.130532408058643,-0.02528993785381317,-0.12521269917488098,-0.002625785768032074,128127.921875,54623.35546875,73504.5703125,128133.3984375,54627.2578125,73506.140625,-4.274292950867675e-05,-7.144093979150057e-05,-2.1363466657930985e-05,-0.004274292950867675,10.690694868564606,6.256281249523163,0.7759283781051636,6.256281249523163,2.995581865310669,2735.3192760944366,2735.3192760944366,greedy,2.995581865310669,0.0,heuristic_recall_pool
894,N19338,observe,-0.23295055329799652,0.7182718789577482,-0.23295055329799652,2.979339838027954,6.253285765647888,0.029793398380279543,0.0028473734855651855,10.179438591003418,2.979339838027954,6.1379571890830995,-0.02521347999572754,-0.1259133368730545,-0.002826289739459753,128133.609375,54627.59765625,73506.015625,128125.9140625,54628.296875,73497.6171875,6.005694012856111e-05,-1.279973457712913e-05,0.00011425510456319898,0.006005694012856111,10.637430429458618,6.261201765537262,0.7683466076850891,6.261201765537262,2.979339838027954,2738.2986159324646,2738.2986159324646,greedy,2.979339838027954,0.0,heuristic_recall_pool
895,N19331,observe,-0.2331325262784958,0.718906018733978,-0.2331325262784958,2.971971035003662,6.254603114724159,0.02971971035003662,0.0029019713401794434,10.154069900512695,2.971971035003662,6.139142803251743,-0.025092221796512604,-0.12623755633831024,-0.0029312646947801113,128125.90625,54628.2890625,73497.6171875,128118.8125,54622.21875,73496.59375,5.536546086659655e-05,0.00011112030915683135,1.3924771337769926e-05,0.005536546086659655,10.616818755865097,6.262080912590026,0.772288054227829,6.262080912590026,2.971971035003662,2741.2705869674683,2741.2705869674683,greedy,2.971971035003662,0.0,heuristic_recall_pool
896,N14118,observe,-0.23330558836460114,0.7221629893779753,-0.23330558836460114,2.967163324356079,6.256602293252945,0.029671633243560792,0.0030506886541843414,10.136336326599121,2.967163324356079,6.14094206392765,-0.02498599886894226,-0.1264587640762329,-0.003012517001479864,128118.7109375,54622.1171875,73496.59375,128111.84375,54615.9375,73495.90625,5.3600193496095017e-05,0.00011313526192680001,9.35417483560741e-06,0.005360019349609502,10.604899764060974,6.263523361682892,0.777275025844574,6.263523361682892,2.967163324356079,2744.2377502918243,2744.2377502918243,greedy,2.967163324356079,0.0,heuristic_recall_pool
897,N14123,observe,-0.23344646394252777,0.7252924239635465,-0.23344646394252777,2.963580369949341,6.258560186624527,0.02963580369949341,0.0032109245657920837,10.122941970825195,2.963580369949341,6.142704167962075,-0.02489486336708069,-0.1266258955001831,-0.0030793892219662666,128111.828125,54615.9375,73495.890625,128106.0390625,54610.9296875,73495.109375,4.518757123150863e-05,9.169141412712634e-05,1.0629845746734645e-05,0.004518757123150863,10.597036004066467,6.264933178424835,0.7821442484855652,6.264933178424835,2.963580369949341,2747.2013306617737,2747.2013306617737,greedy,2.963580369949341,0.0,heuristic_recall_pool
898,N21194,observe,-0.23355530202388763,0.7278967761993405,-0.23355530202388763,2.960740804672241,6.260269320011139,0.029607408046722412,0.0033598653972148895,10.112445831298828,2.960740804672241,6.144242388010024,-0.024817384779453278,-0.12675741314888,-0.0031345821917057037,128106.0703125,54610.9765625,73495.09375,128101.375,54607.0546875,73494.3203125,3.665175609057769e-05,7.181477849371731e-05,1.0523661330807954e-05,0.003665175609057769,10.591448158025742,6.266157855987549,0.7865581810474396,6.266157855987549,2.960740804672241,2750.162071466446,2750.162071466446,greedy,2.960740804672241,0.0,heuristic_recall_pool
899,N14120,observe,-0.23363663256168365,0.7300322383642195,-0.23363663256168365,2.9584286212921143,6.261706069111823,0.029584286212921144,0.0034925565123558044,10.104146003723145,2.9584286212921143,6.145535462200641,-0.024752147495746613,-0.12686288356781006,-0.003179942723363638,128101.34375,54607.0,73494.34375,128097.71875,54604.0859375,73493.6328125,2.8297907192609273e-05,5.336426693247631e-05,9.673363820184022e-06,0.0028297907192609273,10.587359875440598,6.267184816598892,0.7904289066791534,6.267184816598892,2.9584286212921143,2753.120500087738,2753.120500087738,greedy,2.9584286212921143,0.0,heuristic_recall_pool
900,N20517,observe,-0.23369453847408295,0.731881505846977,-0.23369453847408295,2.9565088748931885,6.2629058212041855,0.029565088748931885,0.0036074593663215637,10.097494125366211,2.9565088748931885,6.146615239083767,-0.02469775080680847,-0.12694866955280304,-0.0032169725745916367,128097.609375,54603.96875,73493.640625,128094.703125,54601.78515625,73492.921875,2.2687776436214335e-05,3.998965257778764e-05,9.779757419892121e-06,0.0022687776436214335,10.584227919578552,6.268045493364333,0.7937256693840027,6.268045493364333,2.9565088748931885,2756.077008962631,2756.077008962631,greedy,2.9565088748931885,0.0,heuristic_recall_pool
901,N26510,observe,-0.233657106757164,0.7304462110996244,-0.233657106757164,2.9746835231781006,6.251539421081542,0.029746835231781007,0.0038727372884750366,10.146918296813965,2.9746835231781006,6.136385478973389,-0.024809494614601135,-0.12623634934425354,-0.0030018691904842854,128094.6171875,54601.59375,73493.0234375,128103.625,54601.45703125,73502.171875,-7.032155554043129e-05,2.5039332740561804e-06,-0.00012448035704437643,-0.007032155554043129,10.640652358531952,6.260650460720061,0.7994509935379028,6.260650460720061,2.9746835231781006,2759.0516924858093,2759.0516924858093,greedy,2.9746835231781006,0.0,heuristic_recall_pool
902,N26511,observe,-0.2340727299451828,0.6950614392757415,-0.2340727299451828,3.011733293533325,6.231224727630615,0.030117332935333252,0.0043068528175354,10.254049301147461,3.011733293533325,6.118102254867553,-0.025110110640525818,-0.12513141334056854,-0.0026229084469377995,128103.6328125,54601.4609375,73502.171875,128129.78125,54612.84375,73516.9375,-0.00020411940931808203,-0.00020847083942499012,-0.00020088691962882876,-0.020411940931808203,10.754771530628204,6.245884974002838,0.8054345846176147,6.245884974002838,3.011733293533325,2762.0634257793427,2762.0634257793427,greedy,3.011733293533325,0.0,heuristic_recall_pool
903,N26514,observe,-0.2336203008890152,0.7237702095508571,-0.2336203008890152,3.004011392593384,6.244358575344085,0.030040113925933837,0.003573685884475708,10.240609169006348,3.004011392593384,6.129922717809677,-0.025295183062553406,-0.1253325343132019,-0.002648415043950081,128129.8125,54612.79296875,73517.015625,128131.171875,54625.13671875,73506.0390625,-1.0609357559587806e-05,-0.00022602305398322642,0.00014930641918908805,-0.0010609357559587806,10.71510225534439,6.25570633649826,0.7816368341445923,6.25570633649826,3.004011392593384,2765.067437171936,2765.067437171936,greedy,3.004011392593384,0.0,heuristic_recall_pool
904,N26515,observe,-0.23465846478939056,0.6639296936988828,-0.23465846478939056,3.0436160564422607,6.217453762888908,0.030436160564422606,0.004344869405031204,10.34962272644043,3.0436160564422607,6.105708386600018,-0.02559402585029602,-0.12445905804634094,-0.002302753273397684,128131.1171875,54625.1484375,73505.96875,128170.6171875,54645.296875,73525.3203125,-0.00030827795853838325,-0.00036884911241941154,-0.00026326518855057657,-0.030827795853838325,10.833836197853088,6.2355385637283325,0.7889071106910706,6.2355385637283325,3.0436160564422607,2768.1110532283783,2768.1110532283783,greedy,3.0436160564422607,0.0,heuristic_recall_pool
905,N26516,observe,-0.23972593247890472,0.08263373851776112,-0.23972593247890472,3.124804735183716,5.297832897305488,0.031248047351837158,0.008479978889226913,10.512029647827148,3.124804735183716,5.278049607574939,-0.025810159742832184,-0.12497229874134064,-0.0022285222075879574,128170.6015625,54645.296875,73525.3046875,128230.984375,54684.8671875,73546.1171875,-0.0004711128131020814,-0.0007241302519105375,-0.0002830658049788326,-0.04711128131020814,11.055818408727646,5.615278987884522,0.8281926214694977,5.615278987884522,3.124804735183716,2771.235857963562,2771.235857963562,greedy,3.124804735183716,0.0,heuristic_recall_pool
906,N14105,observe,-0.23684902489185333,0.6971159934997557,-0.23684902489185333,3.062079906463623,6.249881544709206,0.03062079906463623,0.0046899765729904175,10.388153076171875,3.062079906463623,6.134893390238284,-0.026035495102405548,-0.12561331689357758,-0.002431267872452736,128231.1640625,54685.1796875,73545.984375,128190.0078125,54684.59375,73505.4140625,0.00032095357892103493,1.0714740710682236e-05,0.0005516319070011377,0.03209535789210349,10.846683472394943,6.258008966445923,0.7590087354183197,6.258008966445923,3.062079906463623,2774.2979378700256,2774.2979378700256,greedy,3.062079906463623,0.0,heuristic_recall_pool
907,N27654,observe,-0.23540769517421722,0.7244260406494138,-0.23540769517421722,3.02950382232666,6.248997238278388,0.030295038223266603,0.0028858259320259094,10.319021224975586,3.02950382232666,6.134097514450549,-0.026000194251537323,-0.1255985051393509,-0.0024600159376859665,128189.9375,54684.37890625,73505.5546875,128174.5625,54671.6796875,73502.8828125,0.00011993921361863613,0.00023222753952722996,3.634929453255609e-05,0.011993921361863613,10.748505622148514,6.2587275791168215,0.7371118366718292,6.2587275791168215,3.02950382232666,2777.3274416923523,2777.3274416923523,greedy,3.02950382232666,0.0,heuristic_recall_pool
908,N8957,observe,-0.2353471964597702,0.7210900497436523,-0.2353471964597702,3.0133092403411865,6.2494877725839615,0.030133092403411867,0.0027643144130706787,10.264266967773438,3.0133092403411865,6.134538995325565,-0.025785811245441437,-0.12597811222076416,-0.002620568498969078,128174.6484375,54671.734375,73502.9140625,128158.109375,54655.85546875,73502.25,0.00012903536844532937,0.0002904408611357212,9.03450563782826e-06,0.012903536844532937,10.69899508357048,6.258886384963989,0.7408129274845123,6.258886384963989,3.0133092403411865,2780.3407509326935,2780.3407509326935,greedy,3.0133092403411865,0.0,heuristic_recall_pool
909,N14106,observe,-0.2353159338235855,0.7201581192016602,-0.2353159338235855,3.0015883445739746,6.250898152589798,0.030015883445739747,0.002819173038005829,10.224180221557617,3.0015883445739746,6.135808337330818,-0.025587841868400574,-0.12624450027942657,-0.0027555059641599655,128158.0703125,54656.0,73502.0703125,128143.546875,54642.15234375,73501.390625,0.00011332440772093832,0.00025336022372357547,9.247188245353755e-06,0.011332440772093832,10.666984379291534,6.259751605987549,0.7476579546928406,6.259751605987549,3.0015883445739746,2783.3423392772675,2783.3423392772675,greedy,3.0015883445739746,0.0,heuristic_recall_pool
910,N14110,observe,-0.23529259860515594,0.721658569574356,-0.23529259860515594,2.992692470550537,6.253137287497521,0.02992692470550537,0.0029480047523975372,10.193798065185547,2.992692470550537,6.137823558747768,-0.025411836802959442,-0.1264510601758957,-0.0028696591034531593,128143.5390625,54642.1484375,73501.390625,128131.5859375,54631.0859375,73500.5,9.327918814960867e-05,0.0002024536079261452,1.2117117876186967e-05,0.009327918814960867,10.64530685544014,6.261265857219696,0.7554389536380768,6.261265857219696,2.992692470550537,2786.335031747818,2786.335031747818,greedy,2.992692470550537,0.0,heuristic_recall_pool
911,N14112,observe,-0.23526494204998016,0.7233155143260954,-0.23526494204998016,2.985675573348999,6.255402347445488,0.02985675573348999,0.0031011775135993958,10.170166015625,2.985675573348999,6.139862112700939,-0.025258630514144897,-0.126620352268219,-0.002965617924928665,128131.578125,54631.07421875,73500.5078125,128121.90625,54622.34375,73499.5625,7.548392750322819e-05,0.00015980775060597807,1.2861305549449753e-05,0.007548392750322819,10.62997853755951,6.262804205417633,0.76309734582901,6.262804205417633,2.985675573348999,2789.320707321167,2789.320707321167,greedy,2.985675573348999,0.0,heuristic_recall_pool
912,N14114,observe,-0.23522742092609406,0.7253134965896606,-0.23522742092609406,2.979987144470215,6.257570579648018,0.02979987144470215,0.0032545961439609528,10.151467323303223,2.979987144470215,6.141813521683216,-0.025127187371253967,-0.1267627328634262,-0.003045639954507351,128121.90625,54622.34375,73499.5625,128114.1484375,54615.5546875,73498.59375,6.055024277884513e-05,0.00012429093476384878,1.3180350833863486e-05,0.006055024277884513,10.61873573064804,6.264296226501465,0.7701448798179626,6.264296226501465,2.979987144470215,2792.300694465637,2792.300694465637,greedy,2.979987144470215,0.0,heuristic_recall_pool
913,N14116,observe,-0.2351791113615036,0.7272848844528197,-0.2351791113615036,2.975285291671753,6.259492981433868,0.029752852916717528,0.003397993743419647,10.136497497558594,2.975285291671753,6.143543683290481,-0.02501560002565384,-0.12688298523426056,-0.003111851867288351,128114.140625,54615.546875,73498.59375,128107.890625,54610.31640625,73497.578125,4.878462277702056e-05,9.576886077411473e-05,1.3818291336065158e-05,0.004878462277702056,10.610222786664963,6.265628519058228,0.7763856947422028,6.265628519058228,2.975285291671753,2795.275979757309,2795.275979757309,greedy,2.975285291671753,0.0,heuristic_recall_pool
914,N14108,observe,-0.23511986434459686,0.7292284882068631,-0.23511986434459686,2.9713447093963623,6.261152693629265,0.029713447093963622,0.003526691347360611,10.12440299987793,2.9713447093963623,6.145037424266339,-0.024921469390392303,-0.1269841194152832,-0.0031662592664361,128107.890625,54610.31640625,73497.5703125,128102.953125,54606.3125,73496.640625,3.854173337458633e-05,7.331776578212157e-05,1.2649227755900938e-05,0.003854173337458633,10.603600770235062,6.266790158748626,0.7817899882793427,6.266790158748626,2.9713447093963623,2798.2473244667053,2798.2473244667053,greedy,2.9713447093963623,0.0,heuristic_recall_pool
915,N14104,observe,-0.2350517064332962,0.7310566872358322,-0.2350517064332962,2.968007802963257,6.262563702464103,0.02968007802963257,0.003639332950115204,10.114570617675781,2.968007802963257,6.1463073322176935,-0.024842463433742523,-0.12706808745861053,-0.003210674971342087,128102.921875,54606.296875,73496.625,128098.9375,54603.20703125,73495.734375,3.110292163910344e-05,5.6584020057925954e-05,1.2117903679609299e-05,0.0031102921639103442,10.598332077264786,6.26778602719307,0.7863982617855072,6.26778602719307,2.968007802963257,2801.2153322696686,2801.2153322696686,greedy,2.968007802963257,0.0,heuristic_recall_pool
916,N22512,observe,-0.23497693240642548,0.7327457797527313,-0.23497693240642548,2.9651541709899902,6.263746532797813,0.029651541709899903,0.0037371963262557983,10.106542587280273,2.9651541709899902,6.147371879518032,-0.024776317179203033,-0.12713652849197388,-0.0032467637211084366,128099.1484375,54603.3203125,73495.828125,128095.9609375,54600.9921875,73494.96875,2.488306927261874e-05,4.2637060687411577e-05,1.16928404167993e-05,0.002488306927261874,10.59406504034996,6.2686282372474675,0.7902924716472626,6.2686282372474675,2.9651541709899902,2804.1804864406586,2804.1804864406586,greedy,2.9651541709899902,0.0,heuristic_recall_pool
917,N22514,observe,-0.2348976582288742,0.734270011782646,-0.2348976582288742,2.9627058506011963,6.264698779582977,0.029627058506011963,0.0038207247853279114,10.099946975708008,2.9627058506011963,6.148228901624679,-0.024721987545490265,-0.12718883156776428,-0.0032735681161284447,128095.984375,54601.0,73494.984375,128093.4921875,54599.2890625,73494.203125,1.9455625078990124e-05,3.133527934551239e-05,1.06299767139717e-05,0.0019455625078990124,10.590454071760178,6.269314023256302,0.7934644520282745,6.269314023256302,2.9627058506011963,2807.1431922912598,2807.1431922912598,greedy,2.9627058506011963,0.0,heuristic_recall_pool
918,N22528,observe,-0.23481611907482147,0.7354308384656905,-0.23481611907482147,2.960592031478882,6.265057858824729,0.029605920314788817,0.0038911402225494385,10.094502449035645,2.960592031478882,6.148552072942257,-0.024684935808181763,-0.12720316648483276,-0.0032744640484452248,128093.46875,54599.265625,73494.203125,128091.4375,54597.93359375,73493.5,1.5857560356380418e-05,2.4396504159085453e-05,9.56708117882954e-06,0.0015857560356380418,10.58660089969635,6.269600278139114,0.7952800393104553,6.269600278139114,2.960592031478882,2810.1037843227386,2810.1037843227386,greedy,2.960592031478882,0.0,heuristic_recall_pool
919,N31018,observe,-0.23473326861858368,0.7365034186840054,-0.23473326861858368,2.9587597846984863,6.2653737515211105,0.029587597846984864,0.0039507485926151276,10.089973449707031,2.9587597846984863,6.148836376368999,-0.02465350180864334,-0.1272144913673401,-0.003275411669164896,128091.28125,54597.87890625,73493.40625,128089.7734375,54597.0,73492.7734375,1.1771390745707322e-05,1.6097808838821948e-05,8.610466466052458e-06,0.0011771390745707322,10.583383053541183,6.269854528903961,0.7968331277370453,6.269854528903961,2.9587597846984863,2813.062544107437,2813.062544107437,greedy,2.9587597846984863,0.0,heuristic_recall_pool
920,N31020,observe,-0.23465128242969513,0.7374462312459944,-0.23465128242969513,2.9571688175201416,6.265636539459228,0.029571688175201415,0.004000075161457062,10.086206436157227,2.9571688175201416,6.149072885513306,-0.024626903235912323,-0.12722286581993103,-0.0032763779163360596,128089.78125,54596.99609375,73492.78125,128088.59375,54596.38671875,73492.203125,9.270841474062763e-06,1.1161328075104393e-05,7.866418854973745e-06,0.0009270841474062763,10.580684930086136,6.270068422555923,0.7981534898281097,6.270068422555923,2.9571688175201416,2816.0197129249573,2816.0197129249573,greedy,2.9571688175201416,0.0,heuristic_recall_pool
921,N26502,observe,-0.23449037969112396,0.7365554428100582,-0.23449037969112396,2.975069999694824,6.255977895855904,0.02975069999694824,0.004189234226942062,10.136783599853516,2.975069999694824,6.140380106270313,-0.02473071962594986,-0.12654781341552734,-0.0031044729985296726,128088.3359375,54595.984375,73492.3515625,128098.0546875,54596.59375,73501.4609375,-7.587537402287126e-05,-1.1161535439896397e-05,-0.00012394996883813292,-0.007587537402287126,10.638781636953354,6.263799982070923,0.804891437292099,6.263799982070923,2.975069999694824,2818.994782924652,2818.994782924652,greedy,2.975069999694824,0.0,heuristic_recall_pool
922,N26503,observe,-0.2347683161497116,0.70768533706665,-0.2347683161497116,3.011345624923706,6.236030066013336,0.030113456249237062,0.004562944173812866,10.243261337280273,3.011345624923706,6.1224270594120025,-0.025036610662937164,-0.12541748583316803,-0.002717958763241768,128098.046875,54596.58203125,73501.4609375,128124.0546875,54608.1953125,73515.859375,-0.0002030305186053738,-0.00021271077275741845,-0.00019589321163948625,-0.02030305186053738,10.750945895910263,6.249578399658203,0.8099906742572784,6.249578399658203,3.011345624923706,2822.006128549576,2822.006128549576,greedy,3.011345624923706,0.0,heuristic_recall_pool
923,N26504,observe,-0.23652659356594086,0.6294597768783565,-0.23652659356594086,3.0733909606933594,6.202323165535926,0.030733909606933594,0.005922302603721619,10.425716400146484,3.0733909606933594,6.092090848982334,-0.02560918778181076,-0.12430194020271301,-0.0022218474186956882,128124.046875,54608.1875,73515.859375,128181.015625,54644.64453125,73536.375,-0.00044463746598921716,-0.0006676110788248479,-0.00027906394097954035,-0.044463746598921716,10.938188582658768,6.224158153533935,0.8138580620288849,6.224158153533935,3.0733909606933594,2825.079519510269,2825.079519510269,greedy,3.0733909606933594,0.0,heuristic_recall_pool
924,N26508,observe,-0.23543862998485565,0.7306677615642545,-0.23543862998485565,3.0467169284820557,6.24536691904068,0.03046716928482056,0.004140160977840424,10.360980987548828,3.0467169284820557,6.130830227136612,-0.025831103324890137,-0.12491697072982788,-0.0023650838993489742,128180.8203125,54644.5234375,73536.296875,128166.609375,54657.03515625,73509.578125,0.00011086633458035067,-0.0002289656549692154,0.00036334097967483103,0.011086633458035067,10.82458758354187,6.256681835651397,0.7688141465187073,6.256681835651397,3.0467169284820557,2828.126236438751,2828.126236438751,greedy,3.0467169284820557,0.0,heuristic_recall_pool
925,N26513,observe,-0.24089057743549347,0.08124702453613275,-0.24089057743549347,3.139817476272583,5.3033280760049815,0.03139817476272583,0.008977368474006653,10.543380737304688,3.139817476272583,5.282995268404483,-0.025866039097309113,-0.1250874251127243,-0.002200682181864977,128166.8125,54657.15234375,73509.65625,128233.34375,54686.51953125,73546.8203125,-0.0005190988886170089,-0.0005372981540858746,-0.0005055670626461506,-0.05190988886170089,11.09659430384636,5.618755998611451,0.8341956436634064,5.618755998611451,3.139817476272583,2831.266053915024,2831.266053915024,greedy,3.139817476272583,0.0,heuristic_recall_pool
926,N26517,observe,-0.24244080483913422,0.5139024651050565,-0.24244080483913422,3.152317762374878,6.217002704739571,0.03152317762374878,0.009245947003364563,10.558649063110352,3.152317762374878,6.105302434265614,-0.026134885847568512,-0.1258080154657364,-0.0022881627082824707,128233.265625,54686.47265625,73546.796875,128243.296875,54707.8125,73535.484375,-7.822657789802179e-05,-0.00039022162673063576,0.0001538136275485158,-0.007822657789802179,11.097478240728378,6.228168466091155,0.8142531216144562,6.228168466091155,3.152317762374878,2834.4183716773987,2834.4183716773987,greedy,3.152317762374878,0.0,heuristic_recall_pool
927,N31019,observe,-0.2394709438085556,0.6589507591724395,-0.2394709438085556,3.090458631515503,6.246883955597877,0.03090458631515503,0.005623415112495422,10.431400299072266,3.090458631515503,6.13219556003809,-0.0262598916888237,-0.12622325122356415,-0.002450341824442148,128243.5703125,54708.2421875,73535.328125,128210.0546875,54702.1015625,73507.953125,0.00026134352083317935,0.00011224314221180975,0.00037227003485895693,0.026134352083317935,10.895869761705399,6.254275681972504,0.7544755637645721,6.254275681972504,3.090458631515503,2837.508830308914,2837.508830308914,greedy,3.090458631515503,0.0,heuristic_recall_pool
928,N22496,observe,-0.23773203790187836,0.6905561566352842,-0.23773203790187836,3.055371046066284,6.246990147233009,0.030553710460662842,0.0037278980016708374,10.357072830200195,3.055371046066284,6.1322911325097085,-0.026197239756584167,-0.1260749250650406,-0.0024703708477318287,128209.984375,54701.953125,73508.03125,128190.875,54684.32421875,73506.546875,0.0001490474824095145,0.00032227198244072497,2.0193372620269656e-05,0.014904748240951449,10.792719900608063,6.255835499763489,0.7333869934082031,6.255835499763489,3.055371046066284,2840.5642013549805,2840.5642013549805,greedy,3.055371046066284,0.0,heuristic_recall_pool
929,N20954,observe,-0.23642371594905853,0.7197289371490476,-0.23642371594905853,3.030189275741577,6.247173756361008,0.030301892757415773,0.002525981515645981,10.306253433227539,3.030189275741577,6.132456380724907,-0.026104867458343506,-0.12583504617214203,-0.002482301089912653,128191.03125,54684.4296875,73506.6015625,128171.65625,54665.5859375,73506.0703125,0.0001511416194261983,0.00034459077869541943,7.227241894725012e-06,0.01511416194261983,10.725955963134766,6.2573304367065425,0.7236239314079285,6.2573304367065425,3.030189275741577,2843.594390630722,2843.594390630722,greedy,3.030189275741577,0.0,heuristic_recall_pool
930,N20950,observe,-0.23633016645908356,0.718697543144226,-0.23633016645908356,3.0165960788726807,6.248776131868362,0.030165960788726808,0.0026077330112457275,10.259603500366211,3.0165960788726807,6.133898518681526,-0.02586541324853897,-0.12613166868686676,-0.0026428508572280407,128171.5390625,54665.5390625,73506.0,128154.8828125,54649.6484375,73505.234375,0.00012995279394090176,0.0002906881563831121,1.0415816177555826e-05,0.012995279394090176,10.689658254384995,6.258314733505248,0.7325085699558258,6.258314733505248,3.0165960788726807,2846.6109867095947,2846.6109867095947,greedy,3.0165960788726807,0.0,heuristic_recall_pool
931,N14093,observe,-0.2362552136182785,0.7200319182872772,-0.2362552136182785,3.0061228275299072,6.2513556450605385,0.03006122827529907,0.002768576145172119,10.223976135253906,3.0061228275299072,6.1362200805544855,-0.025650180876255035,-0.12636476755142212,-0.002778493333607912,128154.78125,54649.64453125,73505.140625,128140.5546875,54636.4765625,73504.078125,0.00011101078416686505,0.00024095250410027802,1.4454771189775784e-05,0.011101078416686505,10.66508087515831,6.260040571689606,0.7425066530704498,6.260040571689606,3.0061228275299072,2849.6171095371246,2849.6171095371246,greedy,3.0061228275299072,0.0,heuristic_recall_pool
932,N14095,observe,-0.23618213832378387,0.7226157331466672,-0.23618213832378387,2.9977099895477295,6.254143267869949,0.029977099895477297,0.0029553398489952087,10.195843696594238,2.9977099895477295,6.138728941082954,-0.02546253800392151,-0.12656313180923462,-0.002893522847443819,128140.53125,54636.46875,73504.0625,128129.171875,54626.21484375,73502.953125,8.864779374562204e-05,0.0001876751339295879,1.509270350652514e-05,0.008864779374562204,10.647299885749817,6.261959524154664,0.7521346211433411,6.261959524154664,2.9977099895477295,2852.6148195266724,2852.6148195266724,greedy,2.9977099895477295,0.0,heuristic_recall_pool
933,N14096,observe,-0.23610137403011322,0.7251984333992001,-0.23610137403011322,2.990790605545044,6.2567302763462065,0.02990790605545044,0.003141988068819046,10.173269271850586,2.990790605545044,6.1410572487115855,-0.025300905108451843,-0.12673330307006836,-0.002990029752254486,128129.1640625,54626.2109375,73502.953125,128119.890625,54618.1953125,73501.6953125,7.237569661810994e-05,0.00014673588157165796,1.7112408386310562e-05,0.007237569661810994,10.633969366550446,6.263749098777771,0.7609244585037231,6.263749098777771,2.990790605545044,2855.6056101322174,2855.6056101322174,greedy,2.990790605545044,0.0,heuristic_recall_pool
934,N14100,observe,-0.23601074516773224,0.7276703643798825,-0.23601074516773224,2.985002279281616,6.2590243250131605,0.029850022792816164,0.0033163055777549744,10.154972076416016,2.985002279281616,6.143121892511845,-0.025162942707538605,-0.12687866389751434,-0.003070300444960594,128119.8828125,54618.1875,73501.6953125,128112.453125,54612.03515625,73500.421875,5.7990120694739744e-05,0.00011264276690781116,1.7325281078228727e-05,0.005799012069473974,10.623680084943771,6.265344591140748,0.7686993181705475,6.265344591140748,2.985002279281616,2858.590612411499,2858.590612411499,greedy,2.985002279281616,0.0,heuristic_recall_pool
935,N14098,observe,-0.23590968549251556,0.730017735958099,-0.23590968549251556,2.9801011085510254,6.261011111736297,0.029801011085510254,0.0034735165536403656,10.140042304992676,2.9801011085510254,6.144910000562668,-0.0250459685921669,-0.12700136005878448,-0.0031365519389510155,128112.4375,54612.0234375,73500.4140625,128106.5859375,54607.3203125,73499.265625,4.567520954879001e-05,8.611885277787223e-05,1.5624911611666903e-05,0.004567520954879001,10.615546554327011,6.266736130714416,0.7754389941692352,6.266736130714416,2.9801011085510254,2861.57071352005,2861.57071352005,greedy,2.9801011085510254,0.0,heuristic_recall_pool
936,N14097,observe,-0.2358006089925766,0.7321313792467115,-0.2358006089925766,2.975914239883423,6.262675103545188,0.02975914239883423,0.0036116912961006165,10.12779426574707,2.975914239883423,6.14640759319067,-0.02494727075099945,-0.12710343301296234,-0.003190879710018635,128106.578125,54607.3125,73499.265625,128101.875,54603.734375,73498.140625,3.6712594010168687e-05,6.552464765263721e-05,1.5306275599868968e-05,0.0036712594010168687,10.608981430530548,6.267908552885055,0.7812000513076782,6.267908552885055,2.975914239883423,2864.5466277599335,2864.5466277599335,greedy,2.975914239883423,0.0,heuristic_recall_pool
937,N14103,observe,-0.235685333609581,0.734023742675781,-0.235685333609581,2.9723145961761475,6.2640608042478565,0.029723145961761475,0.003731541335582733,10.117706298828125,2.9723145961761475,6.147654723823071,-0.024864137172698975,-0.1271870881319046,-0.003235157113522291,128101.875,54603.734375,73498.140625,128098.0546875,54601.0078125,73497.046875,2.9822454962413758e-05,4.993362745153718e-05,1.4881328752380796e-05,0.002982245496241376,10.603607177734375,6.268891134262084,0.7860915064811707,6.268891134262084,2.9723145961761475,2867.5189423561096,2867.5189423561096,greedy,2.9723145961761475,0.0,heuristic_recall_pool
938,N14099,observe,-0.23556701838970184,0.735624324083328,-0.23556701838970184,2.969200611114502,6.26507484614849,0.02969200611114502,0.0038347840309143066,10.109367370605469,2.969200611114502,6.148567361533642,-0.024796850979328156,-0.12724624574184418,-0.003264796454459429,128098.046875,54601.0,73497.046875,128095.1171875,54598.9921875,73496.125,2.287066490680445e-05,3.6772449675481766e-05,1.2543020602606703e-05,0.002287066490680445,10.598882883787155,6.269620358943939,0.7899568974971771,6.269620358943939,2.969200611114502,2870.488142967224,2870.488142967224,greedy,2.969200611114502,0.0,heuristic_recall_pool
939,N14102,observe,-0.23544715344905853,0.7368136316537857,-0.23544715344905853,2.9664976596832275,6.26544522345066,0.029664976596832274,0.003922641277313232,10.102449417114258,2.9664976596832275,6.148900701105594,-0.024749360978603363,-0.1272633820772171,-0.003266111947596073,128095.1171875,54598.9921875,73496.125,128092.734375,54597.5,73495.234375,1.860189877334051e-05,2.7329946533427574e-05,1.2117985534132458e-05,0.0018601898773340508,10.594010978937149,6.269915241003036,0.792300671339035,6.269915241003036,2.9664976596832275,2873.4546406269073,2873.4546406269073,greedy,2.9664976596832275,0.0,heuristic_recall_pool
940,N14101,observe,-0.2353280633687973,0.7378450566530224,-0.2353280633687973,2.964139699935913,6.265744709968567,0.02964139699935913,0.003996983170509338,10.096692085266113,2.964139699935913,6.149170238971711,-0.02470897138118744,-0.12727628648281097,-0.003267478197813034,128092.734375,54597.49609375,73495.234375,128090.84375,54596.43359375,73494.40625,1.4759814803255722e-05,1.9460600015008822e-05,1.1267737136222422e-05,0.0014759814803255722,10.589934647083282,6.270156973600388,0.7943108081817627,6.270156973600388,2.964139699935913,2876.4187803268433,2876.4187803268433,greedy,2.964139699935913,0.0,heuristic_recall_pool
941,N26507,observe,-0.23512838780879974,0.7369588887691496,-0.23512838780879974,2.981679916381836,6.2558449596166605,0.02981679916381836,0.00420796126127243,10.145946502685547,2.981679916381836,6.140260463654995,-0.024804599583148956,-0.126603364944458,-0.003097768872976303,128090.53125,54596.00390625,73494.53125,128100.5,54596.92578125,73503.578125,-7.782581815263256e-05,-1.688539305177983e-05,-0.0001230958878295496,-0.007782581815263256,10.647166460752487,6.263733322620392,0.8014466464519501,6.263733322620392,2.981679916381836,2879.400460243225,2879.400460243225,greedy,2.981679916381836,0.0,heuristic_recall_pool
942,N31722,observe,-0.2349480539560318,0.7386059391498563,-0.2349480539560318,2.970827341079712,6.2648245096206665,0.02970827341079712,0.003921888768672943,10.121258735656738,2.970827341079712,6.148342058658599,-0.024797968566417694,-0.12700876593589783,-0.00321388803422451,128100.828125,54597.359375,73503.46875,128098.1953125,54602.8984375,73495.296875,2.055265758826863e-05,-0.00010145294072572142,0.00011117672693217173,0.002055265758826863,10.61228922009468,6.269599673748017,0.7932246625423431,6.269599673748017,2.970827341079712,2882.371287584305,2882.371287584305,greedy,2.970827341079712,0.0,heuristic_recall_pool
943,N31721,observe,-0.2348649948835373,0.737503579854965,-0.2348649948835373,2.966256856918335,6.265255302190781,0.02966256856918335,0.0039011575281620026,10.108838081359863,2.966256856918335,6.148729771971702,-0.0247422456741333,-0.1271439641714096,-0.0032568424940109253,128098.1875,54602.890625,73495.296875,128096.5625,54602.27734375,73494.28125,1.2685581168625504e-05,1.12316629383713e-05,1.3818911611451767e-05,0.0012685581168625504,10.600870370864868,6.269825365543365,0.7945491671562195,6.269825365543365,2.966256856918335,2885.337544441223,2885.337544441223,greedy,2.966256856918335,0.0,heuristic_recall_pool
944,N14007,observe,-0.23471765220165253,0.7356271243095396,-0.23471765220165253,2.982574701309204,6.254002717137336,0.02982574701309204,0.00411408394575119,10.154155731201172,2.982574701309204,6.138602445423603,-0.024845920503139496,-0.12644915282726288,-0.0030460217967629433,128096.1171875,54601.25,73494.8671875,128105.09375,54601.3671875,73503.7265625,-7.007677049841732e-05,-2.146241968148388e-06,-0.00012054412945872173,-0.007007677049841732,10.652138382196426,6.262482886314391,0.7995905578136444,6.262482886314391,2.982574701309204,2888.3201191425323,2888.3201191425323,greedy,2.982574701309204,0.0,heuristic_recall_pool
945,N31021,observe,-0.23459355533123016,0.7374487513303754,-0.23459355533123016,2.971223831176758,6.263640210032463,0.02971223831176758,0.0038275346159934998,10.127116203308105,2.971223831176758,6.147276189029217,-0.024832770228385925,-0.12688720226287842,-0.0031708674505352974,128105.6171875,54602.4609375,73503.15625,128102.21875,54607.04296875,73495.1796875,2.652840339578688e-05,-8.391620212933049e-05,0.00010851999832084402,0.002652840339578688,10.61506301164627,6.268781615495682,0.7913079857826233,6.268781615495682,2.971223831176758,2891.291342973709,2891.291342973709,greedy,2.971223831176758,0.0,heuristic_recall_pool
946,N14012,observe,-0.23446665704250336,0.7342499399185178,-0.23446665704250336,2.985851287841797,6.25228975713253,0.029858512878417967,0.00399230420589447,10.167192459106445,2.985851287841797,6.137060781419277,-0.024924248456954956,-0.12626175582408905,-0.0029782536439597607,128101.65625,54605.93359375,73495.7265625,128110.7421875,54606.4609375,73504.28125,-7.09275554982014e-05,-9.657261216489132e-06,-0.00011639707372523844,-0.00709275554982014,10.660618901252747,6.261313648223878,0.7958360910415649,6.261313648223878,2.985851287841797,2894.277194261551,2894.277194261551,greedy,2.985851287841797,0.0,heuristic_recall_pool
947,N2250,observe,-0.28308773040771484,-1.191304409503937,-0.28308773040771484,3.2462427616119385,5.650718879699707,0.03246242761611939,0.022099211812019348,10.679580688476562,3.2462427616119385,5.595646991729737,-0.02957930415868759,-0.1384086012840271,-0.0024528787471354008,128111.453125,54607.515625,73503.9375,127942.734375,54475.1015625,73467.6328125,0.0013169684680178761,0.0024248322006314993,0.0004939148784615099,0.13169684680178761,10.967893034219742,5.782652325630187,0.5235254466533661,-5.7130107557773595,3.2462427616119385,2897.523437023163,2897.523437023163,greedy,3.2462427616119385,0.0,heuristic_recall_pool
948,N13992,observe,-0.27190685272216797,0.7607073438167571,-0.27190685272216797,3.261427640914917,6.2778319984674456,0.03261427640914917,0.016503378748893738,10.829605102539062,3.261427640914917,6.160048798620701,-0.027730785310268402,-0.1313643753528595,-0.0027151107788085938,127941.8671875,54473.9609375,73467.90625,127946.796875,54416.18359375,73530.609375,-3.8530681194970384e-05,0.0010606414871290326,-0.0008534764056093991,-0.0038530681194970384,11.31795421242714,6.279027798175811,0.7496796548366547,6.279027798175811,3.261427640914917,2900.7848646640778,2900.7848646640778,greedy,3.261427640914917,0.0,heuristic_recall_pool
949,N7909,observe,-0.2658590078353882,0.7047181844711303,-0.2658590078353882,3.2161757946014404,6.249297887086867,0.032161757946014405,0.012073516845703125,10.799905776977539,3.2161757946014404,6.134368098378181,-0.027825534343719482,-0.12932299077510834,-0.0026389770209789276,127946.859375,54416.2265625,73530.6328125,127999.125,54479.08203125,73520.0390625,-0.00040849478682503104,-0.0011550869094207883,0.00014407260459847748,-0.040849478682503104,11.233528137207031,6.257991437911986,0.7214669585227966,6.257991437911986,3.2161757946014404,2904.001040458679,2904.001040458679,greedy,3.2161757946014404,0.0,heuristic_recall_pool
950,N22516,observe,-0.26194214820861816,0.6984934139251706,-0.26194214820861816,3.178589105606079,6.259138619899749,0.03178589105606079,0.010199829936027527,10.715127944946289,3.178589105606079,6.143224757909774,-0.027524404227733612,-0.1291915625333786,-0.0028017740696668625,127999.75,54480.19921875,73519.546875,128031.75,54517.6484375,73514.1015625,-0.00025000047753565013,-0.0006873913807794452,7.40661853342317e-05,-0.025000047753565013,11.141276627779007,6.264041500091553,0.7209888398647308,6.264041500091553,3.178589105606079,2907.1796295642853,2907.1796295642853,greedy,3.178589105606079,0.0,heuristic_recall_pool
951,N7896,observe,-0.2585980296134949,0.7001484870910644,-0.2585980296134949,3.165560245513916,6.247512596845627,0.03165560245513916,0.008600831031799316,10.678583145141602,3.165560245513916,6.132761337161064,-0.027388066053390503,-0.12837204337120056,-0.0026624994352459908,128031.109375,54516.50390625,73514.609375,128057.578125,54533.61328125,73523.9609375,-0.00020673686231020838,-0.0003138384490739554,-0.00012720686208922416,-0.020673686231020838,11.105336785316467,6.256624927520752,0.7222292423248291,6.256624927520752,3.165560245513916,2910.345189809799,2910.345189809799,greedy,3.165560245513916,0.0,heuristic_recall_pool
952,N7914,observe,-0.2557235360145569,0.7062854564189909,-0.2557235360145569,3.1511170864105225,6.247153154015541,0.03151117086410522,0.0072100721299648285,10.636686325073242,3.1511170864105225,6.132437838613987,-0.02729155868291855,-0.1278960108757019,-0.002590462565422058,128057.53125,54533.5859375,73523.9453125,128077.40625,54549.390625,73528.015625,-0.0001552036846987903,-0.00028981565264984965,-5.5360364058287814e-05,-0.015520368469879031,11.05864754319191,6.256682798862457,0.7177949845790863,6.256682798862457,3.1511170864105225,2913.4963068962097,2913.4963068962097,greedy,3.1511170864105225,0.0,heuristic_recall_pool
953,N7904,observe,-0.2531725764274597,0.7158639621734619,-0.2531725764274597,3.137907028198242,6.247928187251091,0.03137907028198242,0.006055530160665512,10.596663475036621,3.137907028198242,6.1331353685259815,-0.02719154953956604,-0.12752294540405273,-0.002538117580115795,128077.390625,54549.36328125,73528.03125,128091.671875,54560.72265625,73530.9453125,-0.00011150485079269856,-0.00020824027888011187,-3.963199560530484e-05,-0.011150485079269856,11.01541554927826,6.257634401321411,0.7144876718521118,6.257634401321411,3.137907028198242,2916.634213924408,2916.634213924408,greedy,3.137907028198242,0.0,heuristic_recall_pool
954,N25340,observe,-0.25099921226501465,0.7290411126613616,-0.25099921226501465,3.1121714115142822,6.260488906502723,0.03112171411514282,0.0053155869245529175,10.521729469299316,3.1121714115142822,6.144440015852451,-0.02691999077796936,-0.12789706885814667,-0.002712641842663288,128092.078125,54561.71875,73530.359375,128091.6484375,54567.328125,73524.3203125,3.354520458742627e-06,-0.00010280788410454988,8.213019464164972e-05,0.0003354520458742627,10.941901803016663,6.266353409290313,0.7164761424064636,6.266353409290313,3.1121714115142822,2919.7463853359222,2919.7463853359222,greedy,3.1121714115142822,0.0,heuristic_recall_pool
955,N22518,observe,-0.2491215318441391,0.7441502988338469,-0.2491215318441391,3.0935354232788086,6.264915883541107,0.030935354232788086,0.0048211365938186646,10.463613510131836,3.0935354232788086,6.148424295186996,-0.026645787060260773,-0.12799742817878723,-0.002808202989399433,128091.8359375,54567.4609375,73524.375,128088.421875,54565.453125,73522.96875,2.6653240638552234e-05,3.679505243781023e-05,1.912630978040397e-05,0.0026653240638552234,10.892570227384567,6.269920198917389,0.7247085273265839,6.269920198917389,3.0935354232788086,2922.839920759201,2922.839920759201,greedy,3.0935354232788086,0.0,heuristic_recall_pool
956,N19339,observe,-0.24744556844234467,0.7591083055734631,-0.24744556844234467,3.0776114463806152,6.268804961442948,0.030776114463806153,0.004439208656549454,10.414724349975586,3.0776114463806152,6.151924465298653,-0.026407398283481598,-0.1280185729265213,-0.002880981657654047,128088.2890625,54565.40625,73522.8828125,128084.84375,54563.4140625,73521.4296875,2.689795110200066e-05,3.651008228189312e-05,1.9764254830079153e-05,0.002689795110200066,10.851595968008041,6.273133100271226,0.7323441207408905,6.273133100271226,3.0776114463806152,2925.9175322055817,2925.9175322055817,greedy,3.0776114463806152,0.0,heuristic_recall_pool
957,N31492,observe,-0.2459191232919693,0.7727410757541653,-0.2459191232919693,3.063495397567749,6.271556878089904,0.03063495397567749,0.004115775227546692,10.372923851013184,3.063495397567749,6.154401190280914,-0.026200562715530396,-0.12799231708049774,-0.0029386859387159348,128084.7890625,54563.3828125,73521.40625,128082.2265625,54562.4765625,73519.75,2.0006278646178544e-05,1.6609124941169284e-05,2.2527452529175207e-05,0.0020006278646178544,10.816362977027893,6.275550401210785,0.7390485405921936,6.275550401210785,3.063495397567749,2928.9810276031494,2928.9810276031494,greedy,3.063495397567749,0.0,heuristic_recall_pool
958,N29390,observe,-0.24451963603496552,0.7844174623489379,-0.24451963603496552,3.050816774368286,6.273996141552925,0.03050816774368286,0.003827303647994995,10.337032318115234,3.050816774368286,6.156596527397633,-0.026021644473075867,-0.12793296575546265,-0.0029838494956493378,128082.40625,54562.59765625,73519.8125,128080.5078125,54562.5546875,73517.953125,1.4822000593994744e-05,7.875129313106299e-07,2.5290801204391755e-05,0.0014822000593994744,10.785684645175934,6.277673835754395,0.7447978258132935,6.277673835754395,3.050816774368286,2932.0318443775177,2932.0318443775177,greedy,3.050816774368286,0.0,heuristic_recall_pool
959,N19856,observe,-0.2432430237531662,0.7942723596096035,-0.2432430237531662,3.0394279956817627,6.27600879073143,0.03039427995681763,0.003573678433895111,10.306031227111816,3.0394279956817627,6.158407911658287,-0.025865614414215088,-0.12785691022872925,-0.003019939176738262,128080.484375,54562.52734375,73517.953125,128079.234375,54563.265625,73515.96875,9.75948842096841e-06,-1.3530921023630071e-05,2.6991705453838222e-05,0.000975948842096841,10.75889778137207,6.279436304569244,0.749803364276886,6.279436304569244,3.0394279956817627,2935.0712723731995,2935.0712723731995,greedy,3.0394279956817627,0.0,heuristic_recall_pool
960,N25734,observe,-0.24220798909664154,0.7967885267734527,-0.24220798909664154,3.0292880535125732,6.2765181213617325,0.030292880535125733,0.00343472883105278,10.279006958007812,3.0292880535125732,6.158866309225559,-0.025726884603500366,-0.127781480550766,-0.0030513135716319084,128079.234375,54563.26171875,73515.96875,128078.4296875,54564.4296875,73514.0,6.2827321016811766e-06,-2.1405772713478655e-05,2.677989687072113e-05,0.0006282732101681177,10.73560655117035,6.279883372783661,0.7543852925300598,6.279883372783661,3.0292880535125732,2938.100560426712,2938.100560426712,greedy,3.0292880535125732,0.0,heuristic_recall_pool
961,N22339,observe,-0.24130882322788239,0.7963336437940596,-0.24130882322788239,3.020247220993042,6.2765971362590784,0.03020247220993042,0.0033620037138462067,10.255395889282227,3.020247220993042,6.158937422633171,-0.02560342848300934,-0.1277090460062027,-0.0030785677954554558,128078.265625,54564.33984375,73513.921875,128077.875,54565.90234375,73511.96875,3.0498929390887497e-06,-2.8635919079533778e-05,2.656809738255106e-05,0.00030498929390887497,10.715300261974335,6.279912844896316,0.7585679292678833,6.279912844896316,3.020247220993042,2941.120807647705,2941.120807647705,greedy,3.020247220993042,0.0,heuristic_recall_pool
962,N22340,observe,-0.24048934876918793,0.7946828782558439,-0.24048934876918793,3.0121357440948486,6.276499763131142,0.030121357440948487,0.003306124359369278,10.234796524047852,3.0121357440948486,6.158849786818028,-0.025494463741779327,-0.1276370882987976,-0.0031012846156954765,128077.8828125,54565.8984375,73511.984375,128077.6953125,54567.6328125,73510.0625,1.463953026359377e-06,-3.178496262989938e-05,2.614369623188395e-05,0.0001463953026359377,10.697485893964767,6.27977217912674,0.7622866928577423,6.27977217912674,3.0121357440948486,2944.1329433918,2944.1329433918,greedy,3.0121357440948486,0.0,heuristic_recall_pool
963,N27355,observe,-0.2396029680967331,0.7918527185916899,-0.2396029680967331,3.0210089683532715,6.2660889446735375,0.030210089683532716,0.0033431313931941986,10.261918067932129,3.0210089683532715,6.149480050206185,-0.02554621547460556,-0.12686462700366974,-0.0029031140729784966,128077.28125,54567.07421875,73510.203125,128086.9375,54570.08984375,73516.8515625,-7.539393118349835e-05,-5.526455424842425e-05,-9.044237958732992e-05,-0.007539393118349835,10.728305488824844,6.272927339076996,0.7661102116107941,6.272927339076996,3.0210089683532715,2947.153952360153,2947.153952360153,greedy,3.0210089683532715,0.0,heuristic_recall_pool
964,N22342,observe,-0.2388954609632492,0.7827894508838653,-0.2388954609632492,3.0070579051971436,6.271838825941086,0.030070579051971434,0.0030518993735313416,10.229403495788574,3.0070579051971436,6.154654943346977,-0.02548179030418396,-0.1271347552537918,-0.0030098105780780315,128087.3125,54570.6328125,73516.6796875,128087.296875,54578.56640625,73508.734375,1.219870995328165e-07,-0.000145382116897963,0.0001080749643733725,1.219870995328165e-05,10.688282370567322,6.27620630979538,0.7609363198280334,6.27620630979538,3.0070579051971436,2950.1610102653503,2950.1610102653503,greedy,3.0070579051971436,0.0,heuristic_recall_pool
965,N14180,observe,-0.23829762637615204,0.7790273243188854,-0.23829762637615204,2.9987668991088867,6.271716248989105,0.029987668991088866,0.002967528998851776,10.208663940429688,2.9987668991088867,6.154544624090194,-0.025383248925209045,-0.12716688215732574,-0.003048267215490341,128087.3046875,54578.5,73508.8046875,128086.578125,54579.828125,73506.75,5.672400675393874e-06,-2.4334216504939832e-05,2.7951584343099967e-05,0.0005672400675393874,10.66910594701767,6.275949767827988,0.763532817363739,6.275949767827988,2.9987668991088867,2953.1597771644592,2953.1597771644592,greedy,2.9987668991088867,0.0,heuristic_recall_pool
966,N25855,observe,-0.23773716390132904,0.7760063129663466,-0.23773716390132904,2.9919588565826416,6.271518555283546,0.029919588565826417,0.0029164552688598633,10.192472457885742,2.9919588565826416,6.154366699755192,-0.025300152599811554,-0.12714481353759766,-0.003070634324103594,128086.53125,54579.8125,73506.71875,128085.328125,54580.19921875,73505.125,9.393063919560518e-06,-7.085380730131874e-06,2.168169157812372e-05,0.0009393063919560518,10.654416054487228,6.2756797730922695,0.7660925686359406,6.2756797730922695,2.9919588565826416,2956.151736021042,2956.151736021042,greedy,2.9919588565826416,0.0,heuristic_recall_pool
967,N29548,observe,-0.23719553649425507,0.775545875430107,-0.23719553649425507,2.985865354537964,6.276087623834609,0.02985865354537964,0.0028608478605747223,10.178929328918457,2.985865354537964,6.158478861451149,-0.025230973958969116,-0.12709985673427582,-0.003085126169025898,128085.046875,54579.87890625,73505.1640625,128084.2734375,54580.671875,73503.6015625,6.0384682001313195e-06,-1.4528591236739885e-05,2.1257010303088464e-05,0.000603846820013132,10.64169728755951,6.27860347867012,0.7681012749671936,6.27860347867012,2.985865354537964,2959.13760137558,2959.13760137558,greedy,2.985865354537964,0.0,heuristic_recall_pool
968,N19723,observe,-0.2366763800382614,0.7733710289001463,-0.2366763800382614,2.980424404144287,6.275745278596878,0.02980424404144287,0.0027918443083763123,10.167753219604492,2.980424404144287,6.15817075073719,-0.02517317235469818,-0.12703177332878113,-0.003091207705438137,128084.515625,54581.015625,73503.5,128083.609375,54581.55859375,73502.0546875,7.07540630173753e-06,-9.947941180143971e-06,1.966317904589232e-05,0.000707540630173753,10.630860388278961,6.27828016281128,0.7697271704673767,6.27828016281128,2.980424404144287,2962.118025779724,2962.118025779724,greedy,2.980424404144287,0.0,heuristic_recall_pool
969,N26100,observe,-0.2361789494752884,0.7711539030075072,-0.2361789494752884,2.975351095199585,6.2752755045890805,0.02975351095199585,0.002712331712245941,10.157981872558594,2.975351095199585,6.157747954130173,-0.025125592947006226,-0.12695923447608948,-0.003093740902841091,128083.71875,54581.55078125,73502.1640625,128083.40625,54582.59765625,73500.8046875,2.4398104869760573e-06,-1.9180015442543663e-05,1.8494352843845263e-05,0.00024398104869760573,10.620773673057556,6.277872705459595,0.7707739472389221,6.277872705459595,2.975351095199585,2965.0933768749237,2965.0933768749237,greedy,2.975351095199585,0.0,heuristic_recall_pool
970,N26108,observe,-0.23572249710559845,0.7657600432634353,-0.23572249710559845,2.970834493637085,6.274391639232635,0.02970834493637085,0.0026402845978736877,10.149544715881348,2.970834493637085,6.156952475309372,-0.025083690881729126,-0.12688741087913513,-0.0030941269360482693,128083.3828125,54582.5859375,73500.796875,128083.1484375,54583.5703125,73499.578125,1.8298626400792273e-06,-1.8034597815130837e-05,1.658145265537314e-05,0.00018298626400792273,10.61201012134552,6.277048405408859,0.7717257142066956,6.277048405408859,2.970834493637085,2968.064211368561,2968.064211368561,greedy,2.970834493637085,0.0,heuristic_recall_pool
971,N26106,observe,-0.23516882956027985,0.7644532203674315,-0.23516882956027985,2.9736809730529785,6.269723054766654,0.029736809730529785,0.0026080645620822906,10.161989212036133,2.9736809730529785,6.152750749289989,-0.02511068433523178,-0.12645351886749268,-0.0029900288209319115,128083.1640625,54583.578125,73499.5859375,128086.8359375,54584.6171875,73502.21875,-2.8667896913248114e-05,-1.9036173398490064e-05,-3.5820779885398224e-05,-0.0028667896913248114,10.624601751565933,6.273977155685425,0.7728491127490997,6.273977155685425,2.9736809730529785,2971.0378923416138,2971.0378923416138,greedy,2.9736809730529785,0.0,heuristic_recall_pool
972,N26104,observe,-0.23463787138462067,0.7580819219350814,-0.23463787138462067,2.972973585128784,6.267697569727898,0.029729735851287842,0.002464752644300461,10.16627025604248,2.972973585128784,6.150927812755108,-0.025150209665298462,-0.12621308863162994,-0.0029357722960412502,128086.8359375,54584.609375,73502.2265625,128091.5703125,54589.734375,73501.8359375,-3.696222847793251e-05,-9.389093611389399e-05,5.31446494278498e-06,-0.0036962228477932513,10.624222874641418,6.272370792627334,0.76978999376297,6.272370792627334,2.972973585128784,2974.0108659267426,2974.0108659267426,greedy,2.972973585128784,0.0,heuristic_recall_pool
973,N27362,observe,-0.23428238928318024,0.74130141377449,-0.23428238928318024,2.9841418266296387,6.258586630225182,0.029841418266296386,0.0024672746658325195,10.200794219970703,2.9841418266296387,6.142727967202664,-0.02526414394378662,-0.12566278874874115,-0.0027662403881549835,128091.1015625,54589.203125,73501.8984375,128101.359375,54594.01171875,73507.34375,-8.008216536836699e-05,-8.808690472505987e-05,-7.408396777464077e-05,-0.008008216536836699,10.65852165222168,6.26570564031601,0.7698196172714233,6.26570564031601,2.9841418266296387,2976.995007753372,2976.995007753372,greedy,2.9841418266296387,0.0,heuristic_recall_pool
974,N26102,observe,-0.23382876813411713,0.7349439716339108,-0.23382876813411713,2.977396249771118,6.2610902130603785,0.029773962497711182,0.00207626074552536,10.191207885742188,2.977396249771118,6.144981191754341,-0.025316357612609863,-0.12573418021202087,-0.0027805818244814873,128101.8046875,54594.53125,73507.2734375,128102.953125,54600.01953125,73502.9296875,-8.965037523012143e-06,-0.00010052804282167926,5.909279207116924e-05,-0.0008965037523012143,10.63696837425232,6.267019577026367,0.7605152726173401,6.267019577026367,2.977396249771118,2979.9724040031433,2979.9724040031433,greedy,2.977396249771118,0.0,heuristic_recall_pool
975,N26112,observe,-0.2334585040807724,0.7196488255262372,-0.2334585040807724,2.967654228210449,6.262087196111679,0.029676542282104493,0.0017546191811561584,10.171111106872559,2.967654228210449,6.145878476500511,-0.025280959904193878,-0.1258958876132965,-0.00283600389957428,128102.9375,54600.01171875,73502.921875,128101.3046875,54602.1640625,73499.140625,1.2746097127092071e-05,-3.9420207031071186e-05,5.144353417563252e-05,0.001274609712709207,10.61066934466362,6.266940547227859,0.7565953433513641,6.266940547227859,2.967654228210449,2982.9400582313538,2982.9400582313538,greedy,2.967654228210449,0.0,heuristic_recall_pool
976,N26110,observe,-0.2329239398241043,0.707569655179977,-0.2329239398241043,2.9678070545196533,6.255842167139053,0.029678070545196535,0.0015604980289936066,10.178568840026855,2.9678070545196533,6.1402579504251475,-0.025307536125183105,-0.12550486624240875,-0.00273923110216856,128101.296875,54602.15625,73499.140625,128102.4453125,54600.7734375,73501.671875,-8.965072993305512e-06,2.5325236492790282e-05,-3.443917739787139e-05,-0.0008965072993305512,10.615622282028198,6.262344734668732,0.7558403611183167,6.262344734668732,2.9678070545196533,2985.9078652858734,2985.9078652858734,greedy,2.9678070545196533,0.0,heuristic_recall_pool
977,N31007,observe,-0.2323807328939438,0.6890790218114851,-0.2323807328939438,2.9580352306365967,6.255748438835144,0.029580352306365968,0.001071695238351822,10.16467571258545,2.9580352306365967,6.140173594951629,-0.02531597763299942,-0.12551850080490112,-0.002753638196736574,128102.3515625,54600.78125,73501.5703125,128099.78125,54601.96484375,73497.8125,2.0064522686880082e-05,-2.1677231416106224e-05,5.112560756970197e-05,0.002006452268688008,10.591113179922104,6.261411796808242,0.7490799725055695,6.261411796808242,2.9580352306365967,2988.86590051651,2988.86590051651,greedy,2.9580352306365967,0.0,heuristic_recall_pool
978,N25283,observe,-0.2321711629629135,0.6601822590827939,-0.2321711629629135,2.9532930850982666,6.253118631243705,0.029532930850982665,0.0009894892573356628,10.154462814331055,2.9532930850982666,6.137806768119335,-0.025265537202358246,-0.1255573332309723,-0.00277594942599535,128099.765625,54601.96484375,73497.796875,128096.515625,54599.6875,73496.828125,2.5370851290063e-05,4.1708091885084286e-05,1.3180667338019703e-05,0.0025370851290063,10.581202179193497,6.258352952003479,0.7503852546215057,6.258352952003479,2.9532930850982666,2991.8191936016083,2991.8191936016083,greedy,2.9532930850982666,0.0,heuristic_recall_pool
979,N28993,observe,-0.23207615315914154,0.6933445507287976,-0.23207615315914154,2.950115919113159,6.260042762756347,0.029501159191131592,0.0010353177785873413,10.145795822143555,2.950115919113159,6.144038486480713,-0.025209039449691772,-0.1256197988986969,-0.0028054402209818363,128096.546875,54599.63671875,73496.9140625,128093.5625,54597.55078125,73496.0078125,2.3297856387216598e-05,3.820423808065243e-05,1.2330449862929527e-05,0.0023297856387216598,10.575007796287537,6.264381393194198,0.7530739903450012,6.264381393194198,2.950115919113159,2994.7693095207214,2994.7693095207214,greedy,2.950115919113159,0.0,heuristic_recall_pool
980,N29009,observe,-0.23198185861110687,0.6964690446853636,-0.23198185861110687,2.947445869445801,6.260716262459755,0.029474458694458007,0.0010847114026546478,10.138614654541016,2.947445869445801,6.144644636213779,-0.02516036480665207,-0.12566520273685455,-0.0028297491371631622,128093.578125,54597.578125,73496.0,128091.3359375,54596.1640625,73495.171875,1.7504293282399885e-05,2.5899729735101573e-05,1.1267619811405893e-05,0.0017504293282399885,10.57002404332161,6.264962997436523,0.7554786503314972,6.264962997436523,2.947445869445801,2997.7167553901672,2997.7167553901672,greedy,2.947445869445801,0.0,heuristic_recall_pool
981,N2217,observe,-0.2320859581232071,0.6873458898067473,-0.2320859581232071,2.965646743774414,6.251630860567093,0.029656467437744142,0.0015589408576488495,10.182171821594238,2.965646743774414,6.1364677745103835,-0.025227129459381104,-0.1250975877046585,-0.00265753036364913,128090.7265625,54595.0546875,73495.671875,128099.609375,54595.421875,73504.1875,-6.934782140888274e-05,-6.725655111949891e-06,-0.00011586566688492894,-0.006934782140888274,10.625105619430542,6.258675634860992,0.7642416954040527,6.258675634860992,2.965646743774414,3000.6824021339417,3000.6824021339417,greedy,2.965646743774414,0.0,heuristic_recall_pool
982,N24799,observe,-0.23185254633426666,0.680695952773094,-0.23185254633426666,2.9543869495391846,6.259378439188003,0.029543869495391846,0.0011968165636062622,10.15770435333252,2.9543869495391846,6.143440595269203,-0.025231249630451202,-0.12545470893383026,-0.002761212643235922,128100.140625,54596.53125,73503.609375,128097.71875,54602.06640625,73495.65625,1.8906106561189517e-05,-0.00010138293146155775,0.00010820046736625955,0.0018906106561189517,10.588966339826584,6.263356291055679,0.7548978626728058,6.263356291055679,2.9543869495391846,3003.636789083481,3003.636789083481,greedy,2.9543869495391846,0.0,heuristic_recall_pool
983,N31845,observe,-0.2317364662885666,0.6869042825698852,-0.2317364662885666,2.9494497776031494,6.259785121679306,0.029494497776031494,0.0011216625571250916,10.145076751708984,2.9494497776031494,6.143806609511375,-0.025182344019412994,-0.12556049227714539,-0.002797528635710478,128097.90625,54602.1875,73495.71875,128096.171875,54601.46875,73494.703125,1.3539448445953894e-05,1.3163392395654228e-05,1.3818832485412713e-05,0.0013539448445953894,10.576292127370834,6.263911409378052,0.755397230386734,6.263911409378052,2.9494497776031494,3006.586238861084,3006.586238861084,greedy,2.9494497776031494,0.0,heuristic_recall_pool
984,N24797,observe,-0.23166267573833466,0.6909827065467833,-0.23166267573833466,2.9461793899536133,6.260265502333641,0.029461793899536133,0.0011339075863361359,10.136259078979492,2.9461793899536133,6.1442389521002765,-0.025136500597000122,-0.12562373280525208,-0.0028242403641343117,128095.9609375,54601.3359375,73494.625,128093.65625,54599.63671875,73494.0234375,1.799188248696737e-05,3.112046033493243e-05,8.18512216937961e-06,0.001799188248696737,10.568788409233093,6.264413533210755,0.7569595575332642,6.264413533210755,2.9461793899536133,3009.5324182510376,3009.5324182510376,greedy,2.9461793899536133,0.0,heuristic_recall_pool
985,N24798,observe,-0.23159430921077728,0.6939199417829511,-0.23159430921077728,2.943639039993286,6.260830497741699,0.02943639039993286,0.0011640749871730804,10.129495620727539,2.943639039993286,6.144747447967529,-0.02509649097919464,-0.12566544115543365,-0.0028457725420594215,128093.6640625,54599.6328125,73494.03125,128091.609375,54598.19921875,73493.40625,1.604050885362085e-05,2.625647175591439e-05,8.504091965733096e-06,0.001604050885362085,10.563485562801361,6.264916354417801,0.7586345672607422,6.264916354417801,2.943639039993286,3012.476057291031,3012.476057291031,greedy,2.943639039993286,0.0,heuristic_recall_pool
986,N28491,observe,-0.2315257042646408,0.6659966367483137,-0.2315257042646408,2.941542387008667,6.25830300450325,0.02941542387008667,0.0011956281960010529,10.124099731445312,2.941542387008667,6.142472704052925,-0.025062181055545807,-0.1256933957338333,-0.002863100729882717,128091.578125,54598.19140625,73493.390625,128089.90625,54597.07421875,73492.828125,1.3052184840489645e-05,2.046198642347008e-05,7.653749889868777e-06,0.0013052184840489645,10.559424012899399,6.261969400644302,0.7601924240589142,6.261969400644302,2.941542387008667,3015.4175996780396,3015.4175996780396,greedy,2.941542387008667,0.0,heuristic_recall_pool
987,N31720,observe,-0.23145662248134613,0.667309448122978,-0.23145662248134613,2.939768075942993,6.258679518103599,0.02939768075942993,0.0012247487902641296,10.119731903076172,2.939768075942993,6.142811566293239,-0.025033093988895416,-0.12571227550506592,-0.002876912709325552,128089.859375,54597.01171875,73492.8515625,128088.5703125,54596.28125,73492.2890625,1.0063736226584297e-05,1.3379280972003471e-05,7.653805369045585e-06,0.0010063736226584297,10.556190580129623,6.262274066209793,0.7615655958652496,6.262274066209793,2.939768075942993,3018.3573677539825,3018.3573677539825,greedy,2.939768075942993,0.0,heuristic_recall_pool
988,N31006,observe,-0.23138724267482758,0.6683138042688368,-0.23138724267482758,2.9382317066192627,6.258987388014793,0.029382317066192626,0.0012485906481742859,10.116127014160156,2.9382317066192627,6.143088649213314,-0.025008559226989746,-0.12572473287582397,-0.0028877821750938892,128088.609375,54596.33984375,73492.265625,128087.515625,54595.80859375,73491.703125,8.539011105312966e-06,9.730505553307012e-06,7.653866305190604e-06,0.0008539011105312966,10.553502798080444,6.262519925832748,0.7627337574958801,6.262519925832748,2.9382317066192627,3021.295599460602,3021.295599460602,greedy,2.9382317066192627,0.0,heuristic_recall_pool
989,N24800,observe,-0.23131947219371796,0.6690774363279341,-0.23131947219371796,2.9368886947631836,6.259229123592377,0.029368886947631834,0.0012674182653427124,10.113115310668945,2.9368886947631836,6.1433062112331385,-0.02498798817396164,-0.12573234736919403,-0.0028961999341845512,128087.4921875,54595.796875,73491.6953125,128086.7421875,54595.4453125,73491.296875,5.8553728194965515e-06,6.439369371946668e-06,5.42153111382504e-06,0.0005855372819496552,10.551205188035965,6.26271179318428,0.7637021839618683,6.26271179318428,2.9368886947631836,3024.232488155365,3024.232488155365,greedy,2.9368886947631836,0.0,heuristic_recall_pool
990,N28489,observe,-0.23125331103801727,0.6697154998779296,-0.23125331103801727,2.9357128143310547,6.259420418739318,0.029357128143310547,0.0012818463146686554,10.110596656799316,2.9357128143310547,6.143478376865387,-0.02497076243162155,-0.12573634088039398,-0.002902623265981674,128086.734375,54595.4375,73491.296875,128086.046875,54595.203125,73490.84375,5.36745665158378e-06,4.292940957384417e-06,6.165696049720282e-06,0.000536745665158378,10.549233227968216,6.262865219116211,0.7645011246204376,6.262865219116211,2.9357128143310547,3027.168200969696,3027.168200969696,greedy,2.9357128143310547,0.0,heuristic_recall_pool
991,N28490,observe,-0.2311897724866867,0.6758811724185942,-0.2311897724866867,2.9346797466278076,6.260127687454223,0.029346797466278076,0.0012934207916259766,10.108481407165527,2.9346797466278076,6.144114918708801,-0.024956360459327698,-0.12573765218257904,-0.0029074307531118393,128086.0546875,54595.203125,73490.8515625,128085.640625,54595.140625,73490.5,3.232690005461336e-06,1.1447891665739007e-06,4.783758868143195e-06,0.0003232690005461336,10.547525107860565,6.263612096309661,0.765154242515564,6.263612096309661,2.9346797466278076,3030.102880716324,3030.102880716324,greedy,2.9346797466278076,0.0,heuristic_recall_pool
992,N28492,observe,-0.23112939298152924,0.683809658885002,-0.23112939298152924,2.9337708950042725,6.260991331934928,0.029337708950042726,0.0013019479811191559,10.106691360473633,2.9337708950042725,6.144892198741436,-0.024944327771663666,-0.1257369965314865,-0.0029109767638146877,128085.609375,54595.12890625,73490.484375,128085.2109375,54595.0546875,73490.15625,3.1107124414120335e-06,1.3594390111393295e-06,4.464863650355255e-06,0.00031107124414120335,10.546029478311539,6.2645429623126985,0.7656827867031097,6.2645429623126985,2.9337708950042725,3033.036651611328,3033.036651611328,greedy,2.9337708950042725,0.0,heuristic_recall_pool
993,N25282,observe,-0.23107998073101044,0.689663424491882,-0.23107998073101044,2.9330148696899414,6.261672762036323,0.029330148696899414,0.001315571367740631,10.105110168457031,2.9330148696899414,6.145505485832691,-0.024933211505413055,-0.12573888897895813,-0.002914631273597479,128085.2265625,54595.0546875,73490.171875,128084.9375,54595.05859375,73489.875,2.256798097732826e-06,-7.154952186283481e-08,4.039655777887674e-06,0.00022567980977328261,10.544803887605667,6.265258464813233,0.7662101089954376,6.265258464813233,2.9330148696899414,3035.969666481018,3035.969666481018,greedy,2.9330148696899414,0.0,heuristic_recall_pool
994,N2226,observe,-0.23124320805072784,0.6693691861629485,-0.23124320805072784,2.953127861022949,6.250927802920342,0.029531278610229493,0.0017448700964450836,10.154258728027344,2.953127861022949,6.135835022628307,-0.025032833218574524,-0.12513910233974457,-0.0027247765101492405,128084.2890625,54593.8671875,73490.421875,128094.390625,54594.828125,73499.5625,-7.886652019806206e-05,-1.7601565559743904e-05,-0.00012437844998203218,-0.007886652019806206,10.60410326719284,6.257374145984649,0.7735633254051208,6.257374145984649,2.953127861022949,3038.922794342041,3038.922794342041,greedy,2.953127861022949,0.0,heuristic_recall_pool
